"TOA5","S1M","CR200X","23673","CR200X.Std.04","CSU_3depths.CR2","4256","Table3"
"TIMESTAMP","RECORD","VWC_1_Avg","EC_1_Avg","T_1_Avg","VWC_2_Avg","EC_2_Avg","T_2_Avg","VWC_3_Avg","EC_3_Avg","T_3_Avg"
"TS","RN","m^3/m^3","dS/m","Deg C","m^3/m^3","dS/m","Deg C","m^3/m^3","dS/m","Deg C"
"","","Avg","Avg","Avg","Avg","Avg","Avg","Avg","Avg","Avg"
"2023-10-10 00:00:00",0,0.1567207,0.179235,15.81612,0.191023,0.3304082,15.30849,0.3400172,0.731178,15.54926
"2023-10-11 00:00:00",1,0.1505718,0.1657743,14.7012,0.1878209,0.3177522,15.17947,0.3395945,0.7299303,15.5817
"2023-10-12 00:00:00",2,0.1435553,0.1531018,15.03311,0.182326,0.2986796,15.39227,0.3387019,0.7289827,15.65233
"2023-10-13 00:00:00",3,0.1396824,0.1431843,13.98067,0.1802869,0.2902794,14.8476,0.339123,0.7243723,15.4031
"2023-10-14 00:00:00",4,0.1362637,0.1357694,13.35913,0.1777516,0.2802734,14.31686,0.338654,0.7154187,14.98328
"2023-10-15 00:00:00",5,0.1323035,0.1265654,12.37071,0.1746406,0.2670299,13.63304,0.3378532,0.7033487,14.47122
"2023-10-16 00:00:00",6,0.1293409,0.1204114,12.1091,0.1713614,0.2538995,13.13607,0.3367587,0.6914468,13.96309
"2023-10-17 00:00:00",7,0.1267518,0.116104,12.51236,0.167539,0.242395,13.18835,0.3352023,0.6857103,13.8154
"2023-10-18 00:00:00",8,0.1237287,0.1112758,12.62832,0.1641256,0.2310663,13.25314,0.3337606,0.6821004,13.80645
"2023-10-19 00:00:00",9,0.1212642,0.1071904,12.78813,0.1608446,0.2208782,13.31012,0.3321345,0.6773545,13.80023
"2023-10-20 00:00:00",10,0.1190356,0.1039793,13.12146,0.1579261,0.2123348,13.47528,0.3302945,0.6736057,13.86364
"2023-10-21 00:00:00",11,0.1168132,0.1002286,13.18625,0.1551738,0.204861,13.58928,0.3281509,0.6702993,13.95761
"2023-10-22 00:00:00",12,0.1143663,0.09588942,12.90593,0.1526468,0.1969304,13.46623,0.3257703,0.6636944,13.91056
"2023-10-23 00:00:00",13,0.1125696,0.09278724,12.79283,0.1504227,0.1902544,13.34921,0.323412,0.6565847,13.8082
"2023-10-24 00:00:00",14,0.1115864,0.09131605,13.02144,0.1490378,0.1858931,13.40892,0.3210867,0.6505057,13.78752
"2023-10-25 00:00:00",15,0.1100545,0.08857359,12.647,0.1479605,0.1821718,13.28834,0.3189366,0.644625,13.75064
"2023-10-26 00:00:00",16,0.1087231,0.08598244,12.24049,0.1469278,0.1783425,12.98454,0.3169124,0.6354925,13.53935
"2023-10-27 00:00:00",17,0.107987,0.0845153,12.0653,0.1463783,0.1764458,12.83064,0.3151629,0.6284673,13.373
"2023-10-28 00:00:00",18,0.1070127,0.08239727,11.46119,0.1461932,0.1747591,12.42455,0.3142539,0.6219454,13.10481
"2023-10-29 00:00:00",19,0.107534,0.08367962,11.96945,0.1462839,0.1753488,12.46143,0.3134406,0.6176919,12.96273
"2023-10-30 00:00:00",20,0.1062608,0.08084639,11.00793,0.146476,0.1754947,12.21189,0.3134486,0.6162586,12.90142
"2023-10-31 00:00:00",21,0.1031497,0.07441396,8.549097,0.1449327,0.1697296,10.67669,0.3132147,0.6019795,11.97344
"2023-11-01 00:00:00",22,0.1023152,0.07261591,7.738281,0.144236,0.1668039,9.673238,0.3131022,0.58816,11.02585
"2023-11-02 00:00:00",23,0.1023132,0.07240813,7.589799,0.143899,0.1662173,9.260881,0.3130199,0.5803251,10.48944
"2023-11-03 00:00:00",24,0.1024916,0.07270189,7.651938,0.1438806,0.1661322,9.056062,0.3130006,0.5757189,10.17208
"2023-11-04 00:00:00",25,0.1033756,0.07438632,8.27875,0.1441434,0.1676768,9.269618,0.3130252,0.5754312,10.13804
"2023-11-05 00:00:00",26,0.1035714,0.07473102,8.401774,0.144397,0.1684462,9.352755,0.3130264,0.575734,10.16534
"2023-11-06 00:00:00",27,0.1040864,0.07587505,8.81066,0.1446511,0.1707337,9.582646,0.3132415,0.5775481,10.25997
"2024-01-05 00:00:00",87,0.1120422,0.08062141,0.09843344,0.1531222,0.2178448,1.20523,0.3165516,0.4943326,2.072559
"2024-01-06 00:00:00",88,0.1128161,0.08253292,0.25056,0.153717,0.2192079,1.292758,0.3168448,0.4950749,2.103536
"2024-01-07 00:00:00",89,0.1135821,0.0840453,0.3330344,0.1539205,0.2207507,1.34525,0.3167982,0.4956969,2.125941
"2024-01-08 00:00:00",90,0.1139558,0.08488971,0.3820273,0.1542202,0.2216203,1.366419,0.3167711,0.4960445,2.130908
"2024-01-09 00:00:00",91,0.1147796,0.08614128,0.4311273,0.1542681,0.2227719,1.386419,0.3167461,0.4963361,2.133327
"2024-01-10 00:00:00",92,0.1149736,0.08645406,0.3218218,0.1547434,0.2237367,1.340882,0.3164947,0.4961769,2.110713
"2024-01-11 00:00:00",93,0.1148145,0.08519458,0.06435009,0.1545293,0.2229818,1.170234,0.316128,0.4946102,1.996315
"2024-01-12 00:00:00",94,0.1151126,0.08623069,0.1136413,0.1548372,0.2229521,1.128083,0.3162048,0.4936624,1.916111
"2024-01-13 00:00:00",95,0.1145279,0.08412722,-0.1041379,0.1547015,0.2229806,1.036317,0.3160521,0.4930174,1.8633
"2024-01-14 00:00:00",96,0.1133784,0.0807832,-0.3080601,0.1547319,0.2218316,0.8514123,0.3156874,0.4907879,1.712162
"2024-01-15 00:00:00",97,0.1146512,0.08418053,-0.01049876,0.1549381,0.2230906,0.9234803,0.315707,0.4905643,1.6818
"2024-01-16 00:00:00",98,0.1156646,0.08681957,0.1765796,0.1553882,0.2248727,1.057304,0.3159781,0.4919602,1.75307
"2024-01-17 00:00:00",99,0.1160746,0.08847975,0.2477606,0.1552953,0.2262678,1.125298,0.3157036,0.4930504,1.807295
"2024-01-18 00:00:00",100,0.1158952,0.0877302,0.1101354,0.1554247,0.2260743,1.045907,0.3155382,0.4926284,1.771156
"2024-01-19 00:00:00",101,0.1161896,0.08792933,0.03598172,0.1556721,0.2260337,0.9823345,0.3156019,0.4918783,1.709628
"2024-01-20 00:00:00",102,0.1166386,0.08912306,0.09790551,0.1559371,0.2267763,0.9928848,0.3156006,0.4918931,1.694861
"2024-01-21 00:00:00",103,0.1171254,0.09030862,0.1724451,0.1560254,0.2275788,1.024408,0.3155754,0.4921866,1.697238
"2024-01-22 00:00:00",104,0.1175741,0.09129549,0.2565053,0.1565347,0.2283129,1.078614,0.315951,0.492855,1.725813
"2024-01-23 00:00:00",105,0.1183981,0.09287532,0.4378507,0.1566638,0.2295152,1.154679,0.3161902,0.4938406,1.769828
"2024-01-24 00:00:00",106,0.1202768,0.09743826,1.319348,0.1574131,0.233797,1.546757,0.3163274,0.4972804,1.969426
"2024-01-25 00:00:00",107,0.1224011,0.1030383,2.384524,0.1588245,0.2419522,2.355066,0.3167394,0.5068284,2.535314
"2024-01-26 00:00:00",108,0.1236395,0.105666,2.651345,0.1595068,0.2464646,2.771381,0.3174338,0.5141789,2.963658
"2024-01-27 00:00:00",109,0.1250009,0.1100976,3.259901,0.1602368,0.2509497,3.180481,0.31768,0.5200279,3.290724
"2024-01-28 00:00:00",110,0.1252098,0.1094779,2.667562,0.1604872,0.2515168,3.169087,0.3177039,0.523344,3.477223
"2024-01-29 00:00:00",111,0.1257831,0.1100513,2.334734,0.1605071,0.2495072,2.869217,0.3175625,0.5208126,3.305258
"2024-01-30 00:00:00",112,0.1270913,0.113002,2.516522,0.1606584,0.2504226,2.889907,0.317558,0.520585,3.274414
"2024-01-31 00:00:00",113,0.1287751,0.1169842,2.868598,0.1611113,0.253033,3.096677,0.3175688,0.5228554,3.394595
"2024-02-01 00:00:00",114,0.1301157,0.11995,2.965684,0.1615146,0.2550769,3.251068,0.3176906,0.5255128,3.539064
"2024-02-02 00:00:00",115,0.1314788,0.123298,3.141017,0.161822,0.2568792,3.366836,0.3179411,0.527462,3.635786
"2024-02-03 00:00:00",116,0.1345715,0.1322457,4.424452,0.1628058,0.2638137,4.031249,0.3180959,0.5340121,3.9997
"2024-02-04 00:00:00",117,0.1361791,0.136088,4.646751,0.1635802,0.2688665,4.494265,0.3187817,0.5424157,4.475795
"2024-02-05 00:00:00",118,0.1367467,0.135793,4.136518,0.1638347,0.2686799,4.413151,0.3186854,0.5447717,4.596223
"2024-02-06 00:00:00",119,0.1372027,0.1355201,3.632406,0.1636044,0.2660854,4.058221,0.3185055,0.5417562,4.40212
"2024-02-07 00:00:00",120,0.1389878,0.1407326,4.218814,0.1642054,0.2690372,4.291818,0.3185311,0.5431544,4.462161
"2024-02-08 00:00:00",121,0.1408446,0.1461547,4.837647,0.1646644,0.2733116,4.676406,0.3188652,0.547963,4.718666
"2024-02-09 00:00:00",122,0.141959,0.1482141,4.818785,0.1651303,0.2755558,4.860289,0.3188507,0.5522255,4.947156
"2024-02-10 00:00:00",123,0.1423293,0.1473325,4.253574,0.1650342,0.2748143,4.720376,0.3190972,0.5527776,4.960325
"2024-02-11 00:00:00",124,0.1420889,0.1442663,3.301085,0.1645947,0.26932,4.059687,0.3186063,0.5464304,4.584036
"2024-02-12 00:00:00",125,0.1425094,0.1431271,2.707316,0.1643145,0.2660469,3.63516,0.318053,0.5407188,4.236332
"2024-02-13 00:00:00",126,0.1430032,0.1431693,2.343626,0.1638736,0.2627786,3.208914,0.3176078,0.5344084,3.85665
"2024-02-14 00:00:00",127,0.1439737,0.1450276,2.292346,0.1639393,0.2618673,3.040238,0.3174396,0.5309898,3.641693
"2024-02-15 00:00:00",128,0.1457351,0.1500523,2.793466,0.1641507,0.2633411,3.135703,0.3175135,0.5302697,3.584203
"2024-02-16 00:00:00",129,0.1479385,0.1566821,3.486054,0.1648372,0.2685718,3.631795,0.3174294,0.5354687,3.873715
"2024-02-17 00:00:00",130,0.1496216,0.1608972,3.784756,0.1652775,0.2713416,3.877665,0.317677,0.5395526,4.094733
"2024-02-18 00:00:00",131,0.1513788,0.16584,4.214137,0.1657469,0.2752414,4.248207,0.3179815,0.5446969,4.377077
"2024-02-19 00:00:00",132,0.1516923,0.1638468,3.506626,0.1657597,0.2734874,4.027639,0.3180448,0.5448932,4.375881
"2024-02-20 00:00:00",133,0.1525143,0.1647632,3.332347,0.1655379,0.2715568,3.776174,0.3177857,0.5420114,4.188877
"2024-02-21 00:00:00",134,0.1544565,0.1715267,4.116557,0.1660037,0.2753738,4.129734,0.3179344,0.5442666,4.303159
"2024-02-22 00:00:00",135,0.1560539,0.1774939,4.795823,0.1667612,0.2803008,4.607703,0.3181989,0.5505065,4.64213
"2024-02-23 00:00:00",136,0.1565689,0.1783307,4.699924,0.1670448,0.2819735,4.756928,0.3185048,0.5548139,4.872098
"2024-02-24 00:00:00",137,0.1568537,0.1783024,4.400564,0.1669136,0.2813491,4.641955,0.318329,0.5550954,4.866784
"2024-02-25 00:00:00",138,0.1570017,0.1782953,4.170033,0.1668831,0.2804362,4.504888,0.3182733,0.5540859,4.792471
"2024-02-26 00:00:00",139,0.1575221,0.1800402,4.298536,0.1669793,0.2804138,4.480284,0.3180016,0.5534399,4.739169
"2024-02-27 00:00:00",140,0.1585656,0.1852989,4.984342,0.1676039,0.2843009,4.855164,0.3183767,0.5571638,4.932487
"2024-02-28 00:00:00",141,0.1596278,0.191861,5.955105,0.168384,0.2911769,5.564396,0.318622,0.5658286,5.402212
"2024-02-29 00:00:00",142,0.1573193,0.1801683,4.139194,0.1675177,0.2843474,4.880513,0.3184578,0.5637227,5.286124
"2024-03-01 00:00:00",143,0.1568832,0.1779961,3.726166,0.1669829,0.2795947,4.347555,0.317781,0.5560948,4.831884
"2024-03-02 00:00:00",144,0.1574704,0.1813039,4.139331,0.1670863,0.2803836,4.381152,0.3176357,0.5543044,4.708491
"2024-03-03 00:00:00",145,0.1590274,0.191183,5.6215,0.1679259,0.2878975,5.125279,0.3180672,0.5610754,5.058755
"2024-03-04 00:00:00",146,0.1592403,0.1925629,5.860657,0.1687192,0.2936711,5.725214,0.3186181,0.5712734,5.631804
"2024-03-05 00:00:00",147,0.1587309,0.1890819,5.22057,0.1683608,0.291447,5.443814,0.3187297,0.5712923,5.613312
"2024-03-06 00:00:00",148,0.1587381,0.1894986,5.1818,0.1684436,0.290978,5.321662,0.3186274,0.5701655,5.516228
"2024-03-07 00:00:00",149,0.1588131,0.1910794,5.427046,0.1686019,0.2926431,5.462484,0.3186167,0.5719852,5.589246
"2024-03-08 00:00:00",150,0.1594782,0.1959069,6.126439,0.1691832,0.2967193,5.863711,0.3190182,0.5765291,5.822244
"2024-03-09 00:00:00",151,0.1596111,0.1977421,6.390588,0.1695241,0.2998732,6.198854,0.3192109,0.5823848,6.127544
"2024-03-10 00:00:00",152,0.1582437,0.1921786,5.566946,0.1689548,0.2965043,5.869703,0.3190708,0.5818007,6.077968
"2024-03-11 00:00:00",153,0.1579385,0.1922692,5.5861,0.1686346,0.2952874,5.751863,0.3187991,0.5798861,5.942301
"2024-03-12 00:00:00",154,0.1584724,0.1958537,6.036506,0.1686613,0.2972406,5.955193,0.3188137,0.5818729,6.021332
"2024-03-13 00:00:00",155,0.16016,0.2023052,6.75631,0.16923,0.30209,6.431984,0.3190887,0.5880174,6.324607
"2024-03-14 00:00:00",156,0.1600997,0.2032203,6.913944,0.1693716,0.3053933,6.743708,0.3195664,0.5940489,6.636437
"2024-03-15 00:00:00",157,0.1591121,0.1981441,6.077547,0.1690319,0.3021816,6.319534,0.319443,0.592158,6.50764
"2024-03-16 00:00:00",158,0.1595058,0.2008761,6.447511,0.1693093,0.3041558,6.443989,0.3194676,0.5928785,6.505292
"2024-03-17 00:00:00",159,0.1588709,0.1985378,6.088808,0.1692685,0.3033172,6.316861,0.3194093,0.5930427,6.490666
"2024-03-18 00:00:00",160,0.1600634,0.2060303,7.165239,0.1697885,0.3076875,6.705113,0.3195987,0.5958989,6.611994
"2024-03-19 00:00:00",161,0.1596331,0.2068047,7.414419,0.1700635,0.3118737,7.139924,0.3199057,0.6035513,7.009017
"2024-03-20 00:00:00",162,0.1588656,0.2068503,7.693473,0.1698355,0.3131835,7.377846,0.3199689,0.6081702,7.237978
"2024-03-21 00:00:00",163,0.1581051,0.2069931,8.146821,0.1696918,0.3151111,7.727596,0.3199837,0.6139527,7.521108
"2024-03-22 00:00:00",164,0.1570277,0.2050269,8.481803,0.1692582,0.3159888,8.042052,0.3200757,0.6198277,7.811623
"2024-03-23 00:00:00",165,0.1559255,0.2017914,8.843365,0.1687979,0.3158967,8.36266,0.3201891,0.6254913,8.101965
"2024-03-24 00:00:00",166,0.1545738,0.1976407,9.401257,0.1681938,0.3154941,8.80419,0.3202068,0.6324033,8.453235
"2024-03-25 00:00:00",167,0.1529163,0.1914895,9.164268,0.1679036,0.3148247,8.97614,0.3203124,0.6379096,8.729383
"2024-03-26 00:00:00",168,0.1511326,0.1834567,8.002458,0.1670171,0.3080879,8.243369,0.3200284,0.6324188,8.393735
"2024-03-27 00:00:00",169,0.1500167,0.1790886,7.808276,0.1663631,0.3046061,8.014917,0.3195569,0.6288591,8.158105
"2024-03-28 00:00:00",170,0.1485083,0.1731795,7.557277,0.1656156,0.2995808,7.782132,0.3189861,0.6259512,7.973679
"2024-03-29 00:00:00",171,0.1470816,0.1681773,8.020615,0.1650231,0.2953061,7.926092,0.3183531,0.62635,7.970348
"2024-03-30 00:00:00",172,0.1467279,0.1680171,9.101918,0.1653914,0.2974562,8.58856,0.318752,0.6336799,8.344413
"2024-03-31 00:00:00",173,0.1454344,0.1640616,9.20275,0.1653093,0.2974357,8.81687,0.3188571,0.6394635,8.624597
"2024-04-01 00:00:00",174,0.1429562,0.1565878,9.203822,0.1649092,0.2930625,9.018678,0.3184159,0.643858,8.854218
"2024-04-02 00:00:00",175,0.1402757,0.1482541,8.765405,0.1641294,0.2850926,8.721457,0.31778,0.6418583,8.733804
"2024-04-03 00:00:00",176,0.1382883,0.1427135,8.896689,0.1636365,0.2781474,8.723021,0.3171885,0.6415294,8.702368
"2024-04-04 00:00:00",177,0.1359318,0.1367769,9.480972,0.1631021,0.2686292,9.048259,0.3162139,0.6444095,8.881231
"2024-04-05 00:00:00",178,0.1325692,0.1287937,10.24475,0.1622443,0.2553556,9.602034,0.3150439,0.6499473,9.266111
"2024-04-06 00:00:00",179,0.1289881,0.1195177,11.0568,0.1608433,0.2394183,10.21455,0.3129995,0.6557599,9.732653
"2024-04-07 00:00:00",180,0.1247092,0.109219,10.13138,0.1592375,0.228239,10.18154,0.3111607,0.6572282,9.991411
"2024-04-08 00:00:00",181,0.1205245,0.1004017,8.563571,0.1566687,0.2134994,9.040172,0.3082322,0.6418433,9.344878
"2024-04-09 00:00:00",182,0.1192736,0.09894228,8.912829,0.1555122,0.2064961,8.993539,0.3052123,0.6333125,9.107135
"2024-04-10 00:00:00",183,0.1180557,0.09731461,9.292721,0.1543997,0.2007376,9.113896,0.3021421,0.6282166,9.111364
"2024-04-11 00:00:00",184,0.1175354,0.09733842,10.31919,0.153474,0.1977344,9.696944,0.2984061,0.6267334,9.428389
"2024-04-12 00:00:00",185,0.1163526,0.09576561,10.97745,0.1524246,0.1952238,10.26131,0.2939947,0.6263521,9.88147
"2024-04-13 00:00:00",186,0.1154113,0.09419961,11.74574,0.1513791,0.1932947,10.82627,0.288368,0.6232919,10.33103
"2024-04-14 00:00:00",187,0.1155502,0.09471051,13.16841,0.1511016,0.1944514,11.77955,0.2821648,0.6215029,11.00314
"2024-04-15 00:00:00",188,0.1144062,0.09277911,13.65858,0.1505533,0.1946671,12.45487,0.2750148,0.6169657,11.6783
"2024-04-16 00:00:00",189,0.1130566,0.09024105,13.57198,0.1504953,0.194974,12.83642,0.2676566,0.6090336,12.1643
"2024-04-17 00:00:00",190,0.1117872,0.08766307,12.95613,0.1496062,0.1917655,12.3847,0.2613757,0.5945515,12.01999
"2024-04-18 00:00:00",191,0.1118604,0.08810768,13.57198,0.1493933,0.1921577,12.734,0.25389,0.5822458,12.21129
"2024-04-19 00:00:00",192,0.1122254,0.08878394,14.38233,0.149396,0.1935986,13.31625,0.2458628,0.5706227,12.63274
"2024-04-20 00:00:00",193,0.1123455,0.08910945,15.11142,0.149561,0.1950533,13.92715,0.2379375,0.5592713,13.13591
"2024-04-21 00:00:00",194,0.232676,0.3334045,16.18349,0.2293226,0.4338539,15.09851,0.2876374,0.7361696,14.07603
"2024-04-22 00:00:00",195,0.3471895,0.4641153,15.21295,0.3238494,0.5873399,14.96841,0.3751141,0.9149636,14.51131
"2024-04-23 00:00:00",196,0.3285866,0.4393415,14.7145,0.3054586,0.5435674,14.4159,0.3679757,0.8631343,14.05202
"2024-04-24 00:00:00",197,0.3132807,0.428313,15.23364,0.2959741,0.5330798,14.54386,0.362787,0.8373185,14.04286
"2024-04-25 00:00:00",198,0.2995093,0.413534,15.28543,0.2872222,0.5260075,14.69531,0.3588944,0.823504,14.2152
"2024-04-26 00:00:00",199,0.2882816,0.3989407,14.99907,0.2802986,0.5200072,14.74586,0.3558949,0.8140385,14.33593
"2024-04-27 00:00:00",200,0.2797661,0.3806807,14.03268,0.2747212,0.5067234,14.11077,0.3531432,0.7975308,13.98765
"2024-04-28 00:00:00",201,0.2753186,0.3657274,12.94335,0.2714903,0.494611,13.33639,0.3513122,0.77978,13.46857
"2024-04-29 00:00:00",202,0.2740474,0.3637932,12.70573,0.2686763,0.4857731,12.79432,0.3494834,0.7628316,12.92186
"2024-04-30 00:00:00",203,0.272308,0.3722321,13.5453,0.2654667,0.4869899,13.14684,0.3479818,0.7586845,12.96627
"2024-05-01 00:00:00",204,0.2663057,0.3746106,14.45865,0.2614421,0.489449,13.764,0.3466972,0.761634,13.33663
"2024-05-02 00:00:00",205,0.2567028,0.3635516,14.5103,0.2565911,0.4867942,14.09112,0.3455587,0.7646664,13.69
"2024-05-03 00:00:00",206,0.2453616,0.3443335,13.89771,0.2502978,0.4728833,13.71515,0.3438921,0.757586,13.54855
"2024-05-04 00:00:00",207,0.2339383,0.3321351,14.2712,0.2432508,0.4633551,13.83131,0.3420548,0.7533971,13.5435
"2024-05-05 00:00:00",208,0.2211494,0.3165887,14.64176,0.235644,0.4527812,14.05433,0.3402645,0.7522349,13.69545
"2024-05-06 00:00:00",209,0.2075502,0.2987189,15.28975,0.2281396,0.4451633,14.6537,0.3388799,0.7566845,14.11289
"2024-05-07 00:00:00",210,0.1935375,0.2636794,13.82972,0.2205742,0.4243762,14.08504,0.3374962,0.7508904,13.99639
"2024-05-08 00:00:00",211,0.1819686,0.2379744,13.2147,0.2126895,0.4009618,13.36096,0.3350907,0.736302,13.44475
"2024-05-09 00:00:00",212,0.1713191,0.2165786,13.28458,0.2046334,0.3813706,13.25981,0.3328233,0.7285668,13.2576
"2024-05-10 00:00:00",213,0.1629004,0.1981837,14.12246,0.1969223,0.3639741,13.59548,0.3305762,0.7260152,13.34154
"2024-05-11 00:00:00",214,0.1545894,0.17837,14.22875,0.1901592,0.347819,14.0044,0.3287532,0.7283989,13.70394
"2024-05-12 00:00:00",215,0.1473774,0.1612247,13.31039,0.1842625,0.3253761,13.39331,0.3263982,0.7191315,13.41395
"2024-05-13 00:00:00",216,0.2782757,0.3482399,14.68542,0.2664405,0.4477958,13.98573,0.3567872,0.7543393,13.54294
"2024-05-14 00:00:00",217,0.3479772,0.4316708,15.3266,0.318874,0.4754833,14.51729,0.3749976,0.6771683,13.99402
"2024-05-15 00:00:00",218,0.3309025,0.4284749,15.95741,0.3076108,0.4707486,15.0836,0.3685533,0.6620828,14.42368
"2024-05-16 00:00:00",219,0.3226335,0.4252767,15.79518,0.3015282,0.4707543,15.1808,0.3650376,0.6556478,14.68406
"2024-05-17 00:00:00",220,0.3111529,0.4199013,16.06494,0.2946814,0.4683776,15.35708,0.3620716,0.6503148,14.85097
"2024-05-18 00:00:00",221,0.2977593,0.4103975,16.4506,0.2868175,0.4648421,15.71578,0.3593674,0.6488737,15.14482
"2024-05-19 00:00:00",222,0.2847314,0.3988643,16.77771,0.2794549,0.4598788,16.03021,0.3571242,0.649026,15.43064
"2024-05-20 00:00:00",223,0.271235,0.3870211,17.33971,0.2713965,0.4522566,16.36028,0.3547933,0.6489267,15.68918
"2024-05-21 00:00:00",224,0.2542364,0.3676566,17.62236,0.2621695,0.4429977,16.79273,0.3527277,0.6516891,16.09117
"2024-05-22 00:00:00",225,0.2392741,0.3413593,16.90538,0.2543977,0.4294013,16.58363,0.3513983,0.6498359,16.13197
"2024-05-23 00:00:00",226,0.2250991,0.313559,15.93251,0.2461676,0.4108161,15.83172,0.3492911,0.6403167,15.68815
"2024-05-24 00:00:00",227,0.2080567,0.2855766,16.23505,0.2358047,0.3952961,15.91735,0.3470911,0.6359428,15.59995
"2024-05-25 00:00:00",228,0.1909248,0.2477049,15.46365,0.2332795,0.3794315,15.51157,0.3449832,0.6304879,15.40662
"2024-05-26 00:00:00",229,0.1775005,0.2220145,15.80345,0.2306443,0.3671897,15.49755,0.3430076,0.6257519,15.2512
"2024-05-27 00:00:00",230,0.166611,0.1988157,15.54462,0.2233045,0.3491114,15.29496,0.3414668,0.6220979,15.13442
"2024-05-28 00:00:00",231,0.155264,0.1774576,16.58633,0.2131299,0.3251564,15.78688,0.3386105,0.6211255,15.33009
"2024-05-29 00:00:00",232,0.1433826,0.1561196,17.88051,0.2009634,0.2942473,16.64676,0.3338015,0.6221943,15.88998
"2024-05-30 00:00:00",233,0.1349837,0.138827,18.90077,0.1900375,0.2655624,17.51431,0.3269675,0.6214681,16.58248
"2024-05-31 00:00:00",234,0.1304415,0.1248101,19.464,0.1820333,0.2382128,18.05937,0.3185358,0.614255,17.11072
"2024-06-01 00:00:00",235,0.1290222,0.1197247,19.69429,0.1779077,0.2238207,18.46222,0.3110556,0.6073527,17.54252
"2024-06-02 00:00:00",236,0.1415074,0.1446207,19.89211,0.1746063,0.2148891,18.6042,0.3030284,0.5958906,17.7183
"2024-06-03 00:00:00",237,0.3792746,0.4734154,18.36625,0.349591,0.5588886,18.37345,0.3821969,0.7336862,18.12901
"2024-06-04 00:00:00",238,0.3520776,0.4338721,18.58998,0.3343272,0.5043011,18.16776,0.3743974,0.678036,17.71584
"2024-06-05 00:00:00",239,0.3375413,0.4293948,18.71615,0.3250941,0.4954768,18.07519,0.3693711,0.6612599,17.60223
"2024-06-06 00:00:00",240,0.324082,0.4274716,19.33267,0.3166482,0.4920431,18.42352,0.3658607,0.6542184,17.78794
"2024-06-07 00:00:00",241,0.3114128,0.4268422,20.35988,0.3088895,0.4924215,19.0937,0.3629503,0.654892,18.21632
"2024-06-08 00:00:00",242,0.2974007,0.4161644,20.77561,0.3012517,0.4891439,19.62248,0.3607437,0.6586516,18.69506
"2024-06-09 00:00:00",243,0.2820734,0.4017593,21.17221,0.293238,0.4809327,19.8881,0.3587488,0.6605911,18.95322
"2024-06-10 00:00:00",244,0.2648363,0.3827671,21.68657,0.284914,0.4719266,20.33742,0.3571935,0.6650939,19.32347
"2024-06-11 00:00:00",245,0.2451434,0.3566364,22.10051,0.2760634,0.4600664,20.72608,0.3561002,0.670599,19.67292
"2024-06-12 00:00:00",246,0.2220106,0.3174192,22.67398,0.2652238,0.4435672,21.0982,0.3547363,0.6764758,19.9818
"2024-06-13 00:00:00",247,0.1988468,0.2672681,23.26462,0.2522267,0.4198657,21.63015,0.3530748,0.6846331,20.42056
"2024-06-14 00:00:00",248,0.1737017,0.2125674,23.24203,0.2364969,0.3826229,21.81763,0.3506397,0.6895872,20.70093
"2024-06-15 00:00:00",249,0.1589626,0.1807104,23.29093,0.2228029,0.3487452,22.06018,0.3492953,0.6967093,20.96301
"2024-06-16 00:00:00",250,0.1486387,0.1546793,22.24924,0.2134216,0.3091673,21.33569,0.3467538,0.6923239,20.63284
"2024-06-17 00:00:00",251,0.1406813,0.1365223,22.92841,0.201227,0.2688194,21.63998,0.3413424,0.6891647,20.71215
"2024-06-18 00:00:00",252,0.1349678,0.1248518,23.33791,0.1886128,0.2345044,21.94939,0.3344059,0.6848417,20.94215
"2024-06-19 00:00:00",253,0.1316182,0.1161455,23.30319,0.1800763,0.2133917,22.11146,0.3283423,0.6799364,21.13953
"2024-06-20 00:00:00",254,0.1294786,0.1066472,23.00484,0.1740581,0.1976898,21.88585,0.3251266,0.6837737,21.04927
"2024-06-21 00:00:00",255,0.127958,0.1002136,22.95091,0.1709153,0.1893647,22.04843,0.323431,0.6850453,21.18169
"2024-06-22 00:00:00",256,0.125992,0.09554594,21.68909,0.1699479,0.1857118,21.35805,0.3273348,0.6829449,20.86644
"2024-06-23 00:00:00",257,0.2770163,0.3381008,22.2347,0.2645497,0.3892394,21.27322,0.3624798,0.7315047,20.61155
"2024-06-24 00:00:00",258,0.3651725,0.4874058,22.89333,0.3424484,0.5470605,21.87608,0.3874986,0.7383025,21.03946
"2024-06-25 00:00:00",259,0.3427866,0.4781892,23.05395,0.3279637,0.5353423,22.01674,0.380619,0.7298048,21.17433
"2024-06-26 00:00:00",260,0.3231107,0.461722,23.15673,0.3161758,0.5252981,22.15403,0.3749106,0.7268385,21.34283
"2024-06-27 00:00:00",261,0.3062635,0.4442566,23.27707,0.3068529,0.5169041,22.40732,0.3721862,0.7303222,21.57835
"2024-06-28 00:00:00",262,0.2924842,0.4240941,22.95679,0.2996232,0.5041385,22.17885,0.3701615,0.7299687,21.49756
"2024-06-29 00:00:00",263,0.2807097,0.4078842,22.82295,0.2937457,0.4939561,22.03754,0.3693122,0.7296661,21.41853
"2024-06-30 00:00:00",264,0.2664829,0.393108,23.23692,0.2877117,0.4874748,22.34823,0.36829,0.7343806,21.58669
"2024-07-01 00:00:00",265,0.2511253,0.3711944,23.06716,0.28098,0.4758797,22.28556,0.3676866,0.7363684,21.61705
"2024-07-02 00:00:00",266,0.2409501,0.3586198,23.26791,0.2754084,0.4699955,22.40606,0.367248,0.7394493,21.69376
"2024-07-03 00:00:00",267,0.2262667,0.3308558,23.14604,0.2684771,0.4578644,22.35646,0.3659667,0.7415223,21.71774
"2024-07-04 00:00:00",268,0.2080599,0.2913047,22.83786,0.2596508,0.4387682,22.2181,0.3639532,0.7408203,21.66053
"2024-07-05 00:00:00",269,0.1867664,0.2469457,22.89819,0.2485267,0.4155105,22.16008,0.3610011,0.7383516,21.58064
"2024-07-06 00:00:00",270,0.1675837,0.2036575,23.04218,0.2353613,0.3856015,22.22039,0.3572376,0.7365729,21.59358
"2024-07-07 00:00:00",271,0.1534087,0.1680764,23.18316,0.2186578,0.3408774,22.32027,0.3524441,0.7338762,21.66539
"2024-07-08 00:00:00",272,0.1436937,0.1427561,23.45419,0.2015724,0.2896252,22.48884,0.3452059,0.7272872,21.77772
"2024-07-09 00:00:00",273,0.1376138,0.1227339,23.85981,0.187352,0.2437355,22.74278,0.3356496,0.7158105,21.95154
"2024-07-10 00:00:00",274,0.1338427,0.107137,24.21343,0.1770582,0.2129335,23.03296,0.324247,0.7013405,22.18277
"2024-07-11 00:00:00",275,0.1311452,0.09857182,24.72889,0.1700626,0.1933449,23.40086,0.3089641,0.6774498,22.45469
"2024-07-12 00:00:00",276,0.129368,0.09421423,25.47942,0.1652982,0.1824461,23.91569,0.2876464,0.6390256,22.83002
"2024-07-13 00:00:00",277,0.1273647,0.09050326,25.68431,0.1621297,0.1759329,24.26545,0.2648365,0.5927651,23.19745
"2024-07-14 00:00:00",278,0.1260618,0.08827878,25.95436,0.1598822,0.1719312,24.5683,0.2438821,0.5509601,23.48272
"2024-07-15 00:00:00",279,0.1247943,0.08641633,26.00321,0.1578859,0.1684039,24.66839,0.2258208,0.5166,23.64706
"2024-07-16 00:00:00",280,0.1240411,0.08523633,26.12683,0.1567678,0.1667114,24.88221,0.2128476,0.493504,23.86167
"2024-07-17 00:00:00",281,0.1234718,0.08452924,26.24456,0.1557427,0.1652274,24.94341,0.2038729,0.4769374,23.95115
"2024-07-18 00:00:00",282,0.1230271,0.08413589,26.46544,0.1547961,0.1644687,25.1325,0.1969573,0.4649221,24.12499
"2024-07-19 00:00:00",283,0.1223516,0.08315517,26.48664,0.1539781,0.1637903,25.32706,0.1918683,0.4569358,24.32793
"2024-07-20 00:00:00",284,0.1214264,0.08180601,26.13688,0.1530013,0.1621846,25.12577,0.1885926,0.4513348,24.28408
"2024-07-21 00:00:00",285,0.2463574,0.3400141,27.2579,0.2353276,0.3800448,26.02381,0.2520875,0.6625401,24.8633
"2024-07-22 00:00:00",286,0.3638291,0.5639536,25.85785,0.3421265,0.6381905,25.63863,0.3730796,0.9850665,25.04549
"2024-07-23 00:00:00",287,0.3412136,0.529115,24.52416,0.3288814,0.6047181,24.45145,0.3660505,0.9308849,24.16992
"2024-07-24 00:00:00",288,0.3250045,0.5060826,24.00572,0.3184156,0.5875425,23.90965,0.3610094,0.9038901,23.67373
"2024-07-25 00:00:00",289,0.3103504,0.4883934,23.9969,0.3090609,0.573622,23.67657,0.3565399,0.8906068,23.37201
"2024-07-26 00:00:00",290,0.2943186,0.4701408,24.31729,0.2998304,0.5616078,23.7906,0.3537492,0.8878262,23.33777
"2024-07-27 00:00:00",291,0.2795474,0.4497274,24.60987,0.2914265,0.546055,23.93133,0.3521144,0.8891227,23.39761
"2024-07-28 00:00:00",292,0.2694834,0.4373487,24.9483,0.2860384,0.5376165,24.20322,0.3513562,0.8939111,23.5741
"2024-07-29 00:00:00",293,0.2564112,0.4159229,24.51187,0.2801102,0.5259317,24.07718,0.350371,0.8969082,23.59297
"2024-07-30 00:00:00",294,0.2402082,0.3895436,24.10696,0.2722802,0.5087368,23.77008,0.3489084,0.8960546,23.39554
"2024-07-31 00:00:00",295,0.2213329,0.35704,23.97432,0.2627691,0.4893073,23.61277,0.3469687,0.8947647,23.2418
"2024-08-01 00:00:00",296,0.2011546,0.3158462,24.02761,0.2513693,0.466483,23.55888,0.3448198,0.8956769,23.15631
"2024-08-02 00:00:00",297,0.183423,0.2751532,24.25287,0.2391159,0.4409537,23.6737,0.34253,0.8974234,23.19921
"2024-08-03 00:00:00",298,0.1695915,0.2428785,24.80153,0.2257461,0.4106699,23.99414,0.3391387,0.901363,23.37934
"2024-08-04 00:00:00",299,0.1597605,0.2181982,25.34144,0.2129226,0.3770816,24.39163,0.3345926,0.9062556,23.671
"2024-08-05 00:00:00",300,0.1533962,0.2007954,25.7234,0.1984441,0.3346833,24.80449,0.3299393,0.9092148,24.01351
"2024-08-06 00:00:00",301,0.1488483,0.1855775,25.69215,0.1862992,0.2944696,24.79457,0.3239475,0.9039935,24.10767
"2024-08-07 00:00:00",302,0.1452517,0.1703128,26.38014,0.1765821,0.2593009,25.25428,0.3133639,0.8900975,24.39433
"2024-08-08 00:00:00",303,0.1424317,0.1568554,26.61228,0.1707339,0.2378929,25.59756,0.3020405,0.874131,24.714
"2024-08-09 00:00:00",304,0.1394478,0.1460641,26.21432,0.1665082,0.2229626,25.44762,0.290728,0.8504269,24.73856
"2024-08-10 00:00:00",305,0.1375086,0.1391417,25.99765,0.1638621,0.2141373,25.35259,0.2803972,0.8294979,24.7091
"2024-08-11 00:00:00",306,0.2644467,0.420708,25.98948,0.2485667,0.430515,25.46201,0.3189961,0.9611102,24.8216
"2024-08-12 00:00:00",307,0.3675826,0.6098334,25.54066,0.3640417,0.6395697,25.49409,0.3811412,0.9985756,25.16693
"2024-08-13 00:00:00",308,0.3467975,0.5755653,24.76996,0.3532628,0.6150753,24.71219,0.3720498,0.9522848,24.49113
"2024-08-14 00:00:00",309,0.3458072,0.5829302,24.29571,0.3503226,0.6190839,24.31523,0.3698048,0.9340371,24.13306
"2024-08-15 00:00:00",310,0.3428876,0.582472,23.67128,0.3495028,0.6213343,23.69506,0.3679715,0.9107769,23.64243
"2024-08-16 00:00:00",311,0.3299035,0.5652925,23.59471,0.341158,0.6107019,23.5168,0.3645782,0.8955209,23.39181
"2024-08-17 00:00:00",312,0.3161355,0.5411163,23.45244,0.332022,0.5964801,23.38897,0.3615844,0.888279,23.24322
"2024-08-18 00:00:00",313,0.3020236,0.5110916,22.89335,0.322994,0.578954,23.07703,0.3596042,0.8833765,23.03057
"2024-08-19 00:00:00",314,0.2913772,0.4907862,22.68677,0.3162176,0.5635767,22.6995,0.3581057,0.8771172,22.68796
"2024-08-20 00:00:00",315,0.280118,0.4761327,23.09311,0.3098252,0.5544152,22.83077,0.3565406,0.8776502,22.65341
"2024-08-21 00:00:00",316,0.2656402,0.4549091,23.36175,0.3020736,0.5433043,23.04571,0.3550247,0.8811696,22.77199
"2024-08-22 00:00:00",317,0.2505631,0.4292105,23.43452,0.2941393,0.5299672,23.20017,0.3540699,0.8862549,22.89416
"2024-08-23 00:00:00",318,0.2392464,0.4034397,22.79916,0.2881469,0.515323,22.84811,0.3536054,0.8862799,22.73597
"2024-08-24 00:00:00",319,0.2324227,0.3860416,22.29164,0.2845417,0.5048321,22.41665,0.3539834,0.8822566,22.41167
"2024-08-25 00:00:00",320,0.228069,0.38095,22.01042,0.2817858,0.5005836,22.11175,0.3538375,0.8779678,22.12708
"2024-08-25 00:00:00",320,0.228069,0.38095,22.01042,0.2817858,0.5005836,22.11175,0.3538375,0.8779678,22.12708
"2024-08-25 00:00:00",320,0.228069,0.38095,22.01042,0.2817858,0.5005836,22.11175,0.3538375,0.8779678,22.12708
"2024-08-26 00:00:00",321,0.2258058,0.380577,21.69817,0.2770316,0.4976798,21.9234,0.3531652,0.879144,21.95551
"2024-08-27 00:00:00",322,0.2297708,0.3871852,21.04566,0.2724499,0.4896492,21.38268,0.352273,0.8755824,21.56802
"2024-08-28 00:00:00",323,0.2336919,0.3960299,20.80842,0.2671363,0.4819663,21.12882,0.3508471,0.8746318,21.29873
"2024-08-29 00:00:00",324,0.2298317,0.3908964,20.73411,0.2617198,0.4718842,20.97453,0.3496078,0.8750232,21.10849
"2024-08-30 00:00:00",325,0.2237665,0.3784364,20.66393,0.2563068,0.4601668,20.87324,0.3486362,0.8758904,20.98564
"2024-08-31 00:00:00",326,0.2166409,0.3609926,20.72978,0.251058,0.4483575,20.85868,0.3478239,0.877223,20.91958
"2024-09-01 00:00:00",327,0.205362,0.329179,20.49146,0.2443696,0.4313461,20.72287,0.3462514,0.8778435,20.82756
"2024-09-02 00:00:00",328,0.1934114,0.2985276,20.8815,0.2374279,0.4139151,20.83381,0.3444992,0.8799096,20.80502
"2024-09-03 00:00:00",329,0.1808147,0.2648985,20.91936,0.2296747,0.391543,20.91993,0.342617,0.8833994,20.87999
"2024-09-04 00:00:00",330,0.1684196,0.2322562,20.92782,0.2202889,0.3612331,20.92775,0.3396047,0.8842506,20.88616
"2024-09-05 00:00:00",331,0.1580662,0.2076195,21.63545,0.2095405,0.3253855,21.26219,0.3352545,0.8865429,21.03407
"2024-09-06 00:00:00",332,0.1500085,0.1843893,21.48626,0.1993764,0.2894543,21.40722,0.3310541,0.8919955,21.23464
"2024-09-07 00:00:00",333,0.1440586,0.1630181,21.19172,0.1894078,0.2573848,21.19562,0.325305,0.8888839,21.12913
"2024-09-08 00:00:00",334,0.2510697,0.4047751,21.66216,0.2596917,0.4513704,21.43239,0.3512301,0.9688478,21.20113
"2024-09-09 00:00:00",335,0.3452422,0.5760841,21.43296,0.3450746,0.6386439,21.51492,0.3745684,0.9065691,21.39982
"2024-09-10 00:00:00",336,0.3271786,0.5480838,20.80021,0.3326816,0.6079785,20.99731,0.3664043,0.8648003,21.05287
"2024-09-11 00:00:00",337,0.3128127,0.5320888,20.73993,0.3225713,0.592981,20.81972,0.3612948,0.8432736,20.84991
"2024-09-12 00:00:00",338,0.2996793,0.5136721,20.61705,0.3141493,0.5807523,20.7536,0.3576646,0.8328667,20.77271
"2024-09-13 00:00:00",339,0.2849568,0.4848673,19.94889,0.3055199,0.5620266,20.35515,0.3542565,0.8214058,20.52805
"2024-09-14 00:00:00",340,0.268681,0.4516518,19.14161,0.2964303,0.5385079,19.76156,0.3509903,0.8094864,20.10565
"2024-09-15 00:00:00",341,0.2550437,0.424917,18.53942,0.2885604,0.5182355,19.22356,0.3485202,0.7989112,19.64997
"2024-09-16 00:00:00",342,0.2427005,0.4027792,18.29511,0.2817633,0.5021985,18.93606,0.3464745,0.7919606,19.32743
"2024-09-17 00:00:00",343,0.2315367,0.3839785,18.4421,0.2749985,0.4885021,18.80853,0.3446975,0.7871551,19.10176
"2024-09-18 00:00:00",344,0.2183369,0.3585793,18.70879,0.2670602,0.4751685,18.92872,0.3425136,0.7861569,19.09621
"2024-09-19 00:00:00",345,0.2025154,0.3117396,17.72568,0.2577178,0.4512384,18.44889,0.3399709,0.7802913,18.85907
"2024-09-20 00:00:00",346,0.1884048,0.2735358,17.34414,0.2479975,0.4261634,18.00337,0.33702,0.7710479,18.45285
"2024-09-21 00:00:00",347,0.1750334,0.2420789,17.56569,0.2378433,0.4006197,17.96464,0.3337063,0.765779,18.28633
"2024-09-22 00:00:00",348,0.1635912,0.213834,17.49176,0.2277831,0.3720357,17.99654,0.330685,0.7646726,18.28365
"2024-09-23 00:00:00",349,0.1571385,0.1972944,17.61159,0.2193138,0.3454128,17.88687,0.3293377,0.7633758,18.14495
"2024-09-24 00:00:00",350,0.1506094,0.179877,17.39997,0.2108284,0.3140417,17.82344,0.3266523,0.7615079,18.10345
"2024-09-25 00:00:00",351,0.144675,0.1634933,17.3238,0.2014675,0.2812446,17.71694,0.3225087,0.7558663,17.99275
"2024-09-26 00:00:00",352,0.1403746,0.1486241,17.57544,0.1927119,0.2550417,17.79296,0.3175201,0.7504174,17.97935
"2024-09-27 00:00:00",353,0.1369826,0.134012,17.88827,0.1846753,0.2325754,17.97635,0.311068,0.7441288,18.07483
"2024-09-28 00:00:00",354,0.1339968,0.1220512,18.09673,0.1775139,0.2143776,18.16063,0.3030981,0.7357988,18.2113
"2024-09-29 00:00:00",355,0.1319833,0.1149496,18.48037,0.1718366,0.2002327,18.38013,0.2938614,0.7248242,18.34832
"2024-09-30 00:00:00",356,0.1301223,0.1092054,18.5483,0.167776,0.1906603,18.54569,0.2843741,0.7145785,18.51138
"2024-10-01 00:00:00",357,0.1285997,0.1054748,18.75445,0.164504,0.1836842,18.65076,0.2739822,0.70174,18.58988
"2024-10-02 00:00:00",358,0.1263228,0.1007754,18.40997,0.1615981,0.1776691,18.58682,0.2621281,0.685563,18.62695
"2024-10-03 00:00:00",359,0.1243068,0.09627727,17.76023,0.15884,0.1718091,18.19292,0.250347,0.6653984,18.41081
"2024-10-04 00:00:00",360,0.1228789,0.09349218,17.4667,0.1567872,0.1675335,17.89644,0.2389368,0.6443914,18.15722
"2024-10-05 00:00:00",361,0.1216927,0.09150299,17.28534,0.15536,0.1646194,17.69946,0.2289504,0.6265416,17.96976
"2024-10-06 00:00:00",362,0.1209115,0.09007229,17.21968,0.1541731,0.1627153,17.59097,0.2203279,0.6123932,17.84329
"2024-10-07 00:00:00",363,0.1200298,0.0887301,17.08054,0.1532306,0.1612916,17.48802,0.2135598,0.602492,17.74504
"2024-10-08 00:00:00",364,0.119175,0.08719353,16.79635,0.1522267,0.1597212,17.26505,0.2083987,0.595923,17.57679
"2024-10-09 00:00:00",365,0.1186149,0.08623867,16.69615,0.1515494,0.1588271,17.12953,0.204166,0.5913925,17.43284
"2024-10-10 00:00:00",366,0.118267,0.08579291,16.76067,0.1509514,0.1584602,17.08778,0.2006873,0.5890618,17.34578
"2024-10-11 00:00:00",367,0.1178737,0.08521041,16.75986,0.1507323,0.1582759,17.08014,0.1977699,0.5893275,17.31547
"2024-10-12 00:00:00",368,0.1177124,0.08494529,16.82678,0.1504287,0.1585054,17.09143,0.1959341,0.5921999,17.29375
"2024-10-13 00:00:00",369,0.1172283,0.08410167,16.66416,0.1501295,0.1583926,17.02055,0.1946233,0.5963341,17.25327
"2024-10-14 00:00:00",370,0.116582,0.08293637,16.33345,0.1495523,0.1576814,16.79651,0.1934434,0.5996132,17.10527
"2024-10-15 00:00:00",371,0.1172068,0.08419549,16.88101,0.1497947,0.1590599,16.95634,0.1925432,0.605738,17.09318
"2024-10-16 00:00:00",372,0.1166979,0.08325253,16.67303,0.1497759,0.1596523,16.97556,0.1921981,0.6146859,17.16434
"2024-10-17 00:00:00",373,0.1165298,0.08296537,16.64125,0.1496364,0.1599177,16.90235,0.1919337,0.6215081,17.08909
"2024-10-18 00:00:00",374,0.116866,0.08359081,16.898,0.1497985,0.161461,17.01652,0.1920222,0.631288,17.12744
"2024-10-19 00:00:00",375,0.1157844,0.08082787,15.94658,0.1503354,0.1613767,16.70475,0.1935897,0.6481641,17.04005
"2024-10-20 00:00:00",376,0.1141412,0.07745872,14.57767,0.149969,0.1580966,15.63753,0.1959109,0.6580574,16.33183
"2024-10-21 00:00:00",377,0.1139454,0.07667819,14.19873,0.1503039,0.157631,15.15728,0.1983118,0.6689013,15.82702
"2024-10-22 00:00:00",378,0.11418,0.07658106,14.08382,0.1509386,0.1588705,14.89856,0.2014713,0.6834451,15.51175
"2024-10-23 00:00:00",379,0.1133617,0.07471322,13.35909,0.1509719,0.1583444,14.41676,0.204839,0.695789,15.15653
"2024-10-24 00:00:00",380,0.1133911,0.07412677,13.08918,0.1507352,0.1582074,14.0562,0.2080843,0.7061919,14.78484
"2024-10-25 00:00:00",381,0.1133269,0.07348359,12.75737,0.1505714,0.1583747,13.76224,0.2112642,0.7172665,14.50161
"2024-10-26 00:00:00",382,0.1130838,0.07261826,12.35225,0.1503409,0.1576669,13.4079,0.2139287,0.7260046,14.18965
"2024-10-27 00:00:00",383,0.1129712,0.07201669,12.03171,0.1498582,0.156808,13.08362,0.2161332,0.7326224,13.88474
"2024-10-28 00:00:00",384,0.1129356,0.07185832,11.86189,0.1496199,0.1560756,12.86784,0.2177723,0.7381271,13.64553
"2024-10-29 00:00:00",385,0.1138341,0.07333539,12.29145,0.1496054,0.1572914,12.96862,0.218941,0.7454146,13.57938
"2024-10-30 00:00:00",386,0.1146114,0.07432071,12.60016,0.1502393,0.1602524,13.16436,0.2206514,0.756207,13.66005
"2024-10-31 00:00:00",387,0.1137861,0.07252733,11.86874,0.1504521,0.1614404,12.86032,0.2243047,0.7687868,13.53627
"2024-11-01 00:00:00",388,0.1121873,0.06932859,10.54354,0.1498225,0.1588001,12.00369,0.2280123,0.7737662,12.99409
"2024-11-02 00:00:00",389,0.1112868,0.06747102,9.672433,0.1490275,0.1566001,11.25091,0.2311956,0.7759711,12.35951
"2024-11-03 00:00:00",390,0.110861,0.06652061,9.141697,0.1485043,0.1552767,10.66332,0.2344675,0.7793201,11.79759
"2024-11-04 00:00:00",391,0.1123288,0.06877087,9.87957,0.1492212,0.1581869,10.79975,0.2383589,0.7913693,11.62499
"2024-11-05 00:00:00",392,0.1125195,0.06863646,9.723924,0.149839,0.1606243,10.80508,0.2432024,0.8078788,11.62872
"2024-11-06 00:00:00",393,0.1111049,0.06605273,8.584244,0.1494837,0.1593046,10.1898,0.2472436,0.8153409,11.26914
"2024-11-07 00:00:00",394,0.1108118,0.0652393,8.070696,0.1492774,0.1583503,9.592832,0.2513741,0.8194319,10.74175
"2024-11-08 00:00:00",395,0.1099824,0.06364091,7.324714,0.1487593,0.1573371,9.044908,0.2551138,0.8239191,10.28509
"2024-11-09 00:00:00",396,0.1101144,0.06375107,7.145376,0.1485043,0.157199,8.610401,0.2589065,0.8271905,9.802175
"2024-11-10 00:00:00",397,0.1120766,0.06681033,8.212933,0.1495788,0.1618894,8.997215,0.2634978,0.8422679,9.812691
"2024-11-11 00:00:00",398,0.111702,0.06602678,7.850941,0.1499712,0.1640955,9.005961,0.2677281,0.8568015,9.894014
"2024-11-12 00:00:00",399,0.1113648,0.06523424,7.395812,0.1497078,0.1642706,8.67336,0.2711897,0.8627242,9.657263
"2024-11-13 00:00:00",400,0.1113848,0.06518802,7.194326,0.1498319,0.1650766,8.45067,0.274107,0.8682622,9.430626
"2024-11-14 00:00:00",401,0.1116932,0.06549589,7.18393,0.1499024,0.1666062,8.34937,0.2767568,0.8748637,9.28266
"2024-11-15 00:00:00",402,0.1107196,0.06364052,6.306083,0.1494207,0.1656765,7.857349,0.2790281,0.8760494,8.978522
"2024-11-16 00:00:00",403,0.1108041,0.06376319,6.120547,0.1492776,0.1654855,7.48434,0.2804907,0.8745576,8.592731
"2024-11-17 00:00:00",404,0.1111472,0.06432462,6.172443,0.1496696,0.1673998,7.479239,0.2822741,0.8787211,8.479082
"2024-11-18 00:00:00",405,0.1103823,0.06297223,5.424819,0.1491818,0.166445,6.994364,0.2835695,0.8767474,8.165385
"2024-11-19 00:00:00",406,0.110226,0.06269626,5.083391,0.1490053,0.1660765,6.608256,0.2843736,0.8731173,7.794125
"2024-11-20 00:00:00",407,0.1108568,0.06400029,5.380125,0.1494404,0.1685207,6.654877,0.2856267,0.8754818,7.671661
"2024-11-21 00:00:00",408,0.1092283,0.06139177,4.137558,0.1485516,0.166523,6.00223,0.286038,0.8708683,7.315145
"2024-11-22 00:00:00",409,0.108705,0.06073648,3.602288,0.1481449,0.1648611,5.405099,0.2861863,0.8614932,6.772877
"2024-11-23 00:00:00",410,0.1086894,0.0609112,3.427754,0.1480114,0.1649789,5.099913,0.2868985,0.8563417,6.411805
"2024-11-24 00:00:00",411,0.1089923,0.06168029,3.471971,0.1481885,0.1660407,4.961811,0.2874831,0.8540471,6.185081
"2024-11-25 00:00:00",412,0.1101559,0.0639759,4.108631,0.1485926,0.1694399,5.183778,0.2882316,0.8572321,6.186406
"2024-11-26 00:00:00",413,0.1109207,0.06551275,4.517185,0.1496149,0.1737806,5.532831,0.2895571,0.8652143,6.39931
"2024-11-27 00:00:00",414,0.1120322,0.06719333,4.896685,0.1504718,0.177682,5.786723,0.2911026,0.8716868,6.55396
"2024-11-28 00:00:00",415,0.1130778,0.06990384,4.693603,0.1514681,0.1808606,5.670803,0.2920907,0.8740464,6.526123
"2024-11-29 00:00:00",416,0.1127602,0.06980106,3.980663,0.1513771,0.1816047,5.366158,0.2926522,0.8724745,6.369577
"2024-11-30 00:00:00",417,0.1122189,0.06903227,3.228693,0.150945,0.1799106,4.805796,0.2924219,0.8638785,5.961622
"2024-12-01 00:00:00",418,0.1119273,0.06884692,2.678204,0.150377,0.1786006,4.299338,0.2921942,0.85407,5.52111
"2024-12-02 00:00:00",419,0.1118876,0.06922817,2.324007,0.1502256,0.178165,3.910639,0.291813,0.8463172,5.144106
"2024-12-03 00:00:00",420,0.112435,0.07017704,2.159729,0.1502021,0.1783768,3.650693,0.2917808,0.8393687,4.855855
"2024-12-04 00:00:00",421,0.1129587,0.07141145,2.11981,0.1500588,0.1795132,3.524089,0.2918498,0.8356944,4.67579
"2024-12-05 00:00:00",422,0.1135278,0.07283469,2.162167,0.150343,0.1811175,3.468127,0.2916733,0.8340879,4.564236
"2024-12-06 00:00:00",423,0.1140507,0.07423567,2.208363,0.1505195,0.1831394,3.464045,0.2919266,0.832949,4.51226
"2024-12-07 00:00:00",424,0.1145798,0.07534438,2.168259,0.1509406,0.1849178,3.425512,0.2924778,0.8323669,4.45648
"2024-12-08 00:00:00",425,0.1151165,0.07622917,2.06045,0.1507796,0.1863386,3.337129,0.2921501,0.8309026,4.369413
"2024-12-09 00:00:00",426,0.1156709,0.07712251,1.96836,0.1513342,0.187385,3.224842,0.2925566,0.8281511,4.255075
"2024-12-10 00:00:00",427,0.1160146,0.07806557,1.911289,0.1512521,0.1886817,3.149178,0.2925985,0.8264476,4.159461
"2024-12-11 00:00:00",428,0.1160743,0.07864338,1.692179,0.1511039,0.1899139,3.016191,0.292363,0.8235164,4.053149
"2024-12-12 00:00:00",429,0.1164448,0.07920353,1.362928,0.1510893,0.1900415,2.735182,0.292298,0.8182402,3.825215
"2024-12-13 00:00:00",430,0.1165818,0.08018696,1.122639,0.1509779,0.1909579,2.496409,0.2919201,0.8131016,3.597078
"2024-12-14 00:00:00",431,0.1171858,0.08120838,1.023693,0.1508741,0.1918029,2.332648,0.2918334,0.808692,3.410372
"2024-12-15 00:00:00",432,0.1176825,0.0823929,0.9352248,0.1513829,0.1932384,2.227731,0.2916686,0.8057118,3.28283
"2024-12-16 00:00:00",433,0.1182312,0.08346951,0.9241676,0.1513289,0.1944441,2.153912,0.2917393,0.8032014,3.177464
"2024-12-17 00:00:00",434,0.1187787,0.08451042,0.8871351,0.151368,0.1960288,2.105972,0.291914,0.8015351,3.106644
"2024-12-18 00:00:00",435,0.1192508,0.08543529,0.9282293,0.1517576,0.197257,2.077396,0.2915305,0.7999781,3.045913
"2024-12-19 00:00:00",436,0.1198716,0.08638313,0.9551902,0.1520858,0.1988232,2.08347,0.2914379,0.7993315,3.025957
"2024-12-20 00:00:00",437,0.1199337,0.08730713,0.9609284,0.1521594,0.2002959,2.070168,0.2915357,0.7984521,2.99689
"2024-12-21 00:00:00",438,0.1204681,0.08822274,0.9216899,0.1519831,0.2017888,2.03729,0.2916954,0.7973219,2.959674
"2024-12-22 00:00:00",439,0.1209963,0.08908412,0.8390298,0.1525214,0.2033907,1.967645,0.2919506,0.7955605,2.893961
"2024-12-23 00:00:00",440,0.1211497,0.0899182,0.7647591,0.1523878,0.2047885,1.890259,0.2919826,0.7935687,2.817373
"2024-12-24 00:00:00",441,0.1215608,0.09077729,0.8445346,0.1528088,0.2059419,1.881458,0.2915404,0.7922237,2.767635
"2024-12-25 00:00:00",442,0.1221393,0.09178501,0.9562798,0.1531096,0.2077311,1.959827,0.2920212,0.792663,2.802636
"2024-12-26 00:00:00",443,0.1231731,0.09351032,1.331427,0.153699,0.2100097,2.11735,0.2923,0.7941525,2.879074
"2024-12-27 00:00:00",444,0.1246942,0.09668439,2.031806,0.1547938,0.2153563,2.637804,0.2930885,0.8025253,3.222591
"2024-12-28 00:00:00",445,0.1250714,0.09921026,2.459805,0.1557263,0.2199238,2.973981,0.293855,0.8093206,3.499806
"2024-12-29 00:00:00",446,0.1264032,0.1031189,3.002289,0.1564475,0.2251832,3.333606,0.2943662,0.8157741,3.761967
"2024-12-30 00:00:00",447,0.1272961,0.1051382,3.128095,0.1572181,0.2293529,3.589629,0.2951057,0.8222809,4.021301
"2024-12-31 00:00:00",448,0.1278371,0.1062808,3.084287,0.1573934,0.2316907,3.640229,0.295025,0.8250092,4.118893
"2025-01-01 00:00:00",449,0.1272916,0.1044553,2.363434,0.1572248,0.231129,3.367082,0.29498,0.8222977,4.044063
