"TOA5","S1M","CR200X","23673","CR200X.Std.04","CSU_3depths.CR2","4256","Table2"
"TIMESTAMP","RECORD","BattV_Min","VWC_1_Avg","EC_1_Avg","T_1_Avg","VWC_2_Avg","EC_2_Avg","T_2_Avg","VWC_3_Avg","EC_3_Avg","T_3_Avg"
"TS","RN","Volts","m^3/m^3","dS/m","Deg C","m^3/m^3","dS/m","Deg C","m^3/m^3","dS/m","Deg C"
"","","Min","Avg","Avg","Avg","Avg","Avg","Avg","Avg","Avg","Avg"
"2023-10-10 00:00:00",0,12.92316,0.1567207,0.179235,15.81612,0.191023,0.3304082,15.30849,0.3400172,0.731178,15.54926
"2023-10-10 12:00:00",1,12.76367,0.1539508,0.1716231,14.41334,0.1914354,0.3316303,15.35231,0.340631,0.7344838,15.70897
"2023-10-11 00:00:00",2,13.01046,0.1471947,0.1599258,14.98908,0.1842055,0.3038733,15.0066,0.3385548,0.7253783,15.45443
"2023-10-11 12:00:00",3,12.81487,0.1452585,0.1572262,15.18069,0.1837859,0.304534,15.51691,0.3388913,0.7302218,15.68107
"2023-10-12 00:00:00",4,13.00962,0.1418498,0.1489768,14.88556,0.1808662,0.2928243,15.26758,0.3385109,0.7277417,15.62358
"2023-10-12 12:00:00",5,12.8283,0.1405047,0.1445788,14.01221,0.1812144,0.2939169,15.06822,0.3392907,0.7277884,15.55878
"2023-10-13 00:00:00",6,13.04068,0.1388597,0.1417896,13.94914,0.1793607,0.2866419,14.62703,0.3389543,0.7209563,15.24739
"2023-10-13 12:00:00",7,12.86692,0.1375322,0.1381565,13.31443,0.179458,0.287346,14.56455,0.3392289,0.7201486,15.16436
"2023-10-14 00:00:00",8,12.97353,0.1349942,0.1333822,13.40384,0.1760449,0.2732003,14.06918,0.3380772,0.7106886,14.80221
"2023-10-14 12:00:00",9,12.84258,0.1330779,0.1281102,12.36195,0.1761962,0.2727736,13.94085,0.3384306,0.7086036,14.70018
"2023-10-15 00:00:00",10,12.99116,0.1315292,0.1250206,12.37946,0.1730841,0.2612863,13.32523,0.337275,0.6980951,14.24229
"2023-10-15 12:00:00",11,12.85181,0.1299866,0.1212991,11.70785,0.1733831,0.2610186,13.298,0.3376374,0.6962923,14.13649
"2023-10-16 00:00:00",12,12.97772,0.1286946,0.1195235,12.51034,0.1693397,0.2467809,12.97414,0.3358807,0.6866018,13.78967
"2023-10-16 12:00:00",13,12.83838,0.12754,0.1170395,12.12006,0.1695193,0.2494059,13.28787,0.3360912,0.6891398,13.91116
"2023-10-17 00:00:00",14,12.95842,0.1259637,0.1151687,12.90463,0.1655587,0.2353837,13.08881,0.3343124,0.6822788,13.71964
"2023-10-17 12:00:00",15,12.78633,0.1244754,0.1122267,12.32544,0.1661557,0.2377193,13.40177,0.33472,0.6861072,13.9114
"2023-10-18 00:00:00",16,12.93827,0.1229815,0.1103247,12.93121,0.1620966,0.2244132,13.1045,0.3328008,0.6780925,13.70154
"2023-10-18 12:00:00",17,12.7813,0.1218887,0.1079562,12.46626,0.1627369,0.2270876,13.43824,0.3332227,0.6814401,13.88953
"2023-10-19 00:00:00",18,12.93743,0.1206406,0.1064244,13.11001,0.1589517,0.2146687,13.18201,0.3310483,0.6732695,13.71097
"2023-10-19 12:00:00",19,12.79892,0.1195903,0.1045523,12.7578,0.1598042,0.2176303,13.56102,0.3315066,0.6771711,13.92533
"2023-10-20 00:00:00",20,12.92736,0.1184811,0.1034065,13.48509,0.1560488,0.2070391,13.38952,0.3290808,0.67004,13.80194
"2023-10-20 12:00:00",21,12.77626,0.1173576,0.1010115,12.93781,0.1569166,0.2099867,13.73558,0.3294441,0.674494,14.04286
"2023-10-21 00:00:00",22,12.92064,0.1162693,0.09944562,13.43465,0.1534305,0.1997352,13.44297,0.326857,0.6661056,13.87239
"2023-10-21 12:00:00",23,12.7494,0.1148314,0.09655496,12.68407,0.1545694,0.2019269,13.66098,0.3271443,0.6682572,14.03599
"2023-10-22 00:00:00",24,12.92232,0.1138996,0.09522343,13.12779,0.1507236,0.1919336,13.27146,0.3243949,0.6591316,13.78512
"2023-10-22 12:00:00",25,12.74688,0.112831,0.09315107,12.57174,0.1518771,0.1945179,13.52527,0.3246844,0.6614455,13.92266
"2023-10-23 00:00:00",26,12.89378,0.1123081,0.09242279,13.01391,0.1489687,0.185991,13.17314,0.3221407,0.6517233,13.69376
"2023-10-23 12:00:00",27,12.78465,0.1117117,0.09145556,12.76975,0.1502472,0.1890827,13.50594,0.3223441,0.6544527,13.85076
"2023-10-24 00:00:00",28,12.90469,0.1114616,0.09117611,13.2731,0.147827,0.1827036,13.31189,0.3198295,0.6465588,13.72429
"2023-10-24 12:00:00",29,12.74184,0.1102654,0.08888756,12.53789,0.1491961,0.1853941,13.50113,0.3201736,0.6493822,13.87657
"2023-10-25 00:00:00",30,12.95338,0.1098447,0.0882597,12.75611,0.1467257,0.1789496,13.07556,0.3177018,0.6398683,13.62475
"2023-10-25 12:00:00",31,12.75443,0.1087437,0.08600609,12.05287,0.1480676,0.1811362,13.19516,0.3181004,0.640263,13.68805
"2023-10-26 00:00:00",32,12.95506,0.1087017,0.08595866,12.4281,0.1457879,0.1755491,12.77391,0.3157262,0.6307221,13.39067
"2023-10-26 12:00:00",33,12.77794,0.1080177,0.08461403,12.01128,0.1470402,0.1782863,13.00705,0.3160626,0.6321768,13.48257
"2023-10-27 00:00:00",34,12.97437,0.107956,0.08441655,12.11932,0.1457157,0.1746055,12.65422,0.3142623,0.6247578,13.26342
"2023-10-27 12:00:00",35,12.82998,0.1068578,0.08212812,11.3016,0.1469604,0.176678,12.61784,0.3149549,0.6258134,13.2572
"2023-10-28 00:00:00",36,13.02054,0.1071684,0.0826666,11.62078,0.1454276,0.1728401,12.23127,0.3135549,0.6180773,12.95242
"2023-10-28 12:00:00",37,12.88958,0.1070675,0.08269978,11.57969,0.1466025,0.1757992,12.42073,0.3140025,0.6190851,12.98164
"2023-10-29 00:00:00",38,12.96765,0.1080002,0.08465928,12.35918,0.1459653,0.1748985,12.50214,0.3128764,0.6162991,12.94382
"2023-10-29 12:00:00",39,12.83922,0.1068119,0.08210249,11.4311,0.1471076,0.1778951,12.57394,0.3138277,0.6196319,13.07916
"2023-10-30 00:00:00",40,12.9601,0.1057095,0.07959031,10.58475,0.1458462,0.173094,11.84982,0.3130693,0.6128848,12.72366
"2023-10-30 12:00:00",41,12.79305,0.1031601,0.07448179,8.65073,0.1454371,0.1719385,11.15255,0.3136128,0.6079221,12.34337
"2023-10-31 00:00:00",42,12.93911,0.1031389,0.074346,8.44749,0.1444281,0.1675206,10.20084,0.31282,0.5960373,11.60349
"2023-10-31 12:00:00",43,12.73177,0.1019589,0.07194041,7.535449,0.1446555,0.1684358,9.959444,0.3134909,0.5925547,11.29123
"2023-11-01 00:00:00",44,12.96513,0.102671,0.07329126,7.941132,0.1438153,0.1651717,9.387028,0.3127145,0.5837651,10.76049
"2023-11-01 12:00:00",45,12.81991,0.101956,0.07178682,7.400483,0.1443396,0.1678326,9.469504,0.3133289,0.5834677,10.67201
"2023-11-02 00:00:00",46,12.95758,0.10267,0.07302935,7.779132,0.1434572,0.1646025,9.052273,0.3127072,0.5771831,10.30688
"2023-11-02 12:00:00",47,12.72505,0.1020085,0.07176673,7.330275,0.1442845,0.1679744,9.208938,0.3133162,0.578355,10.31203
"2023-11-03 00:00:00",48,12.96681,0.102975,0.07363686,7.973596,0.143475,0.1642904,8.903173,0.3126863,0.5730832,10.0321
"2023-11-03 12:00:00",49,12.81739,0.1029531,0.07354007,7.973783,0.1443597,0.1694104,9.345611,0.313348,0.5768034,10.1971
"2023-11-04 00:00:00",50,12.96597,0.1037987,0.07523241,8.58373,0.1439273,0.1659433,9.193628,0.3127066,0.5740578,10.07902
"2023-11-04 12:00:00",51,12.78633,0.1030727,0.07379728,8.077121,0.144752,0.1705189,9.474597,0.3133623,0.5776561,10.25531
"2023-11-05 00:00:00",52,12.96177,0.104072,0.07566441,8.726433,0.144043,0.1663735,9.230907,0.3126938,0.5738116,10.07541
"2023-11-05 12:00:00",53,12.79725,0.1037829,0.07530545,8.622577,0.1447989,0.1722152,9.676961,0.3134307,0.5785695,10.30384
"2023-11-06 00:00:00",54,13.00794,0.1043908,0.07644459,8.998766,0.1445028,0.1692525,9.488314,0.3130501,0.576528,10.21613
"2023-12-26 12:00:00",155,12.68392,0.111423,0.08089303,1.730075,0.1538762,0.2239293,3.117902,0.3187049,0.5237345,4.052617
"2023-12-27 00:00:00",156,12.98276,0.1110635,0.08029062,1.380249,0.1533686,0.2221639,2.829227,0.3185642,0.5200488,3.818239
"2023-12-27 12:00:00",157,12.6856,0.1113165,0.080318,1.196154,0.1534682,0.2213704,2.617432,0.3181704,0.5168395,3.608863
"2023-12-28 00:00:00",158,12.89294,0.1109488,0.07980408,0.930698,0.152992,0.2200663,2.38985,0.3181435,0.5138493,3.416694
"2023-12-28 12:00:00",159,12.69399,0.1113841,0.08026864,0.8214104,0.1528779,0.2198267,2.235076,0.3177797,0.5113117,3.248503
"2023-12-29 00:00:00",160,12.98192,0.1110348,0.07962307,0.6142144,0.1529946,0.2188552,2.057858,0.3176566,0.5088804,3.089476
"2023-12-29 12:00:00",161,12.73849,0.1114029,0.08025755,0.546286,0.1529901,0.2188986,1.94383,0.317385,0.5069236,2.954837
"2023-12-30 00:00:00",162,12.97101,0.1111453,0.07909863,0.3602194,0.1531257,0.2177922,1.784469,0.3175101,0.5047318,2.823197
"2023-12-30 12:00:00",163,12.73093,0.1114017,0.07986641,0.3268745,0.1530953,0.2180048,1.706409,0.3169345,0.5032457,2.714574
"2023-12-31 00:00:00",164,13.03817,0.111141,0.07810406,0.1290248,0.1524623,0.21684,1.556865,0.3170876,0.5013526,2.595693
"2023-12-31 12:00:00",165,12.76787,0.1115314,0.08015253,0.2218764,0.1531568,0.2174978,1.531872,0.3171674,0.5003509,2.509037
"2024-01-01 00:00:00",166,12.97269,0.1116905,0.07962851,0.1780775,0.1531885,0.2172783,1.483234,0.3169345,0.4994509,2.451616
"2024-01-01 12:00:00",167,12.72925,0.1119762,0.08086145,0.2404184,0.1531099,0.2179233,1.479427,0.3165281,0.4989826,2.409773
"2024-01-02 00:00:00",168,12.97437,0.1117929,0.07922827,0.08941839,0.1531909,0.217262,1.390961,0.3166082,0.4980159,2.352484
"2024-01-02 12:00:00",169,12.71078,0.1118826,0.08043824,0.1355723,0.1531093,0.2179166,1.381582,0.3166539,0.4974457,2.30397
"2024-01-03 00:00:00",170,12.97185,0.1114477,0.07848561,-0.05909966,0.153233,0.2169262,1.265469,0.3167418,0.4963523,2.232726
"2024-01-03 12:00:00",171,12.74772,0.1113269,0.07922496,-0.01521338,0.1531651,0.2174586,1.255645,0.3167942,0.4957155,2.181963
"2024-01-04 00:00:00",172,12.99535,0.111068,0.07713595,-0.2003776,0.1530631,0.2162715,1.123937,0.3165033,0.4944483,2.100387
"2024-01-04 12:00:00",173,12.80564,0.1118825,0.08013737,0.04627274,0.1531639,0.2174707,1.177323,0.3162151,0.4941943,2.065256
"2024-01-05 00:00:00",174,12.90637,0.1122019,0.08110552,0.1505942,0.1530764,0.2182185,1.233133,0.316892,0.4944706,2.079865
"2024-01-05 12:00:00",175,12.72925,0.1126559,0.08224393,0.2243132,0.1537278,0.2189697,1.277595,0.3168583,0.4949065,2.095445
"2024-01-06 00:00:00",176,13.04656,0.1129755,0.08282145,0.2768069,0.1537064,0.2194461,1.30792,0.3168314,0.4952435,2.111627
"2024-01-06 12:00:00",177,12.66713,0.1134023,0.0838123,0.3209561,0.1537475,0.2204048,1.337724,0.3168066,0.4955826,2.121621
"2024-01-07 00:00:00",178,13.03397,0.1137624,0.08427896,0.3451122,0.154093,0.2210967,1.35278,0.3167869,0.4958113,2.130252
"2024-01-07 12:00:00",179,12.69735,0.11373,0.08473788,0.3716766,0.154234,0.2214807,1.361897,0.3167707,0.4960148,2.129439
"2024-01-08 00:00:00",180,13.06167,0.1141823,0.08504184,0.3923768,0.1542026,0.2217605,1.370942,0.316767,0.4960747,2.132371
"2024-01-08 12:00:00",181,12.80564,0.1146313,0.0858616,0.4233581,0.1541138,0.222487,1.382755,0.3167466,0.4962955,2.133137
"2024-01-09 00:00:00",182,12.96346,0.1149281,0.08642036,0.4388963,0.154421,0.2230558,1.390079,0.3167396,0.4963769,2.133513
"2024-01-09 12:00:00",183,12.73513,0.115105,0.08691595,0.4044009,0.1547147,0.223979,1.385857,0.3167319,0.4964693,2.13168
"2024-01-10 00:00:00",184,12.98612,0.1148418,0.08599161,0.2392412,0.1547734,0.2234944,1.295906,0.3162522,0.4958851,2.08974
"2024-01-10 12:00:00",185,12.76283,0.1148975,0.08578178,0.1265588,0.1547854,0.2233937,1.223853,0.3160823,0.4952019,2.0338
"2024-01-11 00:00:00",186,12.93911,0.1147294,0.08460768,0.002141246,0.1542723,0.22257,1.116611,0.3161747,0.4940173,1.958821
"2024-01-11 12:00:00",187,12.80228,0.1149926,0.08600859,0.09552597,0.1548531,0.2228049,1.123221,0.3162031,0.4936816,1.921206
"2024-01-12 00:00:00",188,12.98276,0.1152337,0.08645279,0.1317568,0.1548218,0.2230993,1.13294,0.3162071,0.4936428,1.911009
"2024-01-12 12:00:00",189,12.67888,0.1151475,0.08605984,0.05732522,0.1547304,0.2238536,1.127345,0.3161979,0.4937372,1.905204
"2024-01-13 00:00:00",190,13.02809,0.1139069,0.08219468,-0.265601,0.1546692,0.2221079,0.9452924,0.3158987,0.4922983,1.821407
"2024-01-13 12:00:00",191,12.8048,0.1136207,0.08172861,-0.2785778,0.1548976,0.2222291,0.9001619,0.3156382,0.4913891,1.749905
"2024-01-14 00:00:00",192,13.06587,0.1131377,0.07983796,-0.3375436,0.1545656,0.2214344,0.8026597,0.3157355,0.4901859,1.67442
"2024-01-14 12:00:00",193,12.84258,0.1143045,0.08341003,-0.07185176,0.1548814,0.2226128,0.8832877,0.3157327,0.4902133,1.665078
"2024-01-15 00:00:00",194,13.04824,0.1149987,0.08495095,0.05085425,0.154997,0.2235684,0.9636762,0.3156751,0.4909135,1.69853
"2024-01-15 12:00:00",195,12.80312,0.1155226,0.08623452,0.1403951,0.1554337,0.2245002,1.030731,0.3156886,0.4916573,1.735869
"2024-01-16 00:00:00",196,12.98696,0.1158074,0.08740494,0.2127646,0.1553405,0.2252453,1.083878,0.316258,0.4922635,1.770281
"2024-01-16 12:00:00",197,12.75191,0.1160534,0.0886277,0.2671078,0.1553827,0.226199,1.132831,0.3155127,0.4929622,1.802958
"2024-01-17 00:00:00",198,12.98192,0.1160957,0.08833157,0.2284118,0.1552088,0.2263363,1.117758,0.3158967,0.4931383,1.81164
"2024-01-17 12:00:00",199,12.80228,0.1159386,0.08810679,0.1696946,0.1555663,0.2263886,1.084859,0.315506,0.4929765,1.792918
"2024-01-18 00:00:00",200,13.05831,0.115852,0.08735414,0.05057537,0.1552808,0.2257604,1.006957,0.3155652,0.4922799,1.749409
"2024-01-18 12:00:00",201,12.77878,0.1161561,0.08793437,0.0456324,0.1555823,0.2260013,0.9953089,0.3155875,0.4919718,1.719944
"2024-01-19 00:00:00",202,12.91645,0.1162201,0.08792417,0.0263311,0.155759,0.2260655,0.96936,0.315607,0.4917849,1.699322
"2024-01-19 12:00:00",203,12.6621,0.116675,0.08933539,0.1176584,0.1559271,0.2268764,0.999688,0.315596,0.4919025,1.696368
"2024-01-20 00:00:00",204,13.02977,0.1166031,0.08891053,0.07815231,0.1559463,0.226676,0.9860823,0.3155976,0.4918836,1.693365
"2024-01-20 12:00:00",205,12.83502,0.1170289,0.09004413,0.1489103,0.1558723,0.2273443,1.008541,0.3155877,0.4920221,1.690157
"2024-01-21 00:00:00",206,13.05663,0.1172203,0.09057338,0.1959804,0.156177,0.2278126,1.040276,0.3155601,0.492351,1.704324
"2024-01-21 12:00:00",207,12.76619,0.1173441,0.09102201,0.2339155,0.1565642,0.228072,1.063431,0.3156397,0.4927128,1.717625
"2024-01-22 00:00:00",208,13.07174,0.1178052,0.09156904,0.2790949,0.1565083,0.2285534,1.093797,0.3162582,0.4929975,1.734011
"2024-01-22 12:00:00",209,12.70407,0.1181343,0.09217323,0.3223196,0.1564439,0.2290518,1.125847,0.3162098,0.4935949,1.755843
"2024-01-23 00:00:00",210,13.06838,0.11866,0.09357771,0.5533835,0.1568818,0.2299786,1.183504,0.3161731,0.4940862,1.783817
"2024-01-23 12:00:00",211,12.86524,0.1194427,0.09504534,0.7839993,0.1570667,0.231895,1.368737,0.3161091,0.4958413,1.886064
"2024-01-24 00:00:00",212,13.06251,0.1211119,0.0998307,1.854698,0.1577596,0.2356984,1.724776,0.3165454,0.4987188,2.052788
"2024-01-24 12:00:00",213,12.8728,0.1218256,0.1013725,2.07826,0.1587622,0.2409765,2.272052,0.3166772,0.5053346,2.446764
"2024-01-25 00:00:00",214,13.02222,0.1229768,0.1047038,2.690782,0.158886,0.2429281,2.438081,0.3168037,0.5083228,2.623861
"2024-01-25 12:00:00",215,12.85013,0.1233673,0.1045734,2.493836,0.1595757,0.246511,2.801466,0.3173571,0.5137573,2.942988
"2024-01-26 00:00:00",216,13.06838,0.123912,0.1067589,2.808855,0.1594374,0.2464175,2.74129,0.3175079,0.5146018,2.984319
"2024-01-26 12:00:00",217,12.85852,0.1244729,0.1088353,3.070066,0.160135,0.25043,3.145444,0.3176365,0.5190127,3.233423
"2024-01-27 00:00:00",218,12.99199,0.1255295,0.11136,3.449744,0.1603366,0.2514694,3.215505,0.3177244,0.5210422,3.348017
"2024-01-27 12:00:00",219,12.78717,0.1252394,0.1098481,2.865362,0.1606819,0.2532039,3.379279,0.3177783,0.5245862,3.550887
"2024-01-28 00:00:00",220,13.0113,0.1251794,0.1091078,2.46976,0.1602946,0.2498292,2.958898,0.3176335,0.5221019,3.403553
"2024-01-28 12:00:00",221,12.69399,0.1254233,0.1092566,2.272042,0.1605475,0.250267,2.978014,0.3176524,0.5219045,3.37388
"2024-01-29 00:00:00",222,13.00962,0.1261409,0.1108455,2.397432,0.1604652,0.2487473,2.760432,0.3174678,0.5197201,3.236631
"2024-01-29 12:00:00",223,12.81152,0.1265541,0.1116433,2.343431,0.1607332,0.2507694,2.952706,0.3177159,0.5211414,3.31001
"2024-01-30 00:00:00",224,12.99619,0.1276294,0.114361,2.689613,0.160584,0.2500758,2.827111,0.317398,0.5200295,3.238817
"2024-01-30 12:00:00",225,12.79892,0.1282462,0.1155653,2.699327,0.1611769,0.2533479,3.155167,0.3175483,0.523087,3.409918
"2024-01-31 00:00:00",226,12.98444,0.1293044,0.1184029,3.037875,0.161046,0.2527174,3.038181,0.3175919,0.5226236,3.379269
"2024-01-31 12:00:00",227,12.76283,0.1297353,0.119036,2.898441,0.1615697,0.2558924,3.360088,0.3178453,0.5260814,3.573683
"2024-02-01 00:00:00",228,12.89042,0.1304949,0.1208642,3.032928,0.161457,0.2542616,3.142053,0.3175291,0.5249448,3.504435
"2024-02-01 12:00:00",229,12.79053,0.1309104,0.1219026,2.980279,0.1618418,0.2572304,3.429371,0.3179193,0.5277229,3.65535
"2024-02-02 00:00:00",230,12.91645,0.1320471,0.1246936,3.301754,0.1618034,0.2565276,3.304293,0.3179628,0.5272027,3.616221
"2024-02-02 12:00:00",231,12.8686,0.1338184,0.1300237,4.118995,0.1625985,0.2620518,3.865683,0.3179593,0.5317922,3.872017
"2024-02-03 00:00:00",232,13.08349,0.135325,0.1344675,4.729915,0.1630128,0.2655753,4.196815,0.3182295,0.5362327,4.127384
"2024-02-03 12:00:00",233,12.8728,0.1357652,0.135071,4.573123,0.1634384,0.2688414,4.509806,0.3186805,0.541734,4.438746
"2024-02-04 00:00:00",234,13.08517,0.1365922,0.1371046,4.72038,0.1637224,0.2688918,4.47871,0.3188828,0.5430962,4.51284
"2024-02-04 12:00:00",235,12.73093,0.1366199,0.1358616,4.259264,0.1639411,0.2702667,4.602581,0.3186408,0.545908,4.668147
"2024-02-05 00:00:00",236,13.00291,0.1368725,0.1357246,4.013767,0.1637271,0.2670932,4.223733,0.3187301,0.5436352,4.524316
"2024-02-05 12:00:00",237,12.86188,0.1366089,0.1339042,3.434591,0.1637239,0.2670284,4.188344,0.3186375,0.5433936,4.502522
"2024-02-06 00:00:00",238,13.07258,0.1377948,0.1371358,3.830219,0.1634853,0.265142,3.928112,0.3183768,0.5401193,4.301733
"2024-02-06 12:00:00",239,12.76283,0.1385263,0.1395079,4.094676,0.1642319,0.2689011,4.300954,0.3185108,0.5428514,4.447596
"2024-02-07 00:00:00",240,13.07426,0.139448,0.1419568,4.342954,0.1641792,0.2691734,4.282684,0.3185492,0.5434577,4.476726
"2024-02-07 12:00:00",241,12.87615,0.1403528,0.1449413,4.709472,0.1645633,0.2727048,4.62891,0.3186008,0.5468847,4.660387
"2024-02-08 00:00:00",242,12.92148,0.1413373,0.1473681,4.965828,0.164765,0.273919,4.723925,0.3191283,0.549041,4.776967
"2024-02-08 12:00:00",243,12.82327,0.1416413,0.1476851,4.821751,0.1651576,0.2762656,4.951565,0.3188304,0.5524484,4.963363
"2024-02-09 00:00:00",244,13.04404,0.142277,0.1487435,4.815826,0.1651028,0.2748463,4.769025,0.3188706,0.5520022,4.930978
"2024-02-09 12:00:00",245,12.85097,0.1423871,0.1482833,4.544943,0.165386,0.2762601,4.893211,0.3192931,0.5537602,5.022049
"2024-02-10 00:00:00",246,12.93827,0.1422703,0.1463814,3.962198,0.1646786,0.2733696,4.547541,0.3189018,0.551795,4.898658
"2024-02-10 12:00:00",247,12.77542,0.1418245,0.1436975,3.283966,0.1647189,0.27071,4.228512,0.3188158,0.5486936,4.72036
"2024-02-11 00:00:00",248,13.0113,0.1423518,0.144835,3.318198,0.1644699,0.26793,3.890864,0.3183948,0.5441668,4.447699
"2024-02-11 12:00:00",249,12.77962,0.1423799,0.1436804,2.897337,0.1646165,0.2679185,3.855221,0.3181282,0.5429892,4.369777
"2024-02-12 00:00:00",250,12.99619,0.1426404,0.1425729,2.517296,0.1640157,0.2641753,3.415097,0.317977,0.538448,4.102907
"2024-02-12 12:00:00",251,12.80816,0.1427832,0.142621,2.342092,0.1640339,0.2637709,3.335383,0.3177195,0.536117,3.958183
"2024-02-13 00:00:00",252,13.00543,0.1432229,0.1437182,2.345162,0.1637123,0.2617872,3.082441,0.3174924,0.5327004,3.755115
"2024-02-13 12:00:00",253,12.79641,0.1436642,0.1442849,2.262035,0.1640951,0.262678,3.144987,0.3175358,0.5322076,3.714935
"2024-02-14 00:00:00",254,12.86608,0.1442824,0.1457698,2.322655,0.1637832,0.2610559,2.935485,0.3173482,0.5297725,3.568442
"2024-02-14 12:00:00",255,12.84341,0.1449252,0.147168,2.399486,0.1641664,0.2629575,3.111399,0.3176471,0.5304542,3.598603
"2024-02-15 00:00:00",256,13.05495,0.1465441,0.1529364,3.187439,0.1641345,0.2637248,3.160003,0.3173851,0.530085,3.569793
"2024-02-15 12:00:00",257,12.84761,0.14741,0.1553584,3.364729,0.1649295,0.2686668,3.656048,0.3174329,0.5350029,3.850046
"2024-02-16 00:00:00",258,13.03648,0.148467,0.1580064,3.60737,0.164745,0.2684769,3.607538,0.3174267,0.5359343,3.897372
"2024-02-16 12:00:00",259,12.83082,0.1489376,0.1586887,3.5241,0.1653169,0.2714566,3.905016,0.317663,0.539555,4.098855
"2024-02-17 00:00:00",260,13.06587,0.150307,0.1631058,4.045414,0.1652401,0.2712268,3.85031,0.317695,0.5395491,4.090611
"2024-02-17 12:00:00",261,12.78885,0.1511958,0.1655943,4.265392,0.1657692,0.2759309,4.331116,0.3179988,0.5444957,4.363241
"2024-02-18 00:00:00",262,12.99283,0.1515606,0.1660858,4.162881,0.1657243,0.2745524,4.165296,0.3179641,0.5448987,4.3909
"2024-02-18 12:00:00",263,12.68476,0.1514474,0.1633943,3.539803,0.1659354,0.2751166,4.217941,0.3179747,0.5465517,4.475014
"2024-02-19 00:00:00",264,13.02054,0.1519381,0.1642996,3.47345,0.1655821,0.2718586,3.837335,0.318109,0.5432339,4.276755
"2024-02-19 12:00:00",265,12.7813,0.1520579,0.163138,3.157704,0.165769,0.2726729,3.910553,0.3179829,0.5436138,4.284319
"2024-02-20 00:00:00",266,13.03648,0.1529705,0.1663883,3.507008,0.1653082,0.2704406,3.641793,0.3175909,0.5404081,4.093425
"2024-02-20 12:00:00",267,12.8409,0.1539409,0.1697666,3.922576,0.1658693,0.2751341,4.118916,0.3178987,0.5437266,4.273891
"2024-02-21 00:00:00",268,12.96513,0.1549702,0.1732869,4.31055,0.1661372,0.2756133,4.140547,0.3179693,0.5448058,4.332423
"2024-02-21 12:00:00",269,12.82579,0.1557746,0.1761389,4.647151,0.1667887,0.2799787,4.581802,0.3181964,0.5495052,4.586166
"2024-02-22 00:00:00",270,12.99619,0.1563307,0.1788493,4.944504,0.1667335,0.2806225,4.633603,0.3181956,0.5515087,4.698093
"2024-02-22 12:00:00",271,12.80312,0.1563001,0.177291,4.592813,0.1671161,0.2829796,4.871102,0.3185661,0.5554544,4.910566
"2024-02-23 00:00:00",272,13.00794,0.1568394,0.1793704,4.807035,0.1669717,0.2809674,4.642768,0.3184441,0.5541726,4.833665
"2024-02-23 12:00:00",273,12.78046,0.1564777,0.176433,4.24358,0.1671042,0.2825786,4.804213,0.3184572,0.5566655,4.960046
"2024-02-24 00:00:00",274,13.00123,0.1571988,0.1800218,4.544919,0.1667362,0.2802179,4.492748,0.3182094,0.5536525,4.781035
"2024-02-24 12:00:00",275,12.7813,0.156657,0.1764484,3.931901,0.1670345,0.2817923,4.658979,0.3184607,0.5558996,4.897481
"2024-02-25 00:00:00",276,12.9878,0.1573461,0.1801419,4.408172,0.1667311,0.2790804,4.350789,0.3180801,0.5522735,4.687446
"2024-02-25 12:00:00",277,12.8132,0.1569104,0.1768531,3.843645,0.1670688,0.281014,4.553934,0.3179117,0.5546826,4.81523
"2024-02-26 00:00:00",278,13.01298,0.1581344,0.1832278,4.753426,0.1668898,0.2798136,4.406644,0.3180858,0.5521979,4.663104
"2024-02-26 12:00:00",279,12.83502,0.1580565,0.1824138,4.576706,0.1676379,0.2843267,4.867743,0.3183406,0.5571483,4.936524
"2024-02-27 00:00:00",280,13.08517,0.1590752,0.1881841,5.391978,0.1675701,0.2842754,4.842586,0.3184105,0.5571799,4.92848
"2024-02-27 12:00:00",281,12.924,0.1597156,0.1920645,5.966238,0.1683925,0.2907193,5.503854,0.3185415,0.5640088,5.298008
"2024-02-28 00:00:00",282,12.98276,0.159541,0.1916575,5.943976,0.1683786,0.2916341,5.624925,0.318701,0.5676489,5.506414
"2024-02-28 12:00:00",283,12.76954,0.157271,0.1797259,4.102485,0.1679369,0.2873603,5.203255,0.3186416,0.5676073,5.510701
"2024-02-29 00:00:00",284,12.99032,0.1573671,0.1806109,4.175912,0.1670983,0.2813346,4.557784,0.3182715,0.5598399,5.061544
"2024-02-29 12:00:00",285,12.76535,0.156532,0.1760172,3.441292,0.1671837,0.2811356,4.5229,0.3180245,0.5588035,4.989143
"2024-03-01 00:00:00",286,12.99451,0.1572334,0.1799755,4.011057,0.1667826,0.2780532,4.172208,0.3175389,0.5533854,4.674604
"2024-03-01 12:00:00",287,12.79557,0.1568969,0.1778934,3.651084,0.1671926,0.2806384,4.424089,0.3178056,0.5553748,4.77312
"2024-03-02 00:00:00",288,13.07342,0.1580445,0.1847142,4.627585,0.1669803,0.280129,4.338216,0.3174658,0.553234,4.643846
"2024-03-02 12:00:00",289,12.93995,0.1583968,0.1871953,5.011395,0.1677295,0.2861083,4.939607,0.3179847,0.5591335,4.956336
"2024-03-03 00:00:00",290,13.03145,0.1596597,0.1951697,6.231592,0.1681237,0.2896862,5.310946,0.3181486,0.5630171,5.161179
"2024-03-03 12:00:00",291,12.83334,0.1594404,0.193662,6.051455,0.168897,0.2947813,5.848704,0.3185829,0.5709403,5.614231
"2024-03-04 00:00:00",292,13.04656,0.1590413,0.1914639,5.669857,0.168544,0.2925607,5.601704,0.3186529,0.5716074,5.649375
"2024-03-04 12:00:00",293,12.83586,0.1585321,0.1881005,5.119457,0.1684338,0.2922448,5.547948,0.3186872,0.5723464,5.683157
"2024-03-05 00:00:00",294,13.06922,0.1589309,0.1900634,5.321681,0.1682874,0.2906496,5.339679,0.3187778,0.5702371,5.543459
"2024-03-05 12:00:00",295,12.8602,0.1582463,0.1864257,4.742011,0.1683946,0.2910877,5.349953,0.3186928,0.5711619,5.583793
"2024-03-06 00:00:00",296,13.04068,0.1592292,0.1925717,5.62159,0.1684918,0.2908681,5.293365,0.3185599,0.5691692,5.448662
"2024-03-06 12:00:00",297,12.88623,0.1583619,0.1881908,4.993968,0.1687396,0.293095,5.512088,0.3185366,0.5728784,5.646871
"2024-03-07 00:00:00",298,13.07426,0.1592654,0.193968,5.860114,0.1684641,0.2921913,5.412882,0.3187006,0.5710917,5.531621
"2024-03-07 12:00:00",299,12.88874,0.1590067,0.1929227,5.681876,0.1692011,0.2963086,5.823164,0.3189937,0.5760949,5.802744
"2024-03-08 00:00:00",300,13.05663,0.1599475,0.1988913,6.570995,0.1691642,0.2971304,5.904253,0.3190438,0.5769624,5.841736
"2024-03-08 12:00:00",301,12.89714,0.1593377,0.1956245,6.072454,0.1696726,0.3000094,6.208004,0.3192142,0.5823265,6.130157
"2024-03-09 00:00:00",302,13.02641,0.1598835,0.1998596,6.708719,0.1693765,0.2997369,6.189704,0.3192039,0.5824436,6.12492
"2024-03-09 12:00:00",303,12.79976,0.1580504,0.1900767,5.242602,0.1693721,0.2984763,6.071533,0.3193445,0.5845222,6.237252
"2024-03-10 00:00:00",304,13.00962,0.1584381,0.1942808,5.891292,0.1685384,0.2945323,5.66786,0.3188007,0.5790792,5.918672
"2024-03-10 12:00:00",305,12.79809,0.1576543,0.1896122,5.177712,0.1689989,0.2966509,5.881102,0.3190556,0.5817006,6.051618
"2024-03-11 00:00:00",306,13.01046,0.1582236,0.1949262,5.994486,0.1682728,0.2939236,5.622613,0.3185406,0.578072,5.832991
"2024-03-11 12:00:00",307,12.79641,0.1576835,0.192177,5.587044,0.1689516,0.2978103,6.007516,0.3189334,0.5825494,6.068443
"2024-03-12 00:00:00",308,13.06587,0.1592602,0.1995305,6.485986,0.1683709,0.2966712,5.902867,0.318694,0.5811957,5.974217
"2024-03-12 12:00:00",309,12.85349,0.1600943,0.2007381,6.473417,0.1695498,0.3023495,6.435999,0.3191769,0.5875754,6.302622
"2024-03-13 00:00:00",310,13.07342,0.1602251,0.203872,7.039257,0.1689106,0.3018304,6.42795,0.3190023,0.58846,6.346581
"2024-03-13 12:00:00",311,12.90469,0.1600776,0.2033916,6.978466,0.1693509,0.3055668,6.794308,0.3194962,0.5936263,6.619122
"2024-03-14 00:00:00",312,13.07594,0.1601221,0.2030488,6.849411,0.1693907,0.3052204,6.693093,0.3196352,0.5944719,6.653773
"2024-03-14 12:00:00",313,12.87531,0.1587006,0.195349,5.69557,0.1691678,0.3030908,6.432119,0.3196244,0.5940976,6.63478
"2024-03-15 00:00:00",314,13.06167,0.1595253,0.2009388,6.459505,0.1688972,0.301272,6.206964,0.3192577,0.5902187,6.380461
"2024-03-15 12:00:00",315,12.89882,0.1592038,0.1986172,6.127929,0.1693184,0.3041387,6.466963,0.3196871,0.5934056,6.539813
"2024-03-16 00:00:00",316,13.06419,0.1598091,0.203135,6.767066,0.1692986,0.304173,6.421006,0.3192484,0.5923519,6.470757
"2024-03-16 12:00:00",317,12.89798,0.1585096,0.1963619,5.791863,0.1695502,0.3044668,6.449854,0.319569,0.5948339,6.597934
"2024-03-17 00:00:00",318,13.08685,0.1592333,0.2007136,6.385754,0.1689874,0.3021676,6.183868,0.319247,0.5912528,6.383363
"2024-03-17 12:00:00",319,12.8921,0.1592543,0.2012664,6.458137,0.169655,0.3062952,6.562642,0.3195901,0.5949602,6.56928
"2024-03-18 00:00:00",320,13.04656,0.1608716,0.2107941,7.872358,0.1699223,0.30908,6.847563,0.3196093,0.5968365,6.654706
"2024-03-18 12:00:00",321,12.86692,0.1593837,0.2039139,6.904321,0.1704621,0.3129376,7.213355,0.3200656,0.6043269,7.057995
"2024-03-19 00:00:00",322,13.01718,0.159882,0.209695,7.924531,0.1696653,0.3108097,7.066451,0.3197464,0.6027762,6.960046
"2024-03-19 12:00:00",323,12.81487,0.1586156,0.2038427,7.114376,0.1702372,0.3143363,7.432261,0.3201682,0.6089785,7.289326
"2024-03-20 00:00:00",324,13.01634,0.1591146,0.2098581,8.272578,0.169433,0.3120309,7.323394,0.3197665,0.6073611,7.186618
"2024-03-20 12:00:00",325,12.82663,0.1579357,0.2046491,7.583385,0.1701977,0.316418,7.7704,0.3200937,0.6144084,7.554508
"2024-03-21 00:00:00",326,12.98444,0.1582745,0.2093369,8.710268,0.1691856,0.3138039,7.684759,0.3198767,0.6134977,7.487677
"2024-03-21 12:00:00",327,12.82747,0.1568794,0.2032285,7.927012,0.169746,0.3179309,8.098753,0.3202676,0.6205316,7.85563
"2024-03-22 00:00:00",328,12.99535,0.1571763,0.2068254,9.036571,0.1687707,0.314047,7.985374,0.3198848,0.6191228,7.767592
"2024-03-22 12:00:00",329,12.81152,0.1559846,0.2014624,8.326692,0.169437,0.3185515,8.419651,0.3204346,0.6261992,8.13856
"2024-03-23 00:00:00",330,13.02054,0.1558639,0.2021209,9.360042,0.1681608,0.3132418,8.305662,0.3199477,0.6247828,8.065418
"2024-03-23 12:00:00",331,12.87867,0.1549584,0.1989383,9.070173,0.1688714,0.3182296,8.825046,0.3204596,0.632252,8.441325
"2024-03-24 00:00:00",332,13.05663,0.1541905,0.1963429,9.73235,0.1675145,0.3127587,8.783337,0.3199573,0.6325543,8.465121
"2024-03-24 12:00:00",333,12.90721,0.1532713,0.1929885,9.424602,0.1680207,0.3157044,9.121851,0.3201748,0.638126,8.751236
"2024-03-25 00:00:00",334,13.0986,0.1525607,0.1899908,8.903958,0.1677867,0.3139457,8.830493,0.3204506,0.6376943,8.707614
"2024-03-25 12:00:00",335,12.89966,0.15104,0.1825592,7.668846,0.1674328,0.3101906,8.367964,0.3203145,0.6350615,8.544492
"2024-03-26 00:00:00",336,13.07006,0.1512262,0.1843543,8.336089,0.1666002,0.3059852,8.118809,0.3197422,0.6297755,8.243099
"2024-03-26 12:00:00",337,12.9475,0.1499634,0.1785028,7.444243,0.1667879,0.3064967,8.10436,0.3198745,0.6309357,8.268159
"2024-03-27 00:00:00",338,13.05663,0.1500709,0.1796743,8.172317,0.1659378,0.3027158,7.925556,0.3192411,0.6267825,8.048126
"2024-03-27 12:00:00",339,12.87363,0.1483789,0.1723898,7.068711,0.166067,0.3026561,7.90787,0.3193512,0.6286033,8.114458
"2024-03-28 00:00:00",340,13.05915,0.148637,0.1739689,8.04584,0.1651648,0.296506,7.656334,0.3186193,0.6232988,7.832831
"2024-03-28 12:00:00",341,12.93407,0.147263,0.1688409,7.398954,0.1655569,0.2994478,7.942263,0.3187705,0.6277088,8.029624
"2024-03-29 00:00:00",342,13.08853,0.1468974,0.1675138,8.642286,0.1644907,0.2911647,7.909916,0.3179321,0.6249908,7.911083
"2024-03-29 12:00:00",343,12.94918,0.1466596,0.1674836,8.860212,0.1655314,0.2968746,8.532113,0.3186372,0.6323745,8.280594
"2024-03-30 00:00:00",344,13.11036,0.1467956,0.1685508,9.343607,0.1652524,0.2980374,8.645023,0.3188677,0.6349843,8.40823
"2024-03-30 12:00:00",345,12.93491,0.1456841,0.1647753,8.753761,0.1657241,0.3003625,8.800912,0.3191425,0.6398188,8.634233
"2024-03-31 00:00:00",346,13.04488,0.1451829,0.1633476,9.651758,0.1648942,0.2945088,8.832842,0.31857,0.6391087,8.614957
"2024-03-31 12:00:00",347,12.97437,0.1437147,0.1589914,9.194383,0.1652291,0.2963616,9.109889,0.3186869,0.6443298,8.881069
"2024-04-01 00:00:00",348,13.09273,0.1421959,0.1541843,9.213286,0.1645912,0.289763,8.927444,0.3181444,0.6433867,8.827348
"2024-04-01 12:00:00",349,12.93072,0.1404283,0.1484118,8.344082,0.1645412,0.2882697,8.77101,0.3179994,0.6435272,8.819899
"2024-04-02 00:00:00",350,13.18926,0.1401217,0.1480962,9.186707,0.163718,0.2819169,8.671907,0.3175589,0.6401907,8.64773
"2024-04-02 12:00:00",351,13.09189,0.1384319,0.1433231,8.298615,0.1641345,0.2837936,8.774685,0.3178237,0.643634,8.78947
"2024-04-03 00:00:00",352,13.12631,0.1381441,0.1421042,9.49476,0.1631396,0.2725006,8.671368,0.3165524,0.6394255,8.615249
"2024-04-03 12:00:00",353,13.04404,0.1361521,0.1371124,8.714509,0.1636631,0.275642,9.057513,0.3168818,0.6459826,8.932766
"2024-04-04 00:00:00",354,13.10616,0.1357126,0.1364416,10.24743,0.162541,0.2616164,9.039017,0.3155468,0.642835,8.82968
"2024-04-04 12:00:00",355,13.03565,0.1334947,0.1313215,9.59573,0.1633227,0.2653834,9.611396,0.3159902,0.6515588,9.282965
"2024-04-05 00:00:00",356,13.11791,0.1316418,0.1262663,10.89377,0.1611653,0.2453283,9.59266,0.3140986,0.6483356,9.249228
"2024-04-05 12:00:00",357,13.0709,0.1298472,0.1222337,10.55808,0.1619132,0.2472523,10.16354,0.3140683,0.656396,9.691158
"2024-04-06 00:00:00",358,13.11623,0.1281302,0.1168018,11.55547,0.159773,0.2315849,10.26556,0.3119304,0.6551233,9.774147
"2024-04-06 12:00:00",359,13.01298,0.1258132,0.1122494,10.57263,0.1601898,0.2338184,10.50683,0.3121053,0.6602892,10.1059
"2024-04-07 00:00:00",360,13.1305,0.1236056,0.1061885,9.69011,0.158285,0.2226594,9.856235,0.3102131,0.6541688,9.876901
"2024-04-07 12:00:00",361,12.98192,0.120287,0.09949378,7.971336,0.1575542,0.2185579,9.234935,0.3095908,0.6480909,9.591578
"2024-04-08 00:00:00",362,13.12547,0.1207632,0.1013095,9.155817,0.1557827,0.2084408,8.845399,0.3068748,0.6355947,9.098131
"2024-04-08 12:00:00",363,12.99619,0.1191205,0.09832481,8.407448,0.1564041,0.2108394,9.1101,0.3064124,0.6375684,9.230181
"2024-04-09 00:00:00",364,13.11036,0.1194264,0.09956001,9.418228,0.1546219,0.2021532,8.877,0.3040131,0.6290569,8.984093
"2024-04-09 12:00:00",365,12.98696,0.1175435,0.09598262,8.560927,0.1553256,0.2045454,9.167163,0.3036566,0.6323004,9.204053
"2024-04-10 00:00:00",366,13.00794,0.1185687,0.09864659,10.0245,0.1534753,0.1969297,9.06063,0.3006271,0.6241331,9.018711
"2024-04-10 12:00:00",367,12.8963,0.1172322,0.09629626,9.591727,0.1545171,0.2009542,9.664555,0.3001488,0.6302254,9.43165
"2024-04-11 00:00:00",368,12.97688,0.1178393,0.09838087,11.04664,0.1524314,0.1945147,9.729318,0.2966629,0.6232413,9.425078
"2024-04-11 12:00:00",369,12.87867,0.1160612,0.09491391,10.28784,0.1535234,0.1983173,10.27507,0.2960384,0.6306493,9.900594
"2024-04-12 00:00:00",370,12.92736,0.1166451,0.09661742,11.66706,0.1513252,0.19213,10.24752,0.2919518,0.6220548,9.862365
"2024-04-12 12:00:00",371,12.85769,0.1148982,0.09312113,10.93734,0.1525031,0.1957289,10.7955,0.2907755,0.6280287,10.33393
"2024-04-13 00:00:00",372,12.99787,0.1159257,0.09527794,12.55413,0.1502556,0.1908609,10.857,0.2859622,0.6185545,10.32814
"2024-04-13 12:00:00",373,12.92232,0.1150697,0.09372032,12.39323,0.1519583,0.1959258,11.64943,0.2848696,0.6255341,10.91465
"2024-04-14 00:00:00",374,12.93323,0.116032,0.09570069,13.94358,0.1502454,0.1929767,11.90966,0.2794607,0.6174713,11.09158
"2024-04-14 12:00:00",375,12.88287,0.11392,0.09179553,13.00408,0.1515968,0.1966461,12.47124,0.2781198,0.6230999,11.67863
"2024-04-15 00:00:00",376,12.9475,0.1148927,0.0937626,14.31307,0.1495094,0.1926877,12.43849,0.2719084,0.6108316,11.67799
"2024-04-15 12:00:00",377,12.93323,0.1135064,0.09124916,13.78929,0.151141,0.1967181,13.04518,0.2699921,0.6145173,12.19819
"2024-04-16 00:00:00",378,13.08349,0.1126056,0.08923279,13.35466,0.1498466,0.1932302,12.62767,0.2653193,0.6035503,12.13039
"2024-04-16 12:00:00",379,12.96094,0.1109541,0.08597606,12.27558,0.1502745,0.1927929,12.40989,0.2640859,0.6010888,12.11782
"2024-04-17 00:00:00",380,13.00627,0.1126196,0.08934979,13.6367,0.1489385,0.1907379,12.35948,0.2586661,0.5880138,11.92217
"2024-04-17 12:00:00",381,12.88623,0.1110763,0.08665101,12.91121,0.1501062,0.1934208,12.74721,0.2570397,0.5895118,12.25417
"2024-04-18 00:00:00",382,12.96681,0.1126435,0.08956413,14.23272,0.1486806,0.1908947,12.72077,0.2507389,0.57498,12.16842
"2024-04-18 12:00:00",383,12.89126,0.1116809,0.08783136,13.87128,0.1500876,0.19473,13.31074,0.2490358,0.5775252,12.62214
"2024-04-19 00:00:00",384,13.00207,0.1127684,0.08973618,14.89337,0.148704,0.1924668,13.32176,0.2426919,0.5637187,12.64331
"2024-04-19 12:00:00",385,12.90553,0.1119574,0.08854383,14.69832,0.1500259,0.1962068,13.91039,0.2409487,0.5658476,13.09981
"2024-04-20 00:00:00",386,12.99535,0.1127349,0.08967511,15.5245,0.1490947,0.1938998,13.94391,0.2349266,0.5526958,13.17201
"2024-04-20 12:00:00",387,12.89126,0.111998,0.08752195,14.9374,0.150234,0.1964291,14.31232,0.2335626,0.5544126,13.54457
"2024-04-21 00:00:00",388,12.97185,0.3533539,0.5792871,17.42957,0.3084111,0.671278,15.8847,0.3417123,0.917927,14.60748
"2024-04-21 12:00:00",389,12.84006,0.3527487,0.4681089,15.01049,0.3346001,0.6130875,15.39171,0.3778878,0.9371717,14.86844
"2024-04-22 00:00:00",390,12.95674,0.3416309,0.4601224,15.41541,0.3130984,0.5615923,14.54514,0.3723392,0.8927538,14.15412
"2024-04-22 12:00:00",391,12.85265,0.3329162,0.4399869,14.4205,0.308557,0.5506213,14.61178,0.3696215,0.8747393,14.20933
"2024-04-23 00:00:00",392,12.9794,0.324258,0.4386948,15.00849,0.3023578,0.5365136,14.22003,0.3663293,0.8515287,13.8947
"2024-04-23 12:00:00",393,12.90889,0.3173571,0.4269243,14.68097,0.2991688,0.536601,14.51137,0.3642602,0.8434577,14.06622
"2024-04-24 00:00:00",394,12.91561,0.309202,0.4297023,15.78635,0.2927798,0.5295584,14.57634,0.3613141,0.8311793,14.01948
"2024-04-24 12:00:00",395,12.83166,0.3027481,0.4113896,14.75135,0.2902533,0.5304751,14.77662,0.360062,0.8295711,14.30282
"2024-04-25 00:00:00",396,12.93995,0.2962717,0.4156778,15.81953,0.2841916,0.5215412,14.61396,0.3577275,0.8174346,14.12759
"2024-04-25 12:00:00",397,12.86776,0.2910938,0.4029424,15.14688,0.2826008,0.5257883,15.0004,0.3568479,0.8191854,14.44573
"2024-04-26 00:00:00",398,13.05663,0.2854675,0.3949381,14.85124,0.2779959,0.5142258,14.49132,0.3549431,0.8088909,14.22614
"2024-04-26 12:00:00",399,12.89378,0.2812516,0.3820255,14.01603,0.2761579,0.5103292,14.29093,0.3538754,0.8026952,14.13403
"2024-04-27 00:00:00",400,13.07762,0.2782809,0.3793357,14.04932,0.2732865,0.5031172,13.93062,0.3524093,0.7923666,13.8412
"2024-04-27 12:00:00",401,12.98528,0.2757349,0.3660161,12.9734,0.272061,0.4980761,13.58418,0.3519288,0.7854985,13.6701
"2024-04-28 00:00:00",402,13.08349,0.2749034,0.3654388,12.91331,0.2709172,0.4911459,13.0886,0.3506945,0.7740611,13.26703
"2024-04-28 12:00:00",403,12.96681,0.273706,0.3567459,12.07681,0.269751,0.4874423,12.83757,0.3501533,0.7674529,13.07218
"2024-04-29 00:00:00",404,13.08853,0.2743892,0.3708405,13.33462,0.2676006,0.4841047,12.75106,0.3488154,0.7582096,12.77153
"2024-04-29 12:00:00",405,12.91477,0.2730897,0.3661985,12.89328,0.2670928,0.4885544,13.12756,0.3485557,0.7610404,13.00976
"2024-04-30 00:00:00",406,13.05747,0.2715257,0.3782661,14.19733,0.2638398,0.4854248,13.16613,0.3474083,0.7563258,12.92276
"2024-04-30 12:00:00",407,12.91645,0.2686728,0.371829,13.88175,0.2636499,0.4920458,13.72619,0.3472314,0.7631172,13.32885
"2024-05-01 00:00:00",408,13.00207,0.2639386,0.3773925,15.03556,0.2592349,0.4868525,13.80182,0.3461619,0.7601528,13.34444
"2024-05-01 12:00:00",409,12.90721,0.2596323,0.3660647,14.4026,0.2587309,0.4917893,14.24331,0.3460318,0.7672395,13.74807
"2024-05-02 00:00:00",410,13.03648,0.2537731,0.3610385,14.61798,0.2544526,0.4817986,13.93893,0.3450819,0.762094,13.63194
"2024-05-02 12:00:00",411,12.86608,0.2482976,0.3433827,13.41272,0.2529465,0.4785104,13.87403,0.344692,0.7623271,13.70848
"2024-05-03 00:00:00",412,13.03229,0.2424254,0.345284,14.38268,0.2476482,0.4672557,13.55626,0.3430921,0.7528438,13.38862
"2024-05-03 12:00:00",413,12.88371,0.2377142,0.332322,13.66192,0.2464208,0.469058,13.8676,0.3428933,0.7566796,13.61809
"2024-05-04 00:00:00",414,12.98864,0.2301618,0.3319488,14.88046,0.2400818,0.4576523,13.79502,0.3412177,0.7501132,13.46891
"2024-05-04 12:00:00",415,12.84425,0.2247151,0.3159845,13.8308,0.2390257,0.4583658,14.07543,0.3412063,0.7555102,13.77472
"2024-05-05 00:00:00",416,12.98108,0.2175848,0.3171936,15.45272,0.2322615,0.4471954,14.03325,0.3393234,0.7489591,13.61621
"2024-05-05 12:00:00",417,12.91225,0.2124004,0.3074131,15.22024,0.231446,0.4520077,14.73595,0.3395715,0.7582611,14.11092
"2024-05-06 00:00:00",418,12.98528,0.2026995,0.2900254,15.35923,0.2248332,0.4383188,14.57145,0.3381865,0.7551071,14.11481
"2024-05-06 12:00:00",419,12.8644,0.1978256,0.272656,14.06069,0.2233883,0.4335807,14.43541,0.3384168,0.7562494,14.1955
"2024-05-07 00:00:00",420,13.00878,0.1892491,0.2547027,13.59875,0.2177601,0.4151708,13.73469,0.3365777,0.7455297,13.79729
"2024-05-07 12:00:00",421,12.95758,0.1853471,0.2429326,12.66159,0.2158488,0.4083955,13.42446,0.3360504,0.7411566,13.59864
"2024-05-08 00:00:00",422,13.06503,0.1785906,0.2330157,13.76779,0.2095329,0.3935289,13.29748,0.3341318,0.7314467,13.29085
"2024-05-08 12:00:00",423,12.89294,0.1738245,0.2201605,12.69737,0.2078375,0.3897157,13.36528,0.3337954,0.7330441,13.40326
"2024-05-09 00:00:00",424,13.08182,0.1688144,0.2129964,13.87181,0.2014289,0.3730265,13.15433,0.3318512,0.7240892,13.11195
"2024-05-09 12:00:00",425,12.96597,0.1653328,0.2032431,13.27464,0.2005146,0.3730778,13.51356,0.3318246,0.7288328,13.36894
"2024-05-10 00:00:00",426,13.04992,0.1604669,0.1931235,14.9703,0.1933295,0.3548708,13.67741,0.3293264,0.7231945,13.31413
"2024-05-10 12:00:00",427,12.85936,0.1568877,0.1836713,14.25047,0.1927665,0.3558624,14.18436,0.3296386,0.7313449,13.76876
"2024-05-11 00:00:00",428,13.15401,0.1522923,0.1730688,14.20703,0.1875538,0.3397751,13.82445,0.3278694,0.7254531,13.63915
"2024-05-11 12:00:00",429,13.07174,0.1493469,0.1643036,12.91448,0.1868332,0.3356208,13.54484,0.3276154,0.724345,13.58197
"2024-05-12 00:00:00",430,13.15988,0.1454068,0.1581454,13.7063,0.1816928,0.3151306,13.2418,0.3251806,0.7139171,13.24594
"2024-05-12 12:00:00",431,13.07678,0.1740848,0.2046719,13.28331,0.1862645,0.3265373,13.50658,0.325479,0.7169657,13.39725
"2024-05-13 00:00:00",432,13.13554,0.3824654,0.4918079,16.08752,0.3466168,0.5690538,14.46487,0.3880959,0.7917133,13.68866
"2024-05-13 12:00:00",433,13.08517,0.3533174,0.4288199,14.72109,0.3238664,0.4822052,14.54658,0.3777004,0.6875255,14.06396
"2024-05-14 00:00:00",434,13.10532,0.342637,0.4345219,15.93213,0.3138845,0.4687618,14.48798,0.3722941,0.6668121,13.9241
"2024-05-14 12:00:00",435,13.08098,0.3351637,0.426548,15.54315,0.3105622,0.4724505,15.03827,0.369931,0.6650082,14.37943
"2024-05-15 00:00:00",436,13.08601,0.326639,0.430402,16.37168,0.3046586,0.4690466,15.1289,0.3671755,0.6591564,14.4679
"2024-05-15 12:00:00",437,13.01886,0.3250595,0.4212278,15.30999,0.3034692,0.4721463,15.2244,0.3660247,0.6591109,14.73995
"2024-05-16 00:00:00",438,13.10112,0.3202073,0.4293257,16.28038,0.2995893,0.4693624,15.13713,0.3640507,0.6521846,14.62819
"2024-05-16 12:00:00",439,13.02306,0.3149618,0.4162573,15.39733,0.2976658,0.471311,15.36345,0.3631899,0.6534429,14.90303
"2024-05-17 00:00:00",440,13.05663,0.3073431,0.4235452,16.73255,0.2916963,0.4654445,15.3507,0.3609548,0.6471875,14.79891
"2024-05-17 12:00:00",441,12.98612,0.301719,0.4092491,15.90776,0.2901059,0.4690259,15.76623,0.3604513,0.651501,15.19499
"2024-05-18 00:00:00",442,13.06167,0.2938001,0.4115458,16.99343,0.2835305,0.4606588,15.66533,0.3582825,0.6462453,15.09464
"2024-05-18 12:00:00",443,13.00962,0.288358,0.399209,16.36686,0.2823071,0.4639288,16.0745,0.3579365,0.6510887,15.46281
"2024-05-19 00:00:00",444,13.09608,0.2811062,0.3985194,17.18855,0.2766023,0.4558291,15.9859,0.3563081,0.6469615,15.3985
"2024-05-19 12:00:00",445,13.01466,0.2759991,0.3866656,16.65542,0.2753149,0.4569253,16.29357,0.355822,0.6507111,15.69117
"2024-05-20 00:00:00",446,13.08098,0.2664734,0.3873759,18.024,0.267478,0.4475893,16.42702,0.3537674,0.6471418,15.68723
"2024-05-20 12:00:00",447,12.98696,0.2598593,0.3723394,17.31924,0.2662874,0.4495889,16.86993,0.3535157,0.6537089,16.12412
"2024-05-21 00:00:00",448,13.06754,0.248615,0.3629744,17.92544,0.2580502,0.4364065,16.71555,0.3519372,0.6496721,16.05823
"2024-05-21 12:00:00",449,12.98864,0.2429138,0.3460534,16.90917,0.2567278,0.434813,16.78533,0.3520999,0.6525295,16.24901
"2024-05-22 00:00:00",450,13.13218,0.2356346,0.3366654,16.9016,0.2520642,0.4239896,16.38188,0.3506988,0.6471435,16.01495
"2024-05-22 12:00:00",451,13.0197,0.2295787,0.3157395,15.27931,0.250189,0.417698,15.97219,0.3503128,0.6450761,15.8982
"2024-05-23 00:00:00",452,13.09608,0.2206209,0.3113785,16.58574,0.2421453,0.4039337,15.69123,0.3482694,0.6355563,15.47809
"2024-05-23 12:00:00",453,12.98864,0.2138591,0.2949722,15.82304,0.2400612,0.4030707,16.01206,0.3480925,0.6391972,15.70265
"2024-05-24 00:00:00",454,13.09273,0.2022552,0.2761803,16.64708,0.23155,0.3875207,15.8226,0.3460919,0.6326882,15.49724
"2024-05-24 12:00:00",455,12.95842,0.195697,0.2564937,15.1433,0.2357948,0.3868658,15.73499,0.3460302,0.6349669,15.60346
"2024-05-25 00:00:00",456,13.10616,0.1861537,0.2389159,15.78397,0.230765,0.3719968,15.28813,0.3439353,0.6260093,15.20977
"2024-05-25 12:00:00",457,13.00543,0.1817235,0.2292018,15.41436,0.2339308,0.3741121,15.51476,0.3437761,0.6279711,15.31119
"2024-05-26 00:00:00",458,13.13134,0.1732771,0.2148269,16.19254,0.2273584,0.3602676,15.48031,0.342241,0.6235331,15.19119
"2024-05-26 12:00:00",459,13.01382,0.169543,0.2030869,14.73214,0.2269545,0.3575149,15.32441,0.3426888,0.6258,15.26885
"2024-05-27 00:00:00",460,13.08937,0.1636782,0.1945446,16.35713,0.2196549,0.340708,15.26552,0.3402444,0.618394,14.99997
"2024-05-27 12:00:00",461,12.9836,0.1596016,0.1846282,15.64757,0.2182285,0.3398966,15.71796,0.3406173,0.6246467,15.36291
"2024-05-28 00:00:00",462,13.04908,0.1509271,0.1702873,17.52507,0.2080316,0.3104165,15.85578,0.3366047,0.6176036,15.29724
"2024-05-28 12:00:00",463,12.98192,0.1465298,0.1614089,16.98325,0.206189,0.3083532,16.55399,0.3365948,0.6262331,15.86748
"2024-05-29 00:00:00",464,13.03565,0.1402361,0.1508302,18.77776,0.1957362,0.2801415,16.73956,0.3310091,0.6181539,15.91251
"2024-05-29 12:00:00",465,12.98192,0.137089,0.1438666,18.24032,0.1944751,0.2790752,17.48252,0.3304707,0.6269035,16.55466
"2024-05-30 00:00:00",466,13.00794,0.1328799,0.1337874,19.56124,0.1855999,0.2520494,17.54613,0.3234642,0.616032,16.61032
"2024-05-30 12:00:00",467,12.98528,0.1300586,0.1266259,18.75817,0.1844842,0.2479818,18.04123,0.3220747,0.6205308,17.1175
"2024-05-31 00:00:00",468,13.03397,0.130824,0.1229942,20.16983,0.1795826,0.2284438,18.07749,0.3149956,0.6079788,17.10397
"2024-05-31 12:00:00",469,12.95086,0.1288161,0.119188,19.25555,0.1800436,0.2293687,18.56879,0.3142675,0.613692,17.60076
"2024-06-01 00:00:00",470,13.03984,0.129229,0.120262,20.13305,0.1757723,0.2182725,18.35559,0.3078437,0.6010153,17.4843
"2024-06-01 12:00:00",471,12.9475,0.1270381,0.1155566,19.064,0.1758938,0.2175488,18.58708,0.3070478,0.6036376,17.77852
"2024-06-02 00:00:00",472,13.02306,0.1559769,0.1736849,20.72024,0.1733186,0.2122293,18.62132,0.2990075,0.5881445,17.65804
"2024-06-02 12:00:00",473,12.94247,0.3947411,0.5085726,17.98994,0.3561218,0.6027163,18.77239,0.3828503,0.7675138,18.52198
"2024-06-03 00:00:00",474,13.03817,0.3638054,0.4382592,18.74253,0.3430634,0.5150587,17.97449,0.3815447,0.6998589,17.73609
"2024-06-03 12:00:00",475,12.97017,0.3562294,0.4326366,18.33815,0.3372506,0.5080646,18.26054,0.3760878,0.6841795,17.81205
"2024-06-04 00:00:00",476,13.0474,0.347925,0.4351074,18.84181,0.3314061,0.5005389,18.075,0.3727053,0.6718928,17.61964
"2024-06-04 12:00:00",477,12.96681,0.3412687,0.4245612,18.04726,0.3279087,0.4977692,18.04739,0.3706568,0.665795,17.66753
"2024-06-05 00:00:00",478,13.02306,0.3338122,0.4342289,19.38503,0.3222803,0.4931845,18.10291,0.3680836,0.6567242,17.53697
"2024-06-05 12:00:00",479,12.94918,0.3275703,0.4217461,18.53174,0.3195028,0.4943925,18.40067,0.3669685,0.6575289,17.83672
"2024-06-06 00:00:00",480,12.9475,0.3205952,0.433197,20.13363,0.3137956,0.489693,18.44639,0.3647556,0.6509095,17.7392
"2024-06-06 12:00:00",481,12.92988,0.3152297,0.4227311,19.58077,0.3118524,0.4950946,19.04394,0.363929,0.6567844,18.21365
"2024-06-07 00:00:00",482,12.95422,0.3075966,0.4309531,21.13898,0.305927,0.4897472,19.14342,0.3619714,0.6529989,18.21897
"2024-06-07 12:00:00",483,12.92232,0.3017377,0.4166861,20.34856,0.30424,0.4938228,19.70517,0.3615883,0.6605451,18.73316
"2024-06-08 00:00:00",484,12.97772,0.2930622,0.4156426,21.20268,0.298265,0.484466,19.5398,0.3599007,0.656757,18.65688
"2024-06-08 12:00:00",485,12.92904,0.286962,0.401474,20.48094,0.2963487,0.485033,19.8625,0.3596698,0.6620595,18.97854
"2024-06-09 00:00:00",486,12.97856,0.2771841,0.4020445,21.8635,0.2901241,0.4768319,19.91372,0.3578268,0.659123,18.92788
"2024-06-09 12:00:00",487,12.92484,0.2703477,0.3848566,21.04552,0.288143,0.4769235,20.33192,0.3580137,0.6663507,19.34799
"2024-06-10 00:00:00",488,12.94247,0.2593259,0.380678,22.32759,0.2816837,0.4669296,20.34293,0.356369,0.6638367,19.29896
"2024-06-10 12:00:00",489,12.94415,0.2524768,0.3645051,21.58552,0.2797537,0.4663201,20.73602,0.3570276,0.671608,19.69347
"2024-06-11 00:00:00",490,12.99199,0.2378081,0.3487668,22.61552,0.2723703,0.4538121,20.71613,0.3551732,0.6695911,19.65243
"2024-06-11 12:00:00",491,12.93156,0.2287744,0.329362,21.90902,0.2694999,0.4510753,21.04738,0.3557369,0.6773916,19.99491
"2024-06-12 00:00:00",492,12.9282,0.2152464,0.3054772,23.43898,0.2609481,0.4360593,21.14898,0.3537377,0.6755594,19.96869
"2024-06-12 12:00:00",493,12.91477,0.2073505,0.2854911,22.62445,0.2577591,0.4330787,21.64143,0.3546817,0.6866004,20.44516
"2024-06-13 00:00:00",494,12.90805,0.1903404,0.2490447,23.90481,0.246694,0.4066534,21.61889,0.3514705,0.6826659,20.39602
"2024-06-13 12:00:00",495,12.89294,0.1808238,0.22705,22.62053,0.242224,0.3978533,21.91188,0.3524808,0.6928245,20.79392
"2024-06-14 00:00:00",496,13.00123,0.1665799,0.1980847,23.86353,0.2307675,0.3673922,21.72331,0.3487982,0.6863511,20.6079
"2024-06-14 12:00:00",497,12.9517,0.1622567,0.1884254,23.39246,0.2267575,0.3611713,22.22391,0.3502696,0.6975415,21.00953
"2024-06-15 00:00:00",498,13.0071,0.1556683,0.1729957,23.18946,0.218849,0.3363186,21.89641,0.3483233,0.6958773,20.91661
"2024-06-15 12:00:00",499,12.90637,0.15104,0.1611935,21.37524,0.2169301,0.3251885,21.39563,0.349514,0.6983036,20.80979
"2024-06-16 00:00:00",500,12.93575,0.1462383,0.1481649,23.12326,0.2099146,0.2931464,21.27579,0.3439918,0.686345,20.45593
"2024-06-16 12:00:00",501,12.88623,0.1424801,0.1401762,22.24108,0.2064563,0.2856419,21.69702,0.3448237,0.6951383,20.80028
"2024-06-17 00:00:00",502,12.93407,0.1388836,0.1328683,23.61579,0.1959978,0.2519971,21.58295,0.3378612,0.6831901,20.62397
"2024-06-17 12:00:00",503,12.88706,0.1357805,0.1267206,22.70298,0.1930751,0.2463588,22.01092,0.3385127,0.6920545,21.01775
"2024-06-18 00:00:00",504,12.9559,0.1341559,0.1229833,23.97285,0.1841512,0.2226508,21.88789,0.3302995,0.6776295,20.8665
"2024-06-18 12:00:00",505,12.88874,0.1317088,0.1178227,23.01752,0.1827676,0.220569,22.28998,0.3311634,0.6849508,21.24822
"2024-06-19 00:00:00",506,13.02725,0.1315267,0.1144687,23.58889,0.1773846,0.206214,21.93295,0.3255215,0.6749227,21.03089
"2024-06-19 12:00:00",507,12.88958,0.1290284,0.1082596,22.26134,0.1766023,0.2046149,21.97395,0.3285453,0.6875393,21.18826
"2024-06-20 00:00:00",508,12.95422,0.1299291,0.1050346,23.74834,0.171514,0.1907645,21.79772,0.3217084,0.6800071,20.91026
"2024-06-20 12:00:00",509,12.90553,0.1281873,0.1013169,22.97255,0.1721902,0.1926028,22.27544,0.3247492,0.6895161,21.29099
"2024-06-21 00:00:00",510,13.04152,0.12773,0.09911023,22.92928,0.1696403,0.186127,21.82146,0.322114,0.6805742,21.07239
"2024-06-21 12:00:00",511,12.92316,0.1259692,0.09601165,21.8372,0.1703243,0.1871833,21.60837,0.3271913,0.6866618,21.03343
"2024-06-22 00:00:00",512,13.06754,0.1260161,0.09508043,21.54098,0.1695724,0.1842403,21.10773,0.3274791,0.6792285,20.69947
"2024-06-22 12:00:00",513,12.95506,0.1554882,0.1423863,20.27235,0.1704821,0.1868605,20.66112,0.3312544,0.675886,20.47555
"2024-06-23 00:00:00",514,12.99116,0.3985456,0.533815,24.19706,0.3586186,0.5916184,21.88531,0.3937056,0.7871232,20.74753
"2024-06-23 12:00:00",515,12.90721,0.3721821,0.4856882,22.50304,0.3483415,0.5553244,22.02221,0.3899687,0.745418,21.16082
"2024-06-24 00:00:00",516,12.96849,0.3581606,0.4891242,23.2836,0.3365547,0.5387976,21.72993,0.3850263,0.7311853,20.91805
"2024-06-24 12:00:00",517,12.90721,0.3489402,0.4776615,22.55303,0.3322706,0.5404373,22.06159,0.3826395,0.7332826,21.22383
"2024-06-25 00:00:00",518,12.9601,0.3366359,0.4787168,23.55486,0.3236556,0.530248,21.97193,0.3785985,0.7263255,21.12477
"2024-06-25 12:00:00",519,12.90637,0.3289056,0.4615855,22.55402,0.3200953,0.5304895,22.19591,0.3767546,0.7300887,21.41137
"2024-06-26 00:00:00",520,12.9559,0.3173193,0.4618578,23.75944,0.3122547,0.5201056,22.11217,0.3730653,0.7235885,21.27426
"2024-06-26 12:00:00",521,12.9282,0.3108534,0.448678,23.22409,0.3096201,0.5221565,22.54232,0.3729635,0.7313045,21.62954
"2024-06-27 00:00:00",522,12.99955,0.3016724,0.4398351,23.33006,0.3040856,0.5116503,22.27239,0.3714135,0.7293392,21.52708
"2024-06-27 12:00:00",523,12.92064,0.2961828,0.4248406,22.54453,0.301778,0.5075796,22.20806,0.3708553,0.7312819,21.57096
"2024-06-28 00:00:00",524,13.02389,0.2887843,0.4233476,23.36901,0.2974706,0.5006978,22.14968,0.3694668,0.728656,21.42411
"2024-06-28 12:00:00",525,12.91309,0.284107,0.4057652,22.15518,0.2957357,0.4971254,22.0723,0.3696464,0.7315515,21.52515
"2024-06-29 00:00:00",526,12.97856,0.277313,0.410004,23.49075,0.2917546,0.4907857,22.00279,0.3689773,0.72778,21.31186
"2024-06-29 12:00:00",527,12.92316,0.2713386,0.3966944,22.93586,0.2900617,0.4920494,22.42979,0.3687891,0.7350081,21.63766
"2024-06-30 00:00:00",528,12.98192,0.2616274,0.3895215,23.53801,0.2853641,0.4828999,22.26668,0.3677905,0.7337528,21.53564
"2024-06-30 12:00:00",529,12.88455,0.2538761,0.3717968,22.61562,0.282935,0.4794052,22.33257,0.3680532,0.7377331,21.69232
"2024-07-01 00:00:00",530,12.99787,0.2483766,0.3705919,23.51871,0.2790239,0.4723547,22.23861,0.3673234,0.7350028,21.54171
"2024-07-01 12:00:00",531,12.92652,0.2450205,0.3619806,22.85504,0.2774592,0.4728727,22.41742,0.3679153,0.7399231,21.73472
"2024-07-02 00:00:00",532,12.9836,0.2368805,0.3552575,23.68077,0.2733569,0.4671184,22.39472,0.3665813,0.7389763,21.65277
"2024-07-02 12:00:00",533,12.89882,0.2312146,0.3376487,22.57169,0.2712513,0.4633028,22.4058,0.3671184,0.7435675,21.81246
"2024-07-03 00:00:00",534,12.9282,0.2213186,0.3240631,23.72039,0.2657018,0.452426,22.30715,0.3648181,0.739476,21.62306
"2024-07-03 12:00:00",535,12.85685,0.2145387,0.3026494,22.25511,0.2634488,0.447695,22.37113,0.3655508,0.7448027,21.82373
"2024-07-04 00:00:00",536,12.93743,0.2015811,0.2799601,23.42057,0.2558521,0.4298413,22.06508,0.3623544,0.7368402,21.49733
"2024-07-04 12:00:00",537,12.85349,0.1933915,0.2589045,22.25471,0.2523159,0.4237095,22.27162,0.3629181,0.742433,21.71823
"2024-07-05 00:00:00",538,12.93323,0.1801417,0.2349873,23.5417,0.2447362,0.4073112,22.04859,0.3590844,0.7342694,21.443
"2024-07-05 12:00:00",539,12.81068,0.1729004,0.2167687,22.35605,0.2409974,0.4009447,22.30753,0.3597214,0.7411535,21.71364
"2024-07-06 00:00:00",540,12.91309,0.1622677,0.1905462,23.72832,0.2297236,0.3702582,22.13326,0.3547537,0.731992,21.47352
"2024-07-06 12:00:00",541,12.84929,0.1568798,0.1771277,22.51938,0.2254196,0.3617857,22.42429,0.3556314,0.7399332,21.7866
"2024-07-07 00:00:00",542,12.93827,0.1499349,0.1590252,23.84698,0.2118949,0.3199688,22.21626,0.3492584,0.7278196,21.54416
"2024-07-07 12:00:00",543,12.84509,0.1458641,0.1490097,22.80649,0.2072414,0.3106647,22.5826,0.3497028,0.7356921,21.88303
"2024-07-08 00:00:00",544,12.94247,0.1415224,0.1365026,24.10186,0.1959023,0.2685862,22.39507,0.3407083,0.7188815,21.67241
"2024-07-08 12:00:00",545,12.86272,0.1383403,0.1286953,23.16336,0.1921171,0.2595364,22.7909,0.3408662,0.7254516,22.02989
"2024-07-09 00:00:00",546,12.86944,0.1368873,0.1167728,24.55633,0.1825852,0.2279348,22.69465,0.3304321,0.7061695,21.87323
"2024-07-09 12:00:00",547,12.85852,0.134264,0.1099298,23.52368,0.1807572,0.2244659,23.10073,0.3308888,0.7139407,22.26506
"2024-07-10 00:00:00",548,12.91561,0.1334229,0.1043443,24.90318,0.1733602,0.2014012,22.96523,0.3176048,0.6887403,22.10051
"2024-07-10 12:00:00",549,12.89798,0.1312868,0.09961833,24.0387,0.1729247,0.2007309,23.44074,0.3172521,0.6943389,22.51491
"2024-07-11 00:00:00",550,12.89042,0.1310042,0.09752549,25.41907,0.1672001,0.1859586,23.36097,0.3006769,0.6605607,22.39447
"2024-07-11 12:00:00",551,12.87028,0.12932,0.0941794,24.77684,0.1673659,0.1871736,23.90374,0.298136,0.6609312,22.84978
"2024-07-12 00:00:00",552,12.90889,0.1294161,0.09424911,26.182,0.1632295,0.1777187,23.92768,0.2771571,0.6171204,22.81022
"2024-07-12 12:00:00",553,12.87531,0.1274291,0.09059849,25.20934,0.1641576,0.1801127,24.42662,0.2751473,0.616011,23.2877
"2024-07-13 00:00:00",554,12.95002,0.1273067,0.09041552,26.12303,0.1602567,0.1720722,24.11662,0.2553119,0.571296,23.11411
"2024-07-13 12:00:00",555,12.87951,0.1262661,0.0884321,25.71206,0.1615199,0.1751356,24.75307,0.2526606,0.5703092,23.56252
"2024-07-14 00:00:00",556,12.95002,0.1258589,0.08812536,26.19666,0.1582471,0.1687265,24.38349,0.2351018,0.531611,23.4029
"2024-07-14 12:00:00",557,12.85601,0.1247092,0.08601015,25.61899,0.1592697,0.1708868,24.81677,0.2331554,0.5335192,23.73951
"2024-07-15 00:00:00",558,12.9559,0.1248792,0.08682215,26.38741,0.1565034,0.165921,24.51999,0.2184861,0.4996813,23.55466
"2024-07-15 12:00:00",559,12.87615,0.1241276,0.08529622,26.02723,0.1578908,0.168767,25.09639,0.2176606,0.5054604,23.95286
"2024-07-16 00:00:00",560,12.95758,0.1239551,0.08517639,26.22642,0.1556439,0.1646561,24.66806,0.2080349,0.4815479,23.77044
"2024-07-16 12:00:00",561,12.84761,0.1231935,0.0839238,25.88927,0.1566802,0.1665824,25.05556,0.2079249,0.4872078,24.02553
"2024-07-17 00:00:00",562,12.97856,0.1237513,0.08513477,26.59983,0.1548043,0.1638728,24.83132,0.1998201,0.4666668,23.87674
"2024-07-17 12:00:00",563,12.8686,0.1226599,0.08339097,26.05277,0.1558262,0.1660273,25.27286,0.2005712,0.4748325,24.21627
"2024-07-18 00:00:00",564,12.90134,0.1233972,0.08488096,26.87806,0.1537672,0.1629101,24.99215,0.1933421,0.4550112,24.03366
"2024-07-18 12:00:00",565,12.8644,0.1223648,0.08305804,26.36996,0.1550394,0.1654969,25.55635,0.1944952,0.4654076,24.4372
"2024-07-19 00:00:00",566,12.94079,0.1223414,0.0832523,26.60341,0.1529173,0.1620834,25.09776,0.1892416,0.4484634,24.21864
"2024-07-19 12:00:00",567,12.8686,0.1211299,0.08124094,25.90085,0.1538575,0.1633786,25.33701,0.1908139,0.4586607,24.42241
"2024-07-20 00:00:00",568,12.91393,0.1217259,0.08237108,26.3729,0.1521447,0.1609904,24.91451,0.1863712,0.4440094,24.14571
"2024-07-20 12:00:00",569,12.87028,0.1215934,0.08181132,26.31351,0.1533616,0.1636162,25.47323,0.1874942,0.4534242,24.45324
"2024-07-21 00:00:00",570,12.93156,0.3711217,0.5982167,28.20237,0.3172936,0.5964733,26.57438,0.3166805,0.8716553,25.27337
"2024-07-21 12:00:00",571,12.86272,0.3718476,0.5738945,26.12815,0.3468677,0.653506,26.19197,0.3759176,1.006367,25.43706
"2024-07-22 00:00:00",572,12.99116,0.3558126,0.5540122,25.58756,0.3373847,0.6228741,25.08529,0.3702414,0.9637674,24.65397
"2024-07-22 12:00:00",573,12.87699,0.3464015,0.5327918,24.4117,0.3325379,0.6131661,24.77043,0.3678726,0.9429921,24.42329
"2024-07-23 00:00:00",574,13.0197,0.3360268,0.5254377,24.63663,0.3252269,0.5962704,24.13248,0.3642278,0.9187769,23.91652
"2024-07-23 12:00:00",575,12.91645,0.3298287,0.5099871,23.88038,0.3218538,0.5953671,24.19545,0.3628221,0.9118492,23.88251
"2024-07-24 00:00:00",576,13.01634,0.3201802,0.502179,24.13102,0.3149783,0.5797182,23.62386,0.3591995,0.8959301,23.46498
"2024-07-24 12:00:00",577,12.92232,0.31524,0.4915065,23.74451,0.3123353,0.5804094,23.8595,0.3580041,0.896018,23.51324
"2024-07-25 00:00:00",578,12.99955,0.3054603,0.4852807,24.24932,0.3057846,0.5668366,23.49364,0.3550749,0.8851957,23.23079
"2024-07-25 12:00:00",579,12.94247,0.2999088,0.4750709,24.08248,0.3031573,0.5682753,23.90559,0.3549371,0.8905788,23.41283
"2024-07-26 00:00:00",580,13.01802,0.2887315,0.4652118,24.55213,0.2965039,0.5549404,23.67562,0.3525611,0.8850726,23.26267
"2024-07-26 12:00:00",581,12.93072,0.2828755,0.45188,24.25512,0.2939019,0.5533342,23.98612,0.3527111,0.8918089,23.452
"2024-07-27 00:00:00",582,13.0155,0.2762201,0.4475752,24.96466,0.2889486,0.5387759,23.87654,0.351519,0.8864368,23.34326
"2024-07-27 12:00:00",583,12.92736,0.2723043,0.4373741,24.64042,0.2877209,0.5408655,24.27795,0.3518623,0.8945099,23.62218
"2024-07-28 00:00:00",584,12.99619,0.2666627,0.4373236,25.25621,0.2843551,0.5343664,24.12842,0.3508516,0.8933123,23.52599
"2024-07-28 12:00:00",585,12.89966,0.2608629,0.4190821,24.3054,0.2826319,0.5324821,24.30364,0.3513856,0.9000402,23.74153
"2024-07-29 00:00:00",586,12.99367,0.2519588,0.4127638,24.71829,0.2775906,0.5193812,23.85077,0.3493588,0.893777,23.44443
"2024-07-29 12:00:00",587,12.87615,0.2455816,0.3942571,23.80081,0.2753687,0.5162796,23.98719,0.3498586,0.9002871,23.56501
"2024-07-30 00:00:00",588,12.99116,0.2348368,0.3848307,24.41312,0.2691936,0.5011938,23.55297,0.3479583,0.8918208,23.22604
"2024-07-30 12:00:00",589,12.87112,0.2277512,0.3663912,23.65134,0.2665281,0.4981886,23.80523,0.3482827,0.8990287,23.39201
"2024-07-31 00:00:00",590,12.99787,0.2149135,0.3476889,24.29735,0.2590109,0.4804263,23.42024,0.3456523,0.8905011,23.09162
"2024-07-31 12:00:00",591,12.89714,0.2072259,0.3273556,23.58064,0.2557241,0.4761192,23.69866,0.3460436,0.8996065,23.28356
"2024-08-01 00:00:00",592,12.98948,0.1950842,0.3043368,24.47458,0.2470158,0.4568453,23.41911,0.343595,0.8917469,23.02905
"2024-08-01 12:00:00",593,12.88287,0.1887456,0.2863552,23.80588,0.2440912,0.4531977,23.81199,0.3445018,0.9021329,23.3101
"2024-08-02 00:00:00",594,12.97353,0.1781003,0.2639514,24.69993,0.2341415,0.4287106,23.53544,0.3405588,0.8927121,23.08837
"2024-08-02 12:00:00",595,12.89294,0.1734681,0.2518521,24.36485,0.2310184,0.4253257,24.07919,0.3415733,0.9063896,23.43866
"2024-08-03 00:00:00",596,12.97353,0.1657145,0.2339051,25.23822,0.2204752,0.3960138,23.90911,0.3367049,0.8963374,23.3201
"2024-08-03 12:00:00",597,12.89546,0.1623923,0.2247431,24.9069,0.2186897,0.3959556,24.45686,0.3378593,0.9120751,23.7103
"2024-08-04 00:00:00",598,12.98276,0.1571293,0.2116532,25.77597,0.2071561,0.3582082,24.32634,0.3313262,0.900434,23.63172
"2024-08-04 12:00:00",599,12.91309,0.1547159,0.2048411,25.55301,0.2031211,0.3505864,24.89747,0.3327488,0.9136558,24.03686
"2024-08-05 00:00:00",600,13.02725,0.1520763,0.1967491,25.89376,0.1937663,0.3187801,24.71153,0.32713,0.9047735,23.99013
"2024-08-05 12:00:00",601,12.93659,0.1500161,0.1899807,25.17342,0.1908925,0.3123535,24.8369,0.3289422,0.915609,24.17654
"2024-08-06 00:00:00",602,12.99283,0.1476816,0.1811746,26.21092,0.1817068,0.2765855,24.75219,0.3189521,0.8923801,24.03878
"2024-08-06 12:00:00",603,12.91477,0.1459642,0.1754563,25.9785,0.1798244,0.2722372,25.29968,0.3193274,0.903329,24.41832
"2024-08-07 00:00:00",604,12.99283,0.1445382,0.1651693,26.78171,0.1733402,0.2463646,25.20885,0.3073999,0.876866,24.37035
"2024-08-07 12:00:00",605,12.92148,0.1430554,0.1602487,26.5017,0.1727144,0.2457305,25.71582,0.3074015,0.8868852,24.75187
"2024-08-08 00:00:00",606,13.0155,0.1418085,0.1534621,26.72285,0.1687549,0.230055,25.47937,0.2966792,0.8613755,24.67616
"2024-08-08 12:00:00",607,12.91309,0.1398061,0.1478046,25.93454,0.1683064,0.2295756,25.58538,0.2973071,0.8663766,24.84488
"2024-08-09 00:00:00",608,13.01298,0.1390899,0.1443241,26.49409,0.1647096,0.2163493,25.30989,0.2841476,0.8344765,24.63231
"2024-08-09 12:00:00",609,12.92148,0.1376514,0.1404128,25.82598,0.1651437,0.2185501,25.50437,0.2858278,0.8438609,24.815
"2024-08-10 00:00:00",610,12.97437,0.1373662,0.1378703,26.16929,0.1625807,0.2097243,25.20084,0.2749658,0.8151351,24.60316
"2024-08-10 12:00:00",611,12.85349,0.1353287,0.1321691,24.95262,0.1629442,0.2111582,25.1199,0.2780907,0.8245129,24.66361
"2024-08-11 00:00:00",612,12.98696,0.3935647,0.7092471,27.0263,0.3341881,0.6498723,25.80408,0.3599015,1.097707,24.97961
"2024-08-11 12:00:00",613,12.86356,0.3762649,0.6247054,25.57331,0.3669392,0.6553476,25.93408,0.3857166,1.023511,25.53713
"2024-08-12 00:00:00",614,12.99283,0.3588971,0.5949606,25.50797,0.3611436,0.62379,25.05413,0.3765662,0.9736407,24.79675
"2024-08-12 12:00:00",615,12.86608,0.3513091,0.578427,24.72134,0.3569001,0.6212305,24.9621,0.3737125,0.9609843,24.68057
"2024-08-13 00:00:00",616,12.97521,0.3422886,0.5727029,24.81867,0.3496254,0.6089189,24.46226,0.3703879,0.9435856,24.30167
"2024-08-13 12:00:00",617,12.85685,0.3422747,0.5744087,24.51399,0.3485609,0.6146063,24.57398,0.3698128,0.9390671,24.28074
"2024-08-14 00:00:00",618,13.0155,0.3493389,0.5914517,24.07742,0.3520836,0.6235613,24.05651,0.3697988,0.9290083,23.9854
"2024-08-14 12:00:00",619,12.88455,0.3465012,0.5827848,23.46194,0.352097,0.6260659,23.86812,0.3691396,0.918669,23.81247
"2024-08-15 00:00:00",620,12.98444,0.3392749,0.5821601,23.88061,0.3469092,0.6166036,23.522,0.3668053,0.902886,23.47241
"2024-08-15 12:00:00",621,12.82663,0.3343563,0.5686384,23.38481,0.3444238,0.6174977,23.68077,0.3659325,0.9006876,23.52307
"2024-08-16 00:00:00",622,12.95758,0.3254508,0.5619462,23.80459,0.3378911,0.6039051,23.35287,0.363223,0.8903541,23.26051
"2024-08-16 12:00:00",623,12.82579,0.3210067,0.546919,23.33299,0.3355106,0.6041743,23.58684,0.3627843,0.8929712,23.37366
"2024-08-17 00:00:00",624,12.91645,0.3112617,0.5353129,23.57187,0.3285345,0.5887874,23.1911,0.3603845,0.8835871,23.11279
"2024-08-17 12:00:00",625,12.78046,0.3058991,0.5172114,22.93175,0.3256877,0.5862105,23.31981,0.3603167,0.8869799,23.1831
"2024-08-18 00:00:00",626,12.99199,0.2981528,0.5049729,22.85496,0.3202992,0.571697,22.83432,0.3588931,0.8797725,22.8781
"2024-08-18 12:00:00",627,12.86356,0.294866,0.4922226,22.35957,0.3186028,0.5682191,22.76453,0.359007,0.8796282,22.79243
"2024-08-19 00:00:00",628,12.87112,0.2878886,0.4893502,23.01398,0.3138323,0.5589341,22.63447,0.3572023,0.8746083,22.58344
"2024-08-19 12:00:00",629,12.83754,0.2842332,0.4781347,22.71696,0.3124463,0.5591654,22.86308,0.357577,0.8797529,22.70971
"2024-08-20 00:00:00",630,12.97688,0.276001,0.4741314,23.46926,0.3072045,0.5496659,22.79848,0.3555042,0.8755475,22.5971
"2024-08-20 12:00:00",631,12.8409,0.2710463,0.4601488,23.09258,0.3054279,0.5501635,23.14864,0.3559536,0.8830183,22.83945
"2024-08-21 00:00:00",632,12.86356,0.2602334,0.4496691,23.63089,0.2987206,0.5364444,22.94281,0.3540972,0.879322,22.70453
"2024-08-21 12:00:00",633,12.81907,0.2549535,0.4365927,23.45623,0.2967552,0.5362288,23.33339,0.3541896,0.8870429,22.94295
"2024-08-22 00:00:00",634,12.91477,0.2461719,0.4218282,23.4128,0.291525,0.523706,23.06696,0.3539522,0.8854671,22.84541
"2024-08-22 12:00:00",635,12.78381,0.2420973,0.4087046,22.84269,0.2899436,0.5200154,23.0231,0.3536732,0.8887044,22.85102
"2024-08-23 00:00:00",636,13.00207,0.2363959,0.3981754,22.75565,0.2863498,0.5106315,22.67314,0.3535389,0.8838567,22.62087
"2024-08-23 12:00:00",637,12.89126,0.233304,0.3873038,22.24907,0.2852349,0.5074794,22.56553,0.3539093,0.8847609,22.53617
"2024-08-24 00:00:00",638,13.02137,0.2315404,0.3847793,22.33419,0.2838501,0.5021867,22.26777,0.3540592,0.8797505,22.28716
"2024-08-24 12:00:00",639,12.88119,0.2296952,0.3795784,21.79587,0.2835986,0.5024364,22.20847,0.3546094,0.8801724,22.23366
"2024-08-25 00:00:00",640,12.95842,0.22644,0.3823215,22.22498,0.279976,0.4987309,22.01508,0.3530671,0.8757638,22.02057
"2024-08-25 00:00:00",640,12.95842,0.22644,0.3823215,22.22498,0.279976,0.4987309,22.01508,0.3530671,0.8757638,22.02057
"2024-08-25 00:00:00",640,12.95842,0.22644,0.3823215,22.22498,0.279976,0.4987309,22.01508,0.3530671,0.8757638,22.02057
"2024-08-25 00:00:00",640,12.95842,0.22644,0.3823215,22.22498,0.279976,0.4987309,22.01508,0.3530671,0.8757638,22.02057
"2024-08-25 12:00:00",641,12.93407,0.2261364,0.3804056,21.7635,0.2786572,0.5008142,22.09116,0.3535025,0.8805702,22.06455
"2024-08-26 00:00:00",642,13.00794,0.2254776,0.3807486,21.63288,0.275409,0.4945441,21.75562,0.3528271,0.877715,21.8465
"2024-08-26 12:00:00",643,12.90637,0.2283816,0.3809662,20.84386,0.274475,0.4930794,21.52782,0.3531913,0.8784149,21.72097
"2024-08-27 00:00:00",644,12.9517,0.2311628,0.3934039,21.24744,0.2704253,0.48622,21.23752,0.3513548,0.8727509,21.41504
"2024-08-27 12:00:00",645,12.85097,0.2348462,0.3945201,20.6296,0.2693247,0.4866821,21.30006,0.3515868,0.8773601,21.43905
"2024-08-28 00:00:00",646,12.96849,0.2325369,0.3975395,20.98728,0.2649497,0.4772494,20.95762,0.3501068,0.8719046,21.15844
"2024-08-28 12:00:00",647,12.85769,0.2322651,0.3926052,20.53017,0.264082,0.477352,21.1175,0.3505802,0.8775625,21.2236
"2024-08-29 00:00:00",648,12.94331,0.2273955,0.3891873,20.93802,0.2593546,0.4664162,20.83157,0.3486351,0.8724853,20.99344
"2024-08-29 12:00:00",649,12.83418,0.2260484,0.3810264,20.46868,0.2584242,0.4656302,21.01756,0.3495329,0.8781328,21.09398
"2024-08-30 00:00:00",650,12.94918,0.2214862,0.3758461,20.85916,0.2541887,0.454704,20.72886,0.3477394,0.8736486,20.87727
"2024-08-30 12:00:00",651,12.83502,0.220057,0.3682657,20.53191,0.2536856,0.4549217,20.97827,0.3489597,0.879737,21.00573
"2024-08-31 00:00:00",652,12.93659,0.2132229,0.3537196,20.92766,0.2484299,0.4417931,20.73908,0.3466877,0.8747087,20.83334
"2024-08-31 12:00:00",653,12.81571,0.2096278,0.3397261,20.31087,0.247351,0.4398074,20.89997,0.3475347,0.881341,20.95259
"2024-09-01 00:00:00",654,12.94918,0.2010956,0.3186314,20.67203,0.2413891,0.4228849,20.54583,0.3449684,0.8743463,20.70257
"2024-09-01 12:00:00",655,12.85936,0.1977569,0.3087965,20.57944,0.2403438,0.4220584,20.86011,0.3457907,0.8819247,20.84089
"2024-09-02 00:00:00",656,12.96765,0.1890633,0.2882586,21.18354,0.2345104,0.4057724,20.80748,0.3432077,0.8778943,20.76912
"2024-09-02 12:00:00",657,12.82495,0.1852383,0.2764113,20.70571,0.2332142,0.4034157,21.03268,0.3443715,0.8874243,20.95639
"2024-09-03 00:00:00",658,12.93911,0.1763908,0.2533859,21.13306,0.226134,0.3796697,20.80716,0.3408625,0.8793744,20.80351
"2024-09-03 12:00:00",659,12.82495,0.1725385,0.2423889,20.67573,0.224368,0.3755848,21.04336,0.3419565,0.889183,20.96949
"2024-09-04 00:00:00",660,12.9601,0.1643003,0.2221231,21.17995,0.2162112,0.3468811,20.81213,0.3372539,0.8793213,20.8028
"2024-09-04 12:00:00",661,12.8644,0.1611138,0.2149393,21.25037,0.2137615,0.3416441,21.22088,0.3379458,0.8900548,21.02147
"2024-09-05 00:00:00",662,12.94331,0.1550202,0.2002995,22.02053,0.2053211,0.3091266,21.30346,0.3325632,0.8830324,21.04669
"2024-09-05 12:00:00",663,12.78801,0.1522993,0.1921882,21.44948,0.2035281,0.3045537,21.59142,0.334011,0.8980569,21.323
"2024-09-06 00:00:00",664,12.9601,0.1477154,0.1765903,21.52305,0.1952258,0.274355,21.22296,0.3280971,0.8859327,21.14636
"2024-09-06 12:00:00",665,12.84174,0.1454854,0.1689984,20.95325,0.1931153,0.2695094,21.32597,0.3289655,0.8960262,21.23271
"2024-09-07 00:00:00",666,12.93827,0.1426294,0.1570383,21.4302,0.1857007,0.2452604,21.06524,0.3216445,0.8817427,21.02556
"2024-09-07 12:00:00",667,12.79389,0.1413784,0.1519978,20.86803,0.1851645,0.2446991,21.25858,0.3232754,0.8957474,21.16432
"2024-09-08 00:00:00",668,12.93491,0.3607609,0.6575522,22.45627,0.3342188,0.658042,21.60618,0.379185,1.041947,21.23794
"2024-09-08 12:00:00",669,12.80396,0.3517856,0.5872538,21.63555,0.3500675,0.6551852,21.8502,0.377861,0.9250329,21.57322
"2024-09-09 00:00:00",670,12.9559,0.338702,0.564914,21.2304,0.3400804,0.6221007,21.17961,0.3712756,0.8881065,21.22644
"2024-09-09 12:00:00",671,12.80984,0.3321679,0.5532118,20.79715,0.3362586,0.6160081,21.20082,0.3682951,0.8736813,21.18714
"2024-09-10 00:00:00",672,12.97521,0.3221893,0.5429552,20.80328,0.3291031,0.5999485,20.79382,0.3645142,0.8559178,20.9186
"2024-09-10 12:00:00",673,12.82914,0.317381,0.5358955,20.61583,0.3256513,0.5986784,20.93428,0.3626888,0.8489997,20.93514
"2024-09-11 00:00:00",674,12.95758,0.3082426,0.5282823,20.86404,0.3194904,0.5872841,20.70512,0.3599013,0.8375468,20.76473
"2024-09-11 12:00:00",675,12.84929,0.3038522,0.5192344,20.6419,0.3167944,0.5864411,20.89371,0.3588549,0.8369446,20.85046
"2024-09-12 00:00:00",676,12.9794,0.2955073,0.5081084,20.59226,0.3115073,0.5750622,20.61342,0.356477,0.8287902,20.69499
"2024-09-12 12:00:00",677,12.8325,0.2907701,0.4935707,20.02346,0.3087809,0.5702581,20.55937,0.3558982,0.8270999,20.66586
"2024-09-13 00:00:00",678,12.95422,0.2791441,0.4761635,19.87427,0.3022594,0.5537936,20.15086,0.352616,0.8157103,20.39032
"2024-09-13 12:00:00",679,12.7813,0.2730094,0.457304,19.12147,0.2990679,0.5458351,19.98699,0.3520283,0.8142253,20.27905
"2024-09-14 00:00:00",680,12.94415,0.2643525,0.4459989,19.16173,0.2937926,0.5311799,19.53614,0.349948,0.8047466,19.93234
"2024-09-14 12:00:00",681,12.8048,0.2595439,0.4298083,18.40702,0.291384,0.5256402,19.44367,0.3498327,0.8040884,19.83464
"2024-09-15 00:00:00",682,12.95506,0.2505442,0.420026,18.67182,0.2857361,0.5108303,19.00341,0.3472088,0.793734,19.46527
"2024-09-15 12:00:00",683,12.8048,0.2461755,0.4080078,18.2958,0.2838863,0.5083264,19.13308,0.3471818,0.7951106,19.46585
"2024-09-16 00:00:00",684,13.00878,0.2392257,0.3975507,18.29434,0.2796377,0.4960701,18.73899,0.3457676,0.7888109,19.18906
"2024-09-16 12:00:00",685,12.8963,0.2361924,0.3901823,18.25968,0.2778247,0.4936335,18.8454,0.3459657,0.7893063,19.15877
"2024-09-17 00:00:00",686,13.00291,0.2268821,0.3777741,18.6245,0.2721742,0.4833702,18.77159,0.3434292,0.7850024,19.04473
"2024-09-17 12:00:00",687,12.87951,0.2230563,0.3695813,18.61016,0.2700369,0.4812044,18.95809,0.3437283,0.788202,19.12294
"2024-09-18 00:00:00",688,12.94163,0.2136163,0.3475772,18.80735,0.2640836,0.4691342,18.89934,0.341298,0.7841112,19.0695
"2024-09-18 12:00:00",689,12.77878,0.2072884,0.3245495,17.6827,0.261208,0.4608025,18.71032,0.3414878,0.7857627,19.05289
"2024-09-19 00:00:00",690,12.9475,0.1977419,0.2989298,17.76864,0.2542255,0.4416749,18.18746,0.338456,0.7748194,18.66512
"2024-09-19 12:00:00",691,12.79473,0.1931814,0.2843503,17.12178,0.2518353,0.43626,18.17284,0.3389896,0.7760528,18.60703
"2024-09-20 00:00:00",692,12.9601,0.1836298,0.2627215,17.56654,0.2441588,0.4160663,17.83393,0.3350505,0.7660424,18.29876
"2024-09-20 12:00:00",693,12.83418,0.1794578,0.2518601,17.25243,0.241881,0.412158,18.04,0.3358556,0.7701773,18.36957
"2024-09-21 00:00:00",694,12.92568,0.1706106,0.232298,17.87889,0.2338085,0.3890805,17.88931,0.3315576,0.761381,18.20319
"2024-09-21 12:00:00",695,12.79641,0.1667353,0.222164,17.52458,0.2313929,0.3843874,18.16311,0.3322583,0.7680991,18.37146
"2024-09-22 00:00:00",696,12.99367,0.1604479,0.2055036,17.45899,0.2241706,0.3596838,17.82991,0.3291095,0.7612438,18.19589
"2024-09-22 12:00:00",697,12.88203,0.15892,0.2017637,17.34059,0.2221552,0.3557222,17.89112,0.3307093,0.7656977,18.18523
"2024-09-23 00:00:00",698,12.9794,0.1553574,0.1928246,17.88254,0.21647,0.3351035,17.88263,0.3279671,0.7610509,18.10472
"2024-09-23 12:00:00",699,12.84593,0.1527598,0.1852124,17.21904,0.2144228,0.3293882,17.96481,0.3289709,0.7667353,18.21034
"2024-09-24 00:00:00",700,12.96346,0.1484574,0.1745416,17.5809,0.2072341,0.2986954,17.68204,0.3243324,0.7562783,17.99656
"2024-09-24 12:00:00",701,12.82411,0.1462884,0.1685748,17.10357,0.2051767,0.2936724,17.84533,0.3250856,0.7616763,18.09087
"2024-09-25 00:00:00",702,12.94666,0.1430636,0.1584124,17.54401,0.1977579,0.2688171,17.58854,0.3199317,0.7500566,17.89455
"2024-09-25 12:00:00",703,12.81487,0.1416492,0.1540055,17.28969,0.1961681,0.2664393,17.86384,0.3207021,0.7564742,18.03784
"2024-09-26 00:00:00",704,12.91728,0.1391012,0.1432425,17.86114,0.1892559,0.2436438,17.72204,0.3143372,0.74436,17.92082
"2024-09-26 12:00:00",705,12.79137,0.1378937,0.1386037,17.56144,0.1879142,0.2419249,18.02927,0.3148899,0.7513745,18.11869
"2024-09-27 00:00:00",706,12.92064,0.1360739,0.1294201,18.21508,0.181436,0.2232261,17.92345,0.3072472,0.7368837,18.03098
"2024-09-27 12:00:00",707,12.79473,0.1347492,0.1251416,17.87021,0.1804404,0.2224384,18.25937,0.307318,0.7438768,18.26623
"2024-09-28 00:00:00",708,12.92316,0.1332448,0.1189608,18.32323,0.1745881,0.2063166,18.06185,0.2988784,0.7277215,18.15645
"2024-09-28 12:00:00",709,12.80984,0.1324114,0.1166377,18.17612,0.1741324,0.2063875,18.41745,0.2986043,0.733378,18.37226
"2024-09-29 00:00:00",710,12.88874,0.1315542,0.113261,18.7846,0.1695414,0.1940782,18.34275,0.2891177,0.7162702,18.32439
"2024-09-29 12:00:00",711,12.78969,0.1305401,0.1105696,18.41374,0.1697409,0.1954901,18.67034,0.2889502,0.7233738,18.56988
"2024-09-30 00:00:00",712,12.924,0.1297026,0.1078409,18.68286,0.1658103,0.1858302,18.42101,0.2797984,0.7057819,18.45275
"2024-09-30 12:00:00",713,12.79725,0.1289992,0.1062973,18.52308,0.1661619,0.1873953,18.71378,0.2792208,0.7112352,18.62674
"2024-10-01 00:00:00",714,12.89546,0.1281992,0.1046525,18.98582,0.1628476,0.1799736,18.58769,0.2687438,0.6922444,18.55291
"2024-10-01 12:00:00",715,12.72421,0.1268075,0.1016837,18.35574,0.163221,0.1812183,18.78887,0.2674237,0.6966488,18.73686
"2024-10-02 00:00:00",716,12.85433,0.1258389,0.09986719,18.46416,0.1599741,0.1741196,18.38475,0.2568312,0.6744769,18.51694
"2024-10-02 12:00:00",717,12.69567,0.1245447,0.09682638,17.67793,0.1602296,0.1749504,18.4342,0.2556161,0.6774438,18.56918
"2024-10-03 00:00:00",718,12.92568,0.124069,0.09572756,17.84248,0.1574495,0.1686682,17.95165,0.2450774,0.6533513,18.25249
"2024-10-03 12:00:00",719,12.73849,0.1230163,0.09364387,17.32759,0.1579215,0.1699335,18.08926,0.2437988,0.6556557,18.29232
"2024-10-04 00:00:00",720,12.90217,0.1227429,0.09334077,17.60578,0.1556524,0.1651335,17.7036,0.2340745,0.6331271,18.02212
"2024-10-04 12:00:00",721,12.75779,0.1217169,0.09144373,17.10698,0.1564589,0.1666387,17.86885,0.2334531,0.6372995,18.09219
"2024-10-05 00:00:00",722,12.92232,0.1216682,0.09156243,17.46375,0.1542608,0.1626007,17.53008,0.2244478,0.6157835,17.84721
"2024-10-05 12:00:00",723,12.75695,0.1208952,0.08996813,17.05258,0.1551828,0.1644291,17.7446,0.2242396,0.622153,17.9491
"2024-10-06 00:00:00",724,12.93072,0.1209278,0.09017583,17.38683,0.1531631,0.1610014,17.43733,0.2164161,0.6026328,17.73748
"2024-10-06 12:00:00",725,12.69232,0.1200687,0.0886772,16.98624,0.154114,0.1628202,17.65772,0.2166798,0.6103662,17.85073
"2024-10-07 00:00:00",726,12.96597,0.1199929,0.08878294,17.17483,0.1523484,0.1597631,17.31833,0.2104393,0.5946179,17.63935
"2024-10-07 12:00:00",727,12.80228,0.1190656,0.08694252,16.63901,0.1528892,0.1610464,17.43488,0.2110821,0.6033996,17.69815
"2024-10-08 00:00:00",728,12.94583,0.1192833,0.08744411,16.95375,0.1515651,0.1583961,17.09518,0.2057148,0.5884463,17.45546
"2024-10-08 12:00:00",729,12.79557,0.1184721,0.08587766,16.5208,0.152191,0.1600275,17.27905,0.2065266,0.5983184,17.54057
"2024-10-09 00:00:00",730,12.88287,0.1187565,0.08659948,16.87147,0.1509091,0.1576269,16.97999,0.2018048,0.5844672,17.32507
"2024-10-09 12:00:00",731,12.79557,0.1180394,0.08530649,16.53362,0.1515638,0.1594761,17.20039,0.2027255,0.5953638,17.4324
"2024-10-10 00:00:00",732,12.94079,0.1184951,0.0862793,16.98775,0.1503406,0.1574444,16.97516,0.1986487,0.582759,17.25915
"2024-10-10 12:00:00",733,12.77794,0.1176911,0.08479859,16.57754,0.1513694,0.1592941,17.21807,0.1994766,0.5947719,17.40672
"2024-10-11 00:00:00",734,12.8921,0.1180581,0.08562212,16.94221,0.1500956,0.1572575,16.94225,0.1960626,0.5838832,17.22424
"2024-10-11 12:00:00",735,12.72673,0.1175009,0.08452277,16.65004,0.1508622,0.1592933,17.20474,0.1971588,0.5965272,17.36802
"2024-10-12 00:00:00",736,12.94247,0.1179243,0.08536813,17.00357,0.1499953,0.1577178,16.97808,0.194709,0.5878735,17.21952
"2024-10-12 12:00:00",737,12.78381,0.1171559,0.0838404,16.55396,0.1507261,0.1593345,17.17061,0.1958127,0.6008769,17.34899
"2024-10-13 00:00:00",738,12.94499,0.1172983,0.08436295,16.77438,0.1495304,0.1574512,16.8705,0.1934343,0.5917915,17.15757
"2024-10-13 12:00:00",739,12.81403,0.1163338,0.08243694,16.17471,0.1501156,0.1585576,16.95996,0.1945564,0.6040707,17.22639
"2024-10-14 00:00:00",740,12.97101,0.1168312,0.08343606,16.49219,0.1489865,0.1568051,16.63305,0.1923308,0.5951562,16.98416
"2024-10-14 12:00:00",741,12.80144,0.1167649,0.08336325,16.55892,0.1500846,0.1590495,16.93414,0.1935057,0.6080531,17.10192
"2024-10-15 00:00:00",742,12.93995,0.1176466,0.08502726,17.20308,0.1495063,0.1590707,16.97851,0.1915809,0.6034232,17.08446
"2024-10-15 12:00:00",743,12.79389,0.1165721,0.08299523,16.57798,0.1502815,0.1605774,17.14751,0.1930324,0.618211,17.26587
"2024-10-16 00:00:00",744,12.88539,0.1168246,0.08350977,16.76809,0.1492707,0.1587273,16.80362,0.1913637,0.6111612,17.06289
"2024-10-16 12:00:00",745,12.84174,0.116312,0.08248795,16.47937,0.1499824,0.1603372,16.98595,0.1925555,0.6241557,17.15189
"2024-10-17 00:00:00",746,13.00375,0.1167482,0.08344269,16.80311,0.1492906,0.159498,16.81873,0.1913118,0.6188597,17.0264
"2024-10-17 12:00:00",747,12.8602,0.1166692,0.08313544,16.76178,0.1499328,0.161492,17.04264,0.1926463,0.6322116,17.1452
"2024-10-18 00:00:00",748,12.97605,0.1170639,0.08404606,17.03425,0.1496631,0.1614299,16.9904,0.1913981,0.6303646,17.10966
"2024-10-18 12:00:00",749,12.82159,0.1163966,0.08212709,16.45935,0.1505708,0.1625076,17.0245,0.192868,0.6449264,17.1855
"2024-10-19 00:00:00",750,13.03229,0.1151727,0.07952885,15.43381,0.1500998,0.1602465,16.385,0.1943111,0.6514031,16.8946
"2024-10-19 12:00:00",751,12.93072,0.113894,0.07713266,14.52484,0.150048,0.1587434,15.85352,0.1955793,0.6574886,16.53923
"2024-10-20 00:00:00",752,13.00375,0.11439,0.0777849,14.63054,0.1498895,0.1574501,15.42153,0.1962417,0.6586256,16.12437
"2024-10-20 12:00:00",753,12.8367,0.1136371,0.07633494,14.13408,0.1502381,0.1578729,15.31067,0.1978274,0.6670031,15.97364
"2024-10-21 00:00:00",754,13.00543,0.1142519,0.07702149,14.2634,0.1503698,0.1573893,15.00389,0.1987967,0.6707995,15.68036
"2024-10-21 12:00:00",755,12.88958,0.113983,0.07634749,14.01491,0.1510089,0.1588488,14.99779,0.2007135,0.6806796,15.60723
"2024-10-22 00:00:00",756,12.98444,0.1143746,0.0768149,14.15275,0.150871,0.1588925,14.79934,0.2022286,0.6862104,15.4163
"2024-10-22 12:00:00",757,12.82159,0.1131235,0.07444249,13.30187,0.1512983,0.1592276,14.64859,0.2043114,0.6954241,15.33727
"2024-10-23 00:00:00",758,12.93156,0.1135993,0.07498374,13.41634,0.1506467,0.1574617,14.18493,0.205366,0.6961548,14.97578
"2024-10-23 12:00:00",759,12.84845,0.1130645,0.07372421,12.97661,0.1508544,0.1587876,14.22968,0.2076533,0.7052879,14.92348
"2024-10-24 00:00:00",760,12.93743,0.1137168,0.07452948,13.20176,0.1506173,0.1576274,13.88272,0.2085145,0.7070956,14.6462
"2024-10-24 12:00:00",761,12.8409,0.113092,0.07321914,12.71056,0.1508256,0.1593669,13.95924,0.2109792,0.7168972,14.64286
"2024-10-25 00:00:00",762,12.95842,0.1135635,0.07374755,12.80422,0.1503177,0.1573828,13.56524,0.2115498,0.7176361,14.3604
"2024-10-25 12:00:00",763,12.81068,0.1127791,0.07229421,12.27571,0.1506897,0.158711,13.60162,0.2138388,0.7263479,14.33416
"2024-10-26 00:00:00",764,12.95842,0.113388,0.07294215,12.42884,0.1499902,0.1566226,13.21422,0.2140183,0.7256613,14.04515
"2024-10-26 12:00:00",765,12.79053,0.1126236,0.07151248,11.90088,0.1501568,0.1582389,13.2606,0.2163262,0.7337936,14.02353
"2024-10-27 00:00:00",766,12.89378,0.1133184,0.07252084,12.16253,0.1495574,0.1553772,12.90663,0.2159398,0.7314517,13.74596
"2024-10-27 12:00:00",767,12.80648,0.1126891,0.07143097,11.75415,0.1500041,0.1575768,13.0253,0.2181162,0.7395775,13.76251
"2024-10-28 00:00:00",768,13.00459,0.1131795,0.0722859,11.96962,0.1492353,0.1545746,12.71038,0.2174291,0.7366755,13.52853
"2024-10-28 12:00:00",769,12.84425,0.1136336,0.07294457,12.17193,0.1496104,0.1578742,12.99322,0.2192393,0.7450592,13.59864
"2024-10-29 00:00:00",770,13.02641,0.1140341,0.07372654,12.41097,0.1496014,0.1567088,12.94399,0.2186427,0.74577,13.56011
"2024-10-29 12:00:00",771,12.84341,0.1144954,0.07411813,12.56291,0.1501362,0.1594733,13.16746,0.2199913,0.7530358,13.6571
"2024-10-30 00:00:00",772,13.00627,0.114727,0.07452324,12.63739,0.1503435,0.1610318,13.16131,0.2213111,0.7593791,13.66304
"2024-10-30 12:00:00",773,12.83082,0.1138283,0.07279652,11.98437,0.1506106,0.1617841,13.03017,0.2234508,0.76701,13.64763
"2024-10-31 00:00:00",774,12.98528,0.113743,0.07225822,11.75311,0.150296,0.1610965,12.69041,0.2251572,0.7705638,13.42491
"2024-10-31 12:00:00",775,12.82747,0.1120357,0.06911746,10.554,0.1501691,0.1599611,12.28607,0.2275887,0.7750413,13.22542
"2024-11-01 00:00:00",776,12.97017,0.1123382,0.06953966,10.53307,0.1494739,0.1576393,11.7213,0.2284356,0.7724902,12.76275
"2024-11-01 12:00:00",777,12.8006,0.1111727,0.06739962,9.719542,0.1493599,0.157823,11.53703,0.2307142,0.7772511,12.58124
"2024-11-02 00:00:00",778,12.93491,0.1114011,0.06754231,9.625322,0.1486953,0.1553772,10.96479,0.2316776,0.77469,12.13776
"2024-11-02 12:00:00",779,12.83082,0.1106453,0.06618836,9.093723,0.1487893,0.1560781,10.87345,0.2340127,0.7797964,11.97597
"2024-11-03 00:00:00",780,13.00878,0.1110795,0.066853,9.18966,0.1482188,0.1544749,10.45317,0.234921,0.7788463,11.61924
"2024-11-03 12:00:00",781,12.87112,0.111879,0.06823818,9.716794,0.1489279,0.1572909,10.74817,0.2372034,0.7870566,11.61499
"2024-11-04 00:00:00",782,13.00878,0.1127776,0.06930284,10.04235,0.1495134,0.1590833,10.85132,0.2395148,0.7956821,11.63499
"2024-11-04 12:00:00",783,12.84677,0.1124724,0.06862847,9.75085,0.1500239,0.1607346,10.89669,0.2423061,0.8055896,11.68842
"2024-11-05 00:00:00",784,12.91645,0.1125659,0.06864447,9.696997,0.1496548,0.1605137,10.7135,0.2441,0.8101696,11.569
"2024-11-05 12:00:00",785,12.82159,0.1110709,0.06612896,8.697853,0.1496447,0.1601036,10.43655,0.2464672,0.815545,11.45335
"2024-11-06 00:00:00",786,13.0155,0.1111405,0.06597649,8.47064,0.1493197,0.1585056,9.942987,0.248021,0.8151361,11.08491
"2024-11-06 12:00:00",787,12.83586,0.1105978,0.06499065,8.026989,0.1494455,0.1585422,9.716018,0.2504466,0.8185901,10.87232
"2024-11-07 00:00:00",788,12.99955,0.1110271,0.06548779,8.114471,0.1491074,0.1581588,9.469626,0.2523004,0.8202742,10.61119
"2024-11-07 12:00:00",789,12.75947,0.1100454,0.06378651,7.452148,0.1491116,0.1584274,9.318418,0.2544637,0.8250719,10.47952
"2024-11-08 00:00:00",790,12.97605,0.1099198,0.06349563,7.197191,0.1484068,0.1562469,8.771449,0.2557634,0.8227643,10.09064
"2024-11-08 12:00:00",791,12.82243,0.109531,0.06289412,6.897957,0.1484056,0.1569316,8.678813,0.2579858,0.8260903,9.913184
"2024-11-09 00:00:00",792,13.02054,0.1106991,0.06460786,7.392672,0.1486043,0.1574665,8.541973,0.2598264,0.8282916,9.691116
"2024-11-09 12:00:00",793,12.82998,0.1115107,0.06587103,7.87589,0.1492752,0.1606942,8.878959,0.2624262,0.8378816,9.770006
"2024-11-10 00:00:00",794,12.97185,0.1126418,0.0677495,8.549959,0.1498806,0.1630848,9.115468,0.2645687,0.8466533,9.855355
"2024-11-10 12:00:00",795,12.79473,0.1115064,0.06576587,7.821991,0.1500791,0.1646407,9.179224,0.2671224,0.8565226,9.999173
"2024-11-11 00:00:00",796,12.95674,0.1118984,0.06628784,7.87987,0.1498625,0.1635503,8.83272,0.268334,0.85708,9.788826
"2024-11-11 12:00:00",797,12.79137,0.1111153,0.06489819,7.347568,0.1499389,0.1648699,8.857806,0.2706199,0.8631804,9.786707
"2024-11-12 00:00:00",798,12.96094,0.1116145,0.06556995,7.444124,0.149475,0.1636715,8.488911,0.2717583,0.8622671,9.527824
"2024-11-12 12:00:00",799,12.78885,0.1111792,0.06483945,7.143094,0.1498705,0.1653854,8.586181,0.273555,0.8681704,9.52878
"2024-11-13 00:00:00",800,13.03313,0.1115881,0.06553654,7.24545,0.1497923,0.1647679,8.315177,0.2746582,0.8683546,9.332468
"2024-11-13 12:00:00",801,12.81823,0.1116127,0.06543115,7.20995,0.1500524,0.1668791,8.471092,0.2762522,0.8745111,9.354508
"2024-11-14 00:00:00",802,12.95002,0.1117738,0.06556048,7.157895,0.1497534,0.166333,8.227638,0.277262,0.8752161,9.210821
"2024-11-14 12:00:00",803,12.74856,0.1106344,0.063548,6.352347,0.1497334,0.1667066,8.108348,0.2788593,0.8783815,9.1528
"2024-11-15 00:00:00",804,12.94834,0.110805,0.06373307,6.259809,0.1491069,0.1646465,7.606235,0.2791958,0.8737174,8.804187
"2024-11-15 12:00:00",805,12.76954,0.1103326,0.06288826,5.881181,0.1492949,0.1656915,7.593365,0.2802844,0.8757582,8.71143
"2024-11-16 00:00:00",806,12.95842,0.1112743,0.06463835,6.35989,0.1492599,0.1652796,7.375231,0.2806956,0.8733551,8.473963
"2024-11-16 12:00:00",807,12.7771,0.1111652,0.06435273,6.264915,0.1498406,0.1679205,7.638721,0.2820674,0.8794041,8.562408
"2024-11-17 00:00:00",808,12.93575,0.1111288,0.06429664,6.07996,0.1494979,0.1668789,7.319741,0.2824801,0.8780404,8.395894
"2024-11-17 12:00:00",809,12.74268,0.110214,0.06269816,5.403378,0.1494136,0.167243,7.200189,0.283547,0.8793142,8.319678
"2024-11-18 00:00:00",810,12.92736,0.1105529,0.06324657,5.446265,0.1489477,0.165647,6.788539,0.2835914,0.8741813,8.011357
"2024-11-18 12:00:00",811,12.77878,0.1097921,0.06201356,4.914182,0.1489968,0.1664514,6.753318,0.284308,0.8752247,7.929547
"2024-11-19 00:00:00",812,13.02222,0.1106623,0.06337944,5.252587,0.1490117,0.165701,6.463181,0.2844401,0.8710092,7.658524
"2024-11-19 12:00:00",813,12.69651,0.1109135,0.06405262,5.473092,0.1496952,0.168543,6.738943,0.2852833,0.8753255,7.710065
"2024-11-20 00:00:00",814,12.91309,0.1108017,0.06394795,5.287165,0.1491871,0.1684989,6.570788,0.2859721,0.8756369,7.633105
"2024-11-20 12:00:00",815,12.69232,0.1092482,0.06132928,4.210694,0.1488014,0.1677856,6.281791,0.2861059,0.8750421,7.519989
"2024-11-21 00:00:00",816,12.92988,0.1092097,0.06145448,4.064426,0.1483012,0.1652602,5.722661,0.2859699,0.8666928,7.11034
"2024-11-21 12:00:00",817,12.69735,0.1085216,0.06042791,3.548769,0.1482725,0.165594,5.598518,0.2860326,0.8646989,6.93883
"2024-11-22 00:00:00",818,12.91896,0.1088907,0.06104498,3.655811,0.1480183,0.1641281,5.211688,0.2863421,0.8582885,6.606956
"2024-11-22 12:00:00",819,12.69064,0.1084825,0.06052127,3.351355,0.1481406,0.1654518,5.252215,0.2869641,0.8586518,6.535924
"2024-11-23 00:00:00",820,12.91561,0.1088973,0.06130134,3.504147,0.147882,0.1645058,4.947631,0.2868328,0.8540308,6.287671
"2024-11-23 12:00:00",821,12.72841,0.1085951,0.06096678,3.284887,0.148206,0.1661512,5.054194,0.2874694,0.8555213,6.273178
"2024-11-24 00:00:00",822,12.96429,0.1093883,0.06239332,3.659061,0.1481696,0.1659303,4.869425,0.2874969,0.8525724,6.096983
"2024-11-24 12:00:00",823,12.75024,0.1095578,0.06278928,3.776312,0.1483147,0.1687377,5.155697,0.2880471,0.8567061,6.191927
"2024-11-25 00:00:00",824,12.98192,0.1107524,0.06516203,4.440952,0.1488689,0.1701422,5.211859,0.2884171,0.8577576,6.180872
"2024-11-25 12:00:00",825,12.72589,0.1108122,0.06530225,4.531935,0.1496916,0.1739558,5.630492,0.2893582,0.865311,6.419334
"2024-11-26 00:00:00",826,13.02809,0.1110289,0.06572326,4.502448,0.1495384,0.1736049,5.435163,0.2897567,0.8651189,6.379283
"2024-11-26 12:00:00",827,12.80564,0.1119999,0.06716541,4.973868,0.1502477,0.1768898,5.779449,0.2907366,0.8700548,6.514261
"2024-11-27 00:00:00",828,13.01802,0.1120657,0.06722134,4.819526,0.1506981,0.1784736,5.79399,0.2914692,0.8733186,6.593672
"2024-11-27 12:00:00",829,12.78717,0.1125531,0.06845449,4.581276,0.1513772,0.1799239,5.68894,0.2918969,0.8741302,6.560923
"2024-11-28 00:00:00",830,12.96346,0.1136014,0.07135276,4.805928,0.15156,0.1817975,5.652652,0.2922832,0.8739604,6.491307
"2024-11-28 12:00:00",831,12.74604,0.1128795,0.06987852,4.128958,0.1515508,0.1824792,5.57299,0.2926398,0.8752221,6.492844
"2024-11-29 00:00:00",832,12.9559,0.1126388,0.06972352,3.83237,0.1512032,0.1807305,5.159329,0.2926663,0.8697271,6.246309
"2024-11-29 12:00:00",833,12.74772,0.1122876,0.06912418,3.377969,0.1510286,0.1806052,4.989788,0.2925271,0.8668267,6.094648
"2024-11-30 00:00:00",834,12.96681,0.1121505,0.06894014,3.079405,0.150865,0.1792166,4.621778,0.2923163,0.8609314,5.828581
"2024-11-30 12:00:00",835,12.72254,0.1119743,0.06888504,2.798167,0.1505284,0.1790347,4.440951,0.2922439,0.8568842,5.636507
"2024-12-01 00:00:00",836,12.94918,0.1118809,0.06880887,2.558254,0.1502208,0.1781655,4.157734,0.2921446,0.8512565,5.405715
"2024-12-01 12:00:00",837,12.72505,0.1117356,0.0691556,2.411303,0.1502088,0.1783071,4.013623,0.291852,0.8483325,5.234756
"2024-12-02 00:00:00",838,12.97353,0.1120389,0.0693002,2.236712,0.1502388,0.1780226,3.807655,0.2917749,0.8443023,5.053452
"2024-12-02 12:00:00",839,12.68224,0.112324,0.06995675,2.184598,0.1502064,0.1783345,3.712826,0.2915584,0.8408305,4.920064
"2024-12-03 00:00:00",840,12.94499,0.1125477,0.07039735,2.134859,0.150194,0.178419,3.588543,0.2920035,0.8379055,4.791627
"2024-12-03 12:00:00",841,12.72421,0.1128737,0.07112525,2.128392,0.1500846,0.1793283,3.56777,0.2921465,0.8364047,4.720088
"2024-12-04 00:00:00",842,12.97521,0.1130438,0.07169748,2.11123,0.1500365,0.1796985,3.480392,0.2915525,0.8349824,4.631486
"2024-12-04 12:00:00",843,12.7813,0.1133935,0.07242269,2.119826,0.1501843,0.180774,3.492697,0.2915929,0.8346387,4.594275
"2024-12-05 00:00:00",844,12.9475,0.1136588,0.07324693,2.204501,0.1504999,0.181461,3.443539,0.2917555,0.8335368,4.534186
"2024-12-05 12:00:00",845,12.75359,0.1138926,0.073897,2.185823,0.1504363,0.182751,3.498505,0.2919206,0.8333814,4.53794
"2024-12-06 00:00:00",846,12.94079,0.1142105,0.07457398,2.230903,0.1506016,0.1835272,3.429573,0.2919337,0.8325171,4.486594
"2024-12-06 12:00:00",847,12.76451,0.1144246,0.07510638,2.179299,0.1509428,0.1849131,3.476378,0.2926761,0.8333234,4.489778
"2024-12-07 00:00:00",848,12.96094,0.1147322,0.07558213,2.157221,0.1509412,0.184923,3.374637,0.2922792,0.8314123,4.423168
"2024-12-07 12:00:00",849,12.73932,0.1150014,0.07609061,2.101072,0.1507949,0.1862836,3.396285,0.2920478,0.8315805,4.407802
"2024-12-08 00:00:00",850,12.90553,0.1152328,0.07636799,2.019818,0.1507652,0.1863938,3.277969,0.2922501,0.8302258,4.331027
"2024-12-08 12:00:00",851,12.73009,0.1156021,0.07689846,1.981898,0.1512922,0.187248,3.270055,0.2923782,0.8293555,4.292014
"2024-12-09 00:00:00",852,12.97017,0.1157418,0.07734637,1.954818,0.1513754,0.1875222,3.179618,0.2927352,0.8269469,4.218122
"2024-12-09 12:00:00",853,12.78549,0.1159105,0.07782929,1.921428,0.1512772,0.1884877,3.1841,0.2926835,0.8273072,4.191221
"2024-12-10 00:00:00",854,12.97269,0.1161169,0.0783019,1.901146,0.1512277,0.1888754,3.11427,0.292515,0.8255872,4.127727
"2024-12-10 12:00:00",855,12.68308,0.1160509,0.07874357,1.815593,0.1510981,0.1899927,3.098799,0.292198,0.8247476,4.102673
"2024-12-11 00:00:00",856,12.93827,0.1160982,0.07854385,1.56877,0.1511147,0.1898348,2.933578,0.2925265,0.8222852,4.003623
"2024-12-11 12:00:00",857,12.70407,0.116533,0.07920413,1.448893,0.1510803,0.1901044,2.811188,0.2923045,0.8197542,3.885933
"2024-12-12 00:00:00",858,12.94079,0.1163586,0.07920264,1.276958,0.1511022,0.1899785,2.659186,0.2922899,0.8167276,3.764507
"2024-12-12 12:00:00",859,12.68056,0.1165498,0.08025001,1.199842,0.1509794,0.1909399,2.562106,0.2919004,0.814375,3.652823
"2024-12-13 00:00:00",860,12.9794,0.1166159,0.08012355,1.045437,0.1509779,0.1909768,2.430713,0.2919377,0.8118266,3.541306
"2024-12-13 12:00:00",861,12.71246,0.1171486,0.08108602,1.049542,0.150896,0.1916402,2.363813,0.291703,0.8095949,3.446776
"2024-12-14 00:00:00",862,12.93911,0.1172223,0.08133107,0.997839,0.1508529,0.1919655,2.30148,0.2919649,0.8077899,3.373963
"2024-12-14 12:00:00",863,12.70575,0.1176605,0.08253315,0.9818013,0.1513081,0.1931497,2.266208,0.2918414,0.8065357,3.316135
"2024-12-15 00:00:00",864,12.92484,0.117702,0.08225297,0.8886496,0.1514578,0.1933269,2.189251,0.2914946,0.8048883,3.249518
"2024-12-15 12:00:00",865,12.69987,0.1182238,0.08338645,0.9359167,0.1513635,0.1941522,2.167283,0.2916422,0.8038796,3.19681
"2024-12-16 00:00:00",866,12.93407,0.11824,0.083552,0.9124179,0.1512913,0.1947351,2.14053,0.2918379,0.8025224,3.158118
"2024-12-16 12:00:00",867,12.72086,0.1187199,0.08459456,0.9270554,0.1514496,0.1958205,2.13415,0.2919026,0.8020748,3.1271
"2024-12-17 00:00:00",868,12.97101,0.1188371,0.08442665,0.8472145,0.1512906,0.1962375,2.077788,0.2919253,0.8009951,3.0862
"2024-12-17 12:00:00",869,12.78885,0.11911,0.08527283,0.9162691,0.1517997,0.1969095,2.074913,0.2913834,0.8003195,3.052888
"2024-12-18 00:00:00",870,12.9601,0.1193923,0.08559692,0.9401885,0.1517155,0.1976045,2.079875,0.2916771,0.7996368,3.038943
"2024-12-18 12:00:00",871,12.72925,0.1197482,0.0863106,0.9710737,0.1518603,0.1985805,2.092997,0.2913796,0.799527,3.032184
"2024-12-19 00:00:00",872,12.97688,0.119996,0.0864544,0.9393067,0.152311,0.1990666,2.073939,0.2914955,0.7991359,3.019733
"2024-12-19 12:00:00",873,12.74772,0.1198859,0.0872015,0.9776447,0.1521948,0.2000038,2.079112,0.2914803,0.7988339,3.005046
"2024-12-20 00:00:00",874,12.94834,0.1199798,0.08741252,0.9442129,0.1521241,0.2005871,2.061218,0.2915896,0.7980714,2.988726
"2024-12-20 12:00:00",875,12.73429,0.1204703,0.08818263,0.9615799,0.1520076,0.2015465,2.059395,0.2916362,0.7977329,2.973454
"2024-12-21 00:00:00",876,12.82747,0.1204642,0.08826245,0.8818014,0.1519587,0.2020311,2.015187,0.2917567,0.7969118,2.945883
"2024-12-21 12:00:00",877,12.59494,0.1209627,0.08910674,0.8865586,0.1525221,0.2031174,1.998362,0.2918568,0.7962028,2.913701
"2024-12-22 00:00:00",878,12.94079,0.1210316,0.0890613,0.791499,0.1525221,0.2036638,1.936923,0.2920443,0.7949197,2.87423
"2024-12-22 12:00:00",879,12.741,0.1211697,0.09003577,0.801573,0.1524069,0.2046223,1.917432,0.2921457,0.7941925,2.83759
"2024-12-23 00:00:00",880,13.02306,0.1211272,0.08980159,0.7279459,0.1523675,0.2049548,1.863078,0.2918172,0.7929437,2.797161
"2024-12-23 12:00:00",881,12.79221,0.1215847,0.09056064,0.8154148,0.1526481,0.2055414,1.864988,0.291523,0.7923453,2.768571
"2024-12-24 00:00:00",882,12.96513,0.1215346,0.09099384,0.8736544,0.1529724,0.2063417,1.897923,0.291556,0.7921012,2.766708
"2024-12-24 12:00:00",883,12.7687,0.1221629,0.09160534,0.9479264,0.1528541,0.2073302,1.948507,0.2917085,0.7924424,2.7939
"2024-12-25 00:00:00",884,13.01298,0.1221161,0.09196392,0.9646384,0.1533649,0.208132,1.971142,0.2923319,0.792883,2.811378
"2024-12-25 12:00:00",885,12.83334,0.1226779,0.09244567,1.060746,0.1534234,0.2090231,2.023696,0.292261,0.7933839,2.841158
"2024-12-26 00:00:00",886,12.9517,0.1236674,0.0945748,1.602108,0.1539747,0.2109961,2.211002,0.292338,0.7949225,2.916995
"2024-12-26 12:00:00",887,12.80816,0.124478,0.09612378,1.940285,0.1545409,0.2145386,2.57704,0.2928133,0.800799,3.15097
"2024-12-27 00:00:00",888,12.96513,0.1249133,0.0972449,2.123321,0.1550454,0.2161741,2.698579,0.2933631,0.8042518,3.294219
"2024-12-27 12:00:00",889,12.79389,0.1249478,0.09832907,2.321962,0.1554731,0.2188831,2.909516,0.2936844,0.808051,3.446634
"2024-12-28 00:00:00",890,13.03481,0.1251929,0.1000915,2.597655,0.1559779,0.2209655,3.038444,0.2940237,0.8105895,3.552976
"2024-12-28 12:00:00",891,12.78381,0.1258604,0.1017924,2.799879,0.1562948,0.2238709,3.249368,0.2942738,0.814365,3.701768
"2024-12-29 00:00:00",892,13.02137,0.1269456,0.104446,3.204696,0.1566022,0.226496,3.417832,0.2944576,0.817185,3.822177
"2024-12-29 12:00:00",893,12.76535,0.1271309,0.1046901,3.118579,0.1572027,0.2292918,3.634877,0.2950419,0.8220038,4.015792
"2024-12-30 00:00:00",894,13.01718,0.1274602,0.1055863,3.137614,0.1572318,0.229413,3.544377,0.2951682,0.8225587,4.026806
"2024-12-30 12:00:00",895,12.77794,0.1276675,0.1058967,3.074704,0.1575054,0.2315804,3.680332,0.2952564,0.824886,4.125936
"2024-12-31 00:00:00",896,12.96513,0.1280055,0.1066648,3.093852,0.1572835,0.2318013,3.600118,0.2947941,0.8251325,4.111857
"2024-12-31 12:00:00",897,12.72086,0.1275033,0.1052837,2.627088,0.1573302,0.2323025,3.555615,0.2950295,0.8250463,4.134685
"2025-01-01 00:00:00",898,12.96261,0.1270786,0.1036266,2.099773,0.1571197,0.2299554,3.178545,0.294931,0.8195481,3.95343
"2025-01-01 12:00:00",899,12.74016,0.1269048,0.1031286,1.825825,0.1567464,0.2287089,2.957428,0.2942585,0.8152634,3.771012
