"TOA5","S1T","CR200X","23119","CR200X.Std.04","CSU_3depths.CR2","4256","Table3"
"TIMESTAMP","RECORD","VWC_1_Avg","EC_1_Avg","T_1_Avg","VWC_2_Avg","EC_2_Avg","T_2_Avg","VWC_3_Avg","EC_3_Avg","T_3_Avg"
"TS","RN","m^3/m^3","dS/m","Deg C","m^3/m^3","dS/m","Deg C","m^3/m^3","dS/m","Deg C"
"","","Avg","Avg","Avg","Avg","Avg","Avg","Avg","Avg","Avg"
"2023-10-10 00:00:00",0,0.1944323,0.2470898,14.32895,0.18893,0.2680242,14.47433,0.2739088,0.3632379,14.84566
"2023-10-11 00:00:00",1,0.1888529,0.2336039,13.48591,0.1850029,0.2591667,14.21653,0.2701539,0.3566535,14.8337
"2023-10-12 00:00:00",2,0.1837449,0.2271866,13.93445,0.1794354,0.250791,14.46134,0.2636449,0.3458045,14.87946
"2023-10-13 00:00:00",3,0.1808331,0.2193383,13.27901,0.1769376,0.2442283,14.1115,0.2609089,0.3388888,14.75528
"2023-10-14 00:00:00",4,0.1781406,0.2132573,12.61255,0.1740407,0.237806,13.60656,0.2575981,0.3308792,14.40104
"2023-10-15 00:00:00",5,0.1744009,0.2044334,11.69526,0.1703969,0.2290691,12.91054,0.2531813,0.3201094,13.92018
"2023-10-16 00:00:00",6,0.1721366,0.2002336,11.32932,0.166974,0.2221331,12.41254,0.2482157,0.3090979,13.42767
"2023-10-17 00:00:00",7,0.1700017,0.198855,11.57236,0.1632725,0.2172117,12.40924,0.2424732,0.2984288,13.22807
"2023-10-18 00:00:00",8,0.1668946,0.19515,11.62223,0.1593558,0.2115625,12.43083,0.2358371,0.2875045,13.17604
"2023-10-19 00:00:00",9,0.1639448,0.1919229,11.73695,0.1555552,0.2061533,12.46423,0.2294309,0.276496,13.13948
"2023-10-20 00:00:00",10,0.1614117,0.1897806,12.01526,0.152128,0.2017153,12.61236,0.2220636,0.2658283,13.17597
"2023-10-21 00:00:00",11,0.1584095,0.1858172,12.04279,0.1489823,0.1971041,12.69603,0.2148759,0.2557735,13.24547
"2023-10-22 00:00:00",12,0.1551539,0.180351,11.77576,0.1457362,0.1915046,12.54553,0.2077008,0.2448784,13.18412
"2023-10-23 00:00:00",13,0.1525589,0.1765783,11.65665,0.143075,0.1869073,12.41715,0.2007527,0.2341561,13.06876
"2023-10-24 00:00:00",14,0.1510879,0.1753363,11.89712,0.1411893,0.1841789,12.49635,0.1947481,0.2247833,13.04038
"2023-10-25 00:00:00",15,0.1487115,0.170894,11.57423,0.1393216,0.1807426,12.37844,0.1894407,0.2163826,13.00946
"2023-10-26 00:00:00",16,0.1466268,0.1665139,11.13644,0.1375146,0.1767325,12.0432,0.1848373,0.2084594,12.79062
"2023-10-27 00:00:00",17,0.1455909,0.1645709,11.05905,0.1364117,0.1744608,11.90437,0.1813014,0.2024983,12.61843
"2023-10-28 00:00:00",18,0.1443823,0.1615552,10.65449,0.1355421,0.1719189,11.61354,0.1791496,0.1979824,12.41545
"2023-10-29 00:00:00",19,0.1446683,0.1636444,11.07336,0.1351605,0.1718036,11.66861,0.176868,0.1945638,12.28344
"2023-10-30 00:00:00",20,0.1426993,0.157741,10.21369,0.1344832,0.1696609,11.42421,0.1758965,0.1923778,12.24708
"2023-10-31 00:00:00",21,0.1381208,0.1444042,7.898331,0.1317134,0.160018,9.861414,0.17434,0.1857304,11.40284
"2023-11-01 00:00:00",22,0.1364605,0.1397582,6.957942,0.1299629,0.1543146,8.79903,0.172585,0.1795296,10.44894
"2023-11-02 00:00:00",23,0.1361173,0.1389503,6.738299,0.1292589,0.1522519,8.339643,0.1713971,0.1757801,9.859869
"2023-11-03 00:00:00",24,0.1362011,0.1394044,6.760797,0.1289808,0.1515202,8.148324,0.1703483,0.1734665,9.520488
"2023-11-04 00:00:00",25,0.1371311,0.142113,7.254412,0.1292488,0.1527543,8.337077,0.1695655,0.1725503,9.437642
"2023-11-05 00:00:00",26,0.137203,0.1426305,7.38414,0.1292808,0.1530596,8.420895,0.1689187,0.1717711,9.444966
"2023-11-06 00:00:00",27,0.1380428,0.1447991,7.822132,0.1296678,0.1544291,8.669198,0.1684667,0.1717175,9.519402
"2024-01-05 00:00:00",87,0.1448311,0.1245618,0.01705798,0.1254476,0.1239191,1.048589,0.1783267,0.1549619,2.043196
"2024-01-06 00:00:00",88,0.1472225,0.1276034,0.1599232,0.1255241,0.1245215,1.135958,0.1785355,0.1554164,2.058769
"2024-01-07 00:00:00",89,0.1487392,0.1293433,0.2451632,0.1260555,0.1249279,1.187101,0.1789807,0.1559802,2.076673
"2024-01-08 00:00:00",90,0.1496646,0.1307368,0.2793106,0.1260193,0.1251783,1.205414,0.1791915,0.1564403,2.077455
"2024-01-09 00:00:00",91,0.1506698,0.1321103,0.3167123,0.1261475,0.1253774,1.221799,0.1796173,0.156824,2.076219
"2024-01-10 00:00:00",92,0.1504131,0.1304272,0.187782,0.1263817,0.1251477,1.154971,0.1798597,0.1572164,2.047973
"2024-01-11 00:00:00",93,0.1456633,0.1251192,-0.07822445,0.1261561,0.1241838,0.9450896,0.1798959,0.1568827,1.921737
"2024-01-12 00:00:00",94,0.1447976,0.1234406,-0.05679924,0.1261393,0.1242746,0.9103434,0.1799119,0.1566927,1.831523
"2024-01-13 00:00:00",95,0.1405357,0.1184466,-0.2508971,0.1262135,0.1237525,0.8105274,0.1801753,0.156821,1.77904
"2024-01-14 00:00:00",96,0.1371382,0.1130844,-0.4193832,0.1261887,0.1229852,0.6293303,0.1799669,0.1561894,1.63685
"2024-01-15 00:00:00",97,0.1426961,0.1192151,-0.09633155,0.1263602,0.1239383,0.7616729,0.1803778,0.1565126,1.61995
"2024-01-16 00:00:00",98,0.1473126,0.125762,0.07722047,0.1268049,0.1248663,0.9097939,0.1806002,0.1573572,1.691261
"2024-01-17 00:00:00",99,0.1486902,0.125951,0.1210337,0.1269684,0.1252546,0.9667537,0.1811863,0.1581668,1.743975
"2024-01-18 00:00:00",100,0.1452692,0.1215799,-0.09237558,0.1268321,0.1246733,0.8323346,0.1812567,0.1582833,1.693916
"2024-01-19 00:00:00",101,0.1431232,0.1182849,-0.1375,0.1268495,0.12452,0.7663652,0.1812718,0.1581727,1.624442
"2024-01-20 00:00:00",102,0.1440915,0.1195211,-0.05367504,0.1269744,0.1249069,0.8038819,0.1817766,0.1586081,1.614408
"2024-01-21 00:00:00",103,0.145785,0.1225959,0.04971649,0.1274848,0.1253404,0.857594,0.1819253,0.1590843,1.624687
"2024-01-22 00:00:00",104,0.1475671,0.1256173,0.148755,0.1274192,0.1258229,0.9306329,0.181863,0.1596816,1.661318
"2024-01-23 00:00:00",105,0.1491634,0.1280915,0.2443232,0.1277051,0.1263492,1.006263,0.1824642,0.1603735,1.703846
"2024-01-24 00:00:00",106,0.1511845,0.1322156,0.525088,0.1282051,0.1275292,1.191083,0.1825935,0.1614492,1.806954
"2024-01-25 00:00:00",107,0.1566358,0.1420524,1.651442,0.1294447,0.1312146,1.855432,0.1835958,0.1643676,2.178876
"2024-01-26 00:00:00",108,0.1626063,0.1523774,2.250003,0.1306477,0.1344075,2.445399,0.1847095,0.1678594,2.640124
"2024-01-27 00:00:00",109,0.1676138,0.1620776,2.879584,0.1314575,0.1371414,2.919019,0.1855769,0.1706848,2.993726
"2024-01-28 00:00:00",110,0.1696064,0.1625882,2.393248,0.1317056,0.1368851,2.911512,0.1861964,0.1723483,3.216513
"2024-01-29 00:00:00",111,0.1714619,0.1640217,2.094245,0.1313642,0.1355484,2.636905,0.1862115,0.171822,3.09769
"2024-01-30 00:00:00",112,0.1737789,0.1680672,2.26047,0.1316582,0.1360057,2.680166,0.1866118,0.1721999,3.086365
"2024-01-31 00:00:00",113,0.1763421,0.172945,2.606032,0.1322092,0.1374125,2.910792,0.1871055,0.1734829,3.212108
"2024-02-01 00:00:00",114,0.1780638,0.1758327,2.71527,0.1325492,0.138295,3.069093,0.1873055,0.1748248,3.361791
"2024-02-02 00:00:00",115,0.179776,0.178795,2.888795,0.1328995,0.1390684,3.185473,0.1877674,0.1758096,3.458868
"2024-02-03 00:00:00",116,0.1835042,0.1894629,4.119291,0.1342771,0.1433841,3.894706,0.1886952,0.1789116,3.794674
"2024-02-04 00:00:00",117,0.1851479,0.1928094,4.41024,0.135319,0.1460823,4.372761,0.189718,0.1824467,4.260012
"2024-02-05 00:00:00",118,0.1850481,0.1903006,3.910425,0.1352512,0.145281,4.250931,0.1900225,0.1833431,4.390637
"2024-02-06 00:00:00",119,0.1849797,0.1879865,3.4136,0.1347986,0.1435774,3.875626,0.1901306,0.1822619,4.226124
"2024-02-07 00:00:00",120,0.1866131,0.1929608,3.958343,0.1354524,0.1453351,4.131083,0.1906496,0.1831927,4.279035
"2024-02-08 00:00:00",121,0.1882582,0.1983711,4.592529,0.1360141,0.1477736,4.556167,0.1911862,0.1854291,4.531895
"2024-02-09 00:00:00",122,0.1885759,0.1986135,4.566269,0.1366458,0.1484624,4.721662,0.1918876,0.1872293,4.763493
"2024-02-10 00:00:00",123,0.1884195,0.195578,4.078328,0.1362517,0.1472916,4.568507,0.1918675,0.187579,4.788905
"2024-02-11 00:00:00",124,0.1914945,0.1967756,3.221213,0.1354344,0.1438839,3.931665,0.1917096,0.1855985,4.475343
"2024-02-12 00:00:00",125,0.1951834,0.1994917,2.628516,0.1350913,0.1417601,3.499885,0.1915033,0.1837524,4.162485
"2024-02-13 00:00:00",126,0.1968988,0.2007209,2.283158,0.134764,0.1400521,3.10069,0.1912731,0.1817538,3.822004
"2024-02-14 00:00:00",127,0.1986386,0.202666,2.211844,0.1346776,0.1395764,2.949379,0.1910448,0.1808105,3.626539
"2024-02-15 00:00:00",128,0.2007671,0.2087752,2.682927,0.13514,0.1407729,3.078248,0.1911332,0.1809617,3.568934
"2024-02-16 00:00:00",129,0.2027879,0.2149881,3.32017,0.1360794,0.1437594,3.573338,0.1917431,0.1833602,3.823258
"2024-02-17 00:00:00",130,0.2038312,0.2183127,3.600226,0.1366547,0.1453178,3.795859,0.1922451,0.1850255,4.010366
"2024-02-18 00:00:00",131,0.2047001,0.2216525,3.972271,0.1374366,0.147498,4.153398,0.193263,0.1872503,4.261987
"2024-02-19 00:00:00",132,0.2036146,0.2158464,3.280179,0.1370607,0.1457486,3.864352,0.1932097,0.1871849,4.257178
"2024-02-20 00:00:00",133,0.203461,0.2150365,3.086818,0.1368716,0.1444156,3.596588,0.1931624,0.1861125,4.070282
"2024-02-21 00:00:00",134,0.204939,0.2213283,3.846767,0.1377078,0.1472458,3.994101,0.1935165,0.1874998,4.170829
"2024-02-22 00:00:00",135,0.2059891,0.2268771,4.555225,0.1387075,0.1504538,4.51261,0.194361,0.190321,4.497776
"2024-02-23 00:00:00",136,0.205485,0.2259358,4.472806,0.139181,0.1512751,4.643488,0.1948177,0.192102,4.72277
"2024-02-24 00:00:00",137,0.2049265,0.2246759,4.119628,0.1390691,0.1504484,4.480671,0.1949485,0.1921999,4.71493
"2024-02-25 00:00:00",138,0.2043096,0.2228856,3.911627,0.1389814,0.1496598,4.321622,0.1949914,0.1918476,4.634831
"2024-02-26 00:00:00",139,0.2040776,0.224061,4.051622,0.139206,0.1500111,4.328261,0.1951155,0.191906,4.59758
"2024-02-27 00:00:00",140,0.2047086,0.2291154,4.693619,0.1400531,0.1526291,4.721512,0.1957687,0.1937182,4.778728
"2024-02-28 00:00:00",141,0.2056608,0.2354626,5.585359,0.1415429,0.1569797,5.434565,0.1965182,0.1974204,5.212351
"2024-02-29 00:00:00",142,0.2017063,0.2205125,3.992395,0.1403807,0.1523518,4.71578,0.1964974,0.1963373,5.147512
"2024-03-01 00:00:00",143,0.2003125,0.2166797,3.526913,0.1396625,0.1495991,4.168024,0.1960255,0.1934244,4.715381
"2024-03-02 00:00:00",144,0.2004618,0.2196607,3.908789,0.1400294,0.1505171,4.238085,0.1959058,0.1930855,4.595632
"2024-03-03 00:00:00",145,0.2023222,0.2307282,5.310189,0.1414899,0.1557418,5.032952,0.1965671,0.1962199,4.91622
"2024-03-04 00:00:00",146,0.2020994,0.2313769,5.629871,0.142869,0.1592055,5.635414,0.1975152,0.2005898,5.463198
"2024-03-05 00:00:00",147,0.2029433,0.2291979,5.076981,0.142459,0.1576658,5.355075,0.1979335,0.2008036,5.479492
"2024-03-06 00:00:00",148,0.2083042,0.2370829,4.945328,0.1424547,0.1570965,5.186828,0.1979253,0.2004782,5.37412
"2024-03-07 00:00:00",149,0.2111891,0.2436678,5.258985,0.1429594,0.1585998,5.367775,0.1981471,0.2016449,5.447362
"2024-03-08 00:00:00",150,0.213223,0.2508444,5.903318,0.1438689,0.1615143,5.795735,0.1987068,0.2039682,5.681585
"2024-03-09 00:00:00",151,0.2137269,0.2529925,6.120978,0.1444731,0.1634927,6.099953,0.199252,0.2064265,5.965056
"2024-03-10 00:00:00",152,0.2120075,0.2458534,5.406914,0.1440617,0.161414,5.758299,0.1994803,0.2061735,5.942532
"2024-03-11 00:00:00",153,0.2111807,0.2444088,5.32717,0.1439042,0.1607759,5.606535,0.1991354,0.2053926,5.807641
"2024-03-12 00:00:00",154,0.2113258,0.2473682,5.728162,0.1445698,0.1612936,5.807339,0.1996293,0.2063209,5.8677
"2024-03-13 00:00:00",155,0.2122113,0.252962,6.410858,0.1460053,0.1618599,6.297119,0.2006237,0.2092081,6.142364
"2024-03-14 00:00:00",156,0.2116308,0.2527205,6.603432,0.1466115,0.1638761,6.6106,0.2010088,0.2117742,6.440727
"2024-03-15 00:00:00",157,0.2100185,0.2460403,5.900414,0.1460909,0.1616096,6.19967,0.2012223,0.2111823,6.355941
"2024-03-16 00:00:00",158,0.210468,0.2490378,6.210073,0.1464699,0.1628923,6.319384,0.2013636,0.2117032,6.34225
"2024-03-17 00:00:00",159,0.2101023,0.2467019,5.957675,0.1463673,0.1625368,6.229457,0.2013975,0.2120966,6.357159
"2024-03-18 00:00:00",160,0.2122415,0.2560748,6.893241,0.147337,0.1656667,6.623027,0.2016914,0.2136588,6.459011
"2024-03-19 00:00:00",161,0.2129796,0.2601209,7.282698,0.1484313,0.1688375,7.105074,0.2027046,0.2171436,6.854219
"2024-03-20 00:00:00",162,0.2130978,0.262257,7.530858,0.1488666,0.1704852,7.345973,0.2031389,0.2192393,7.096924
"2024-03-21 00:00:00",163,0.2126929,0.26451,7.917042,0.149524,0.1726736,7.675639,0.2034917,0.2215535,7.363883
"2024-03-22 00:00:00",164,0.211321,0.264618,8.181625,0.1498535,0.1743172,7.954068,0.2038762,0.2236696,7.633143
"2024-03-23 00:00:00",165,0.2092254,0.2636803,8.496604,0.1501081,0.1758415,8.248222,0.2038905,0.2256049,7.896032
"2024-03-24 00:00:00",166,0.2065459,0.2622847,8.955299,0.1502432,0.1777473,8.650582,0.203982,0.2276127,8.211485
"2024-03-25 00:00:00",167,0.2040266,0.2561884,8.822208,0.150112,0.178091,8.803069,0.203779,0.2291875,8.465798
"2024-03-26 00:00:00",168,0.2010879,0.246158,7.86685,0.1488677,0.1738949,8.141899,0.203496,0.2268981,8.21266
"2024-03-27 00:00:00",169,0.1989387,0.2411531,7.58284,0.1483137,0.1721483,7.868924,0.202973,0.2249771,7.978801
"2024-03-28 00:00:00",170,0.1965875,0.2356745,7.30635,0.1476447,0.1704881,7.615819,0.2022593,0.2231737,7.792591
"2024-03-29 00:00:00",171,0.1946282,0.2331464,7.554495,0.1474198,0.1705644,7.676762,0.2016204,0.2220542,7.738439
"2024-03-30 00:00:00",172,0.194238,0.2366992,8.551016,0.148282,0.1742702,8.317275,0.2018804,0.223924,8.03582
"2024-03-31 00:00:00",173,0.1927499,0.2346499,8.801494,0.1484811,0.1757327,8.615335,0.2021659,0.2257361,8.335678
"2024-04-01 00:00:00",174,0.1903366,0.2293971,8.781618,0.1484133,0.1759997,8.788957,0.2018781,0.2262129,8.552066
"2024-04-02 00:00:00",175,0.1879707,0.222552,8.436708,0.147503,0.1735948,8.523032,0.2011115,0.2239868,8.472155
"2024-04-03 00:00:00",176,0.1868771,0.2203493,8.530444,0.1470579,0.1729404,8.520745,0.2005228,0.2223262,8.447026
"2024-04-04 00:00:00",177,0.1828628,0.216809,8.941966,0.1467129,0.1734297,8.801976,0.199659,0.2208417,8.591662
"2024-04-05 00:00:00",178,0.1800214,0.2127199,9.57416,0.1462675,0.1742655,9.287684,0.1983516,0.21855,8.907896
"2024-04-06 00:00:00",179,0.1757885,0.2073218,10.29568,0.1455061,0.1749911,9.860529,0.1962024,0.2153929,9.314634
"2024-04-07 00:00:00",180,0.1703689,0.1938768,9.645619,0.1440598,0.1722403,9.837738,0.1945862,0.2119367,9.569844
"2024-04-08 00:00:00",181,0.1644384,0.17907,8.12295,0.1412991,0.1641585,8.698301,0.1916448,0.2039303,9.028176
"2024-04-09 00:00:00",182,0.1614795,0.1755691,8.222157,0.1401029,0.1622802,8.548006,0.188395,0.1973528,8.721412
"2024-04-10 00:00:00",183,0.158907,0.1729695,8.477733,0.1391562,0.1615376,8.622357,0.1855207,0.1926001,8.68305
"2024-04-11 00:00:00",184,0.1572776,0.1741726,9.382689,0.1387158,0.1631058,9.16857,0.1824972,0.1895713,8.925083
"2024-04-12 00:00:00",185,0.1550655,0.1735573,10.02641,0.1380472,0.1643752,9.724744,0.1795242,0.187643,9.330614
"2024-04-13 00:00:00",186,0.1532183,0.17356,10.71761,0.1372386,0.1654156,10.25451,0.1763335,0.1861804,9.729326
"2024-04-14 00:00:00",187,0.1527097,0.1771576,11.98561,0.1369285,0.1684904,11.15532,0.173346,0.1863234,10.32006
"2024-04-15 00:00:00",188,0.1508,0.1761275,12.50523,0.1364093,0.169792,11.80059,0.1705655,0.1862981,10.94585
"2024-04-16 00:00:00",189,0.1489376,0.1725411,12.53487,0.1358384,0.1697733,12.15772,0.1689554,0.1861585,11.39752
"2024-04-17 00:00:00",190,0.1472284,0.1685797,12.09867,0.1345963,0.1668786,11.79295,0.1676085,0.1840762,11.34161
"2024-04-18 00:00:00",191,0.1467489,0.1691473,12.52453,0.1343437,0.1673273,12.07083,0.1657311,0.1830949,11.48703
"2024-04-19 00:00:00",192,0.1466852,0.1709474,13.21801,0.1342903,0.1688651,12.59579,0.1641241,0.1827776,11.84355
"2024-04-20 00:00:00",193,0.1466825,0.1728085,13.88026,0.1343568,0.1707728,13.15211,0.1627581,0.1830842,12.28224
"2024-04-21 00:00:00",194,0.3006142,0.4004289,14.66475,0.2886863,0.380758,14.43829,0.319113,0.4224434,13.91767
"2024-04-22 00:00:00",195,0.3980162,0.4909301,13.89703,0.3753107,0.4816007,13.94325,0.4036532,0.5070261,13.71879
"2024-04-23 00:00:00",196,0.374891,0.4703006,13.64688,0.3495577,0.4459019,13.53934,0.3839177,0.4750354,13.17819
"2024-04-24 00:00:00",197,0.3598659,0.4675148,14.14472,0.3338812,0.4351988,13.71318,0.3729714,0.4656944,13.14756
"2024-04-25 00:00:00",198,0.3460272,0.4540563,14.12139,0.3207667,0.4251338,13.84268,0.364084,0.461548,13.31414
"2024-04-26 00:00:00",199,0.3344948,0.4394656,13.90563,0.3104936,0.4164178,13.87526,0.3570567,0.4587857,13.42176
"2024-04-27 00:00:00",200,0.325303,0.4219869,13.17411,0.3022637,0.4031968,13.36231,0.3514745,0.4524419,13.19252
"2024-04-28 00:00:00",201,0.3209696,0.4094665,12.33608,0.2970062,0.3921037,12.73576,0.3474869,0.4453234,12.80507
"2024-04-29 00:00:00",202,0.3220841,0.4105157,11.99987,0.2940969,0.385429,12.23777,0.34411,0.4381966,12.34875
"2024-04-30 00:00:00",203,0.3192619,0.4170987,12.5912,0.2902735,0.3864792,12.50926,0.340894,0.4368283,12.32534
"2024-05-01 00:00:00",204,0.3104654,0.4156826,13.28546,0.2844308,0.3867047,13.04196,0.3375587,0.4383325,12.62305
"2024-05-02 00:00:00",205,0.2969219,0.3980075,13.2583,0.2760776,0.3785718,13.24856,0.333308,0.4367858,12.89461
"2024-05-03 00:00:00",206,0.281834,0.3733408,12.65531,0.2661507,0.362984,12.88677,0.3282418,0.4285063,12.79815
"2024-05-04 00:00:00",207,0.2651967,0.3539407,12.8978,0.2548983,0.3493903,12.92295,0.3224274,0.4202323,12.73403
"2024-05-05 00:00:00",208,0.247431,0.3321174,13.21382,0.2424637,0.3347739,13.13068,0.3156961,0.4122558,12.86128
"2024-05-06 00:00:00",209,0.2316444,0.3137259,13.98962,0.2302936,0.322223,13.74992,0.3088905,0.4066812,13.22895
"2024-05-07 00:00:00",210,0.2171955,0.2790849,12.83591,0.2188482,0.2989809,13.32768,0.3020963,0.3947928,13.25843
"2024-05-08 00:00:00",211,0.2051085,0.2554623,12.04529,0.2074259,0.2751818,12.50827,0.2941757,0.3762054,12.71294
"2024-05-09 00:00:00",212,0.1942524,0.237121,11.85489,0.1968954,0.2571674,12.26936,0.2860491,0.3612909,12.44325
"2024-05-10 00:00:00",213,0.1858207,0.2259257,12.51442,0.1867986,0.2432681,12.51719,0.2771021,0.3490868,12.42269
"2024-05-11 00:00:00",214,0.1789231,0.2148016,12.91888,0.1785166,0.2325644,13.00634,0.2692902,0.3399944,12.76018
"2024-05-12 00:00:00",215,0.1736038,0.2031584,12.36129,0.1717721,0.220201,12.64159,0.2620179,0.3278574,12.66398
"2024-05-13 00:00:00",216,0.3337969,0.4008613,12.85045,0.3296796,0.386124,12.85635,0.3785001,0.4661765,12.57078
"2024-05-14 00:00:00",217,0.3881858,0.4665227,13.53432,0.369695,0.4343357,13.1777,0.3971301,0.4618396,12.80554
"2024-05-15 00:00:00",218,0.3692971,0.4665989,14.48397,0.3465014,0.4308416,13.9727,0.3813988,0.4538668,13.30725
"2024-05-16 00:00:00",219,0.360241,0.4661577,14.542,0.3345693,0.4310575,14.23717,0.3737603,0.4585038,13.69084
"2024-05-17 00:00:00",220,0.3479043,0.4606165,14.78046,0.3234973,0.4277354,14.43982,0.3669631,0.4607078,13.90091
"2024-05-18 00:00:00",221,0.3326058,0.4493148,15.08804,0.3116872,0.421633,14.77438,0.3601744,0.4618954,14.18871
"2024-05-19 00:00:00",222,0.3161097,0.4334168,15.37376,0.2994921,0.4117373,15.05814,0.3534831,0.4605291,14.45872
"2024-05-20 00:00:00",223,0.2969694,0.4144174,15.89258,0.2855421,0.398624,15.42022,0.3461066,0.4562439,14.74705
"2024-05-21 00:00:00",224,0.272005,0.3832742,16.20754,0.2674881,0.3790746,15.8502,0.336776,0.4487173,15.1403
"2024-05-22 00:00:00",225,0.2527182,0.3501709,15.68368,0.2523491,0.3555045,15.72031,0.3287457,0.4371172,15.26507
"2024-05-23 00:00:00",226,0.2371408,0.3206372,14.72074,0.2372479,0.3286264,14.98181,0.3201654,0.4205489,14.9099
"2024-05-24 00:00:00",227,0.2185677,0.2894432,14.88205,0.2195009,0.3011564,14.97761,0.3085622,0.4011888,14.76334
"2024-05-25 00:00:00",228,0.2021478,0.2590136,14.32672,0.2028683,0.272708,14.64599,0.2963026,0.3802704,14.61788
"2024-05-26 00:00:00",229,0.1915192,0.2399106,14.66658,0.1889257,0.2504777,14.6897,0.2836201,0.3584625,14.5008
"2024-05-27 00:00:00",230,0.1836883,0.2247562,14.47706,0.1793345,0.2344389,14.56275,0.2731425,0.3404433,14.45096
"2024-05-28 00:00:00",231,0.176552,0.2150595,15.20698,0.1684541,0.2197563,14.92651,0.2579748,0.3177982,14.56193
"2024-05-29 00:00:00",232,0.1699611,0.2083543,16.38816,0.1576023,0.2065285,15.73575,0.2355691,0.2847477,15.02895
"2024-05-30 00:00:00",233,0.1650536,0.2030392,17.41103,0.1498834,0.197029,16.60365,0.2109395,0.2473208,15.66395
"2024-05-31 00:00:00",234,0.1619705,0.198667,18.01243,0.145668,0.1906282,17.1903,0.1930287,0.2191927,16.19993
"2024-06-01 00:00:00",235,0.161142,0.1981445,18.34098,0.1453599,0.1909139,17.60842,0.1891333,0.2132362,16.63298
"2024-06-02 00:00:00",236,0.2178154,0.278727,18.53543,0.2013013,0.2641872,17.98362,0.2470511,0.2953189,17.24885
"2024-06-03 00:00:00",237,0.41807,0.5227041,17.95926,0.4080285,0.509012,17.85313,0.4302634,0.5365633,17.41274
"2024-06-04 00:00:00",238,0.3972135,0.4927903,18.24744,0.3789275,0.4847856,17.95238,0.4079242,0.5077437,17.3602
"2024-06-05 00:00:00",239,0.3844432,0.4947417,18.38079,0.3623586,0.4746346,17.93746,0.3967087,0.5017091,17.31845
"2024-06-06 00:00:00",240,0.3744391,0.4998934,18.75591,0.3511745,0.4747945,18.21675,0.3890089,0.5041138,17.4751
"2024-06-07 00:00:00",241,0.3660231,0.504537,19.4559,0.3423726,0.4772031,18.72015,0.3827207,0.5095606,17.79113
"2024-06-08 00:00:00",242,0.3575735,0.5013133,19.75073,0.3346097,0.4765755,19.14937,0.3775057,0.5147429,18.19722
"2024-06-09 00:00:00",243,0.3493851,0.4977314,20.0942,0.3273711,0.4728298,19.40739,0.3725468,0.5159879,18.45705
"2024-06-10 00:00:00",244,0.340746,0.4911569,20.5589,0.3202191,0.4686471,19.84583,0.3681262,0.5170689,18.824
"2024-06-11 00:00:00",245,0.3310882,0.4800726,20.97332,0.3129805,0.4613576,20.24463,0.3638055,0.5156469,19.18413
"2024-06-12 00:00:00",246,0.3196007,0.4666637,21.5381,0.3042843,0.4519366,20.66804,0.35872,0.5115957,19.53633
"2024-06-13 00:00:00",247,0.3040667,0.4467369,22.03722,0.2932196,0.4391394,21.17192,0.3524564,0.5056618,19.96191
"2024-06-14 00:00:00",248,0.2841862,0.413787,22.07931,0.278604,0.4173534,21.36744,0.3441389,0.4935282,20.26024
"2024-06-15 00:00:00",249,0.2680359,0.3869938,22.29359,0.2659715,0.3978329,21.66119,0.336272,0.4812603,20.53788
"2024-06-16 00:00:00",250,0.2532473,0.3565851,21.55949,0.253045,0.3719891,21.12943,0.328301,0.4641032,20.38829
"2024-06-17 00:00:00",251,0.2343627,0.3227724,21.93004,0.2350135,0.3419445,21.32577,0.3159541,0.4418254,20.41965
"2024-06-18 00:00:00",252,0.2164984,0.2876892,22.17227,0.21501,0.308499,21.53783,0.3008599,0.4147635,20.58651
"2024-06-19 00:00:00",253,0.203237,0.2601094,22.11101,0.1986568,0.2818189,21.62461,0.2852556,0.3853672,20.73039
"2024-06-20 00:00:00",254,0.1936453,0.2435597,21.91883,0.1855048,0.2617758,21.44311,0.268116,0.3543297,20.66888
"2024-06-21 00:00:00",255,0.1866975,0.2321679,21.99945,0.1760905,0.2477217,21.62551,0.2522669,0.3284619,20.78906
"2024-06-22 00:00:00",256,0.1830975,0.222211,21.11676,0.1720652,0.2385102,21.09431,0.2440898,0.3137564,20.59855
"2024-06-23 00:00:00",257,0.3398481,0.4404456,20.42189,0.3318087,0.4245547,20.37438,0.376954,0.4873943,20.16438
"2024-06-24 00:00:00",258,0.4074355,0.5491625,21.37479,0.3899251,0.5115033,20.85055,0.4186199,0.5390086,20.24326
"2024-06-25 00:00:00",259,0.3886152,0.5524199,22.13663,0.3655936,0.5030832,21.42444,0.399906,0.5319338,20.52612
"2024-06-26 00:00:00",260,0.3742334,0.5463403,22.44746,0.3493415,0.5013746,21.79623,0.3890714,0.5375518,20.86325
"2024-06-27 00:00:00",261,0.361911,0.5342759,22.59675,0.337341,0.4966813,22.08101,0.3806649,0.5416738,21.1561
"2024-06-28 00:00:00",262,0.3513249,0.5195882,22.36344,0.3274435,0.4861825,21.92719,0.373963,0.5395929,21.17495
"2024-06-29 00:00:00",263,0.3421919,0.5088317,22.25885,0.3185117,0.4757769,21.84499,0.368069,0.5350565,21.15876
"2024-06-30 00:00:00",264,0.3322697,0.5015654,22.71305,0.3086544,0.4676512,22.20065,0.3619969,0.5309491,21.34493
"2024-07-01 00:00:00",265,0.3206652,0.4856839,22.64157,0.2982853,0.4540211,22.18793,0.3560318,0.5240256,21.42628
"2024-07-02 00:00:00",266,0.3171709,0.4906288,22.9448,0.2904466,0.4478607,22.3849,0.3512628,0.5193541,21.54689
"2024-07-03 00:00:00",267,0.3077106,0.4777072,22.81648,0.2797565,0.4345884,22.38996,0.344746,0.5119755,21.63306
"2024-07-04 00:00:00",268,0.2898685,0.4440674,22.20691,0.2647307,0.4091267,22.08187,0.3358059,0.4966948,21.53009
"2024-07-05 00:00:00",269,0.267997,0.40603,21.96729,0.2461527,0.3760247,21.83416,0.3243264,0.4745342,21.34345
"2024-07-06 00:00:00",270,0.2469316,0.3682393,22.0673,0.2275883,0.3423416,21.86066,0.3117173,0.4502513,21.3103
"2024-07-07 00:00:00",271,0.2279655,0.327883,22.18958,0.2099338,0.3094878,21.95431,0.2978958,0.4229066,21.36629
"2024-07-08 00:00:00",272,0.2105645,0.2910207,22.41867,0.1938725,0.2806182,22.10682,0.2816343,0.389158,21.46327
"2024-07-09 00:00:00",273,0.19658,0.2645944,22.82716,0.1801956,0.2580087,22.36782,0.2617285,0.349736,21.62829
"2024-07-10 00:00:00",274,0.1872407,0.247144,23.16929,0.1699622,0.2423786,22.65616,0.242234,0.3149077,21.85423
"2024-07-11 00:00:00",275,0.1811101,0.2372723,23.66147,0.1623502,0.2315705,23.01535,0.2243552,0.2854506,22.11013
"2024-07-12 00:00:00",276,0.1773928,0.2325209,24.35495,0.1571443,0.2248266,23.51866,0.2097687,0.2624121,22.46087
"2024-07-13 00:00:00",277,0.173825,0.2270788,24.6525,0.153235,0.2194482,23.89002,0.1989996,0.245577,22.82144
"2024-07-14 00:00:00",278,0.1713034,0.2232094,24.92583,0.1505942,0.215774,24.18763,0.1912959,0.2332111,23.10903
"2024-07-15 00:00:00",279,0.1692165,0.2195356,25.01949,0.1485518,0.2125898,24.30872,0.1858636,0.2239891,23.28613
"2024-07-16 00:00:00",280,0.1675892,0.2166102,25.12258,0.1473828,0.2106878,24.48995,0.1817764,0.2173073,23.48311
"2024-07-17 00:00:00",281,0.166517,0.215418,25.28476,0.1463025,0.2091765,24.58396,0.178752,0.2121408,23.58942
"2024-07-18 00:00:00",282,0.1653608,0.2144085,25.46718,0.1452582,0.2082336,24.74638,0.1761102,0.2080831,23.74314
"2024-07-19 00:00:00",283,0.1640375,0.211778,25.4827,0.1443847,0.2069633,24.89367,0.1739808,0.2046504,23.91322
"2024-07-20 00:00:00",284,0.162473,0.2084237,25.20553,0.143254,0.2046132,24.73526,0.1722971,0.2014415,23.90558
"2024-07-21 00:00:00",285,0.327061,0.5092841,25.33351,0.3105114,0.490223,25.09088,0.3403286,0.5299826,24.55387
"2024-07-22 00:00:00",286,0.405715,0.6352592,24.66227,0.3910797,0.6335456,24.67167,0.4171107,0.6549918,24.30997
"2024-07-23 00:00:00",287,0.3850959,0.6124486,24.03521,0.3639073,0.5890564,24.05287,0.3987105,0.6220219,23.72704
"2024-07-24 00:00:00",288,0.3713701,0.5929105,23.57844,0.3484927,0.5710507,23.62284,0.3872154,0.6088071,23.33702
"2024-07-25 00:00:00",289,0.3587054,0.5789285,23.55955,0.335524,0.5568733,23.4474,0.3778369,0.5995529,23.08786
"2024-07-26 00:00:00",290,0.344596,0.5640607,23.83912,0.3224062,0.5429327,23.58855,0.3692139,0.5913911,23.07779
"2024-07-27 00:00:00",291,0.3451376,0.5722094,24.10084,0.3147754,0.5338298,23.78187,0.3617572,0.5823435,23.17844
"2024-07-28 00:00:00",292,0.3450969,0.5808882,24.41688,0.3094715,0.5298433,24.0859,0.3561496,0.5770773,23.38626
"2024-07-29 00:00:00",293,0.3318575,0.5552234,23.9305,0.2991011,0.513071,23.93935,0.3496661,0.5671175,23.4371
"2024-07-30 00:00:00",294,0.316028,0.5260776,23.42349,0.286496,0.4898371,23.55852,0.3416775,0.5502519,23.22145
"2024-07-31 00:00:00",295,0.2985418,0.49772,23.19853,0.2725163,0.4652367,23.33651,0.3327994,0.5315157,23.03
"2024-08-01 00:00:00",296,0.2805156,0.4704864,23.19931,0.2573414,0.4388187,23.23951,0.3230843,0.5112267,22.9074
"2024-08-02 00:00:00",297,0.2641326,0.4462101,23.41084,0.2422574,0.412668,23.35346,0.3131511,0.4908361,22.93616
"2024-08-03 00:00:00",298,0.2495849,0.4231953,23.92734,0.2281417,0.3864241,23.68974,0.3026663,0.4698972,23.10686
"2024-08-04 00:00:00",299,0.2370122,0.3956506,24.48415,0.2151983,0.3599602,24.12063,0.2917761,0.4476209,23.40232
"2024-08-05 00:00:00",300,0.2274261,0.3680114,24.9142,0.2047789,0.3379737,24.55157,0.2806804,0.4247476,23.75524
"2024-08-06 00:00:00",301,0.2199925,0.3458519,24.95438,0.1960877,0.3186497,24.59192,0.269104,0.39805,23.89011
"2024-08-07 00:00:00",302,0.2122533,0.3280488,25.4119,0.1872787,0.3009611,24.95527,0.2536777,0.363448,24.12789
"2024-08-08 00:00:00",303,0.2068135,0.3151194,25.66748,0.1812337,0.288919,25.26271,0.2399006,0.333896,24.41641
"2024-08-09 00:00:00",304,0.2022371,0.3030992,25.40606,0.1762715,0.278059,25.14579,0.2285063,0.3088875,24.46887
"2024-08-10 00:00:00",305,0.1991034,0.2947087,25.26592,0.1726381,0.2700615,25.06717,0.2189917,0.2887146,24.44485
"2024-08-11 00:00:00",306,0.3322596,0.5688535,24.83023,0.2969938,0.53002,24.82402,0.2999298,0.4690931,24.41471
"2024-08-12 00:00:00",307,0.4120771,0.7158704,24.41375,0.3896125,0.7425181,24.49316,0.4091564,0.7388406,24.25552
"2024-08-13 00:00:00",308,0.395533,0.6885006,24.1414,0.3697811,0.6992611,24.17043,0.3884452,0.6935353,23.895
"2024-08-14 00:00:00",309,0.3976604,0.7096702,23.84887,0.3674811,0.7028655,23.93589,0.3847844,0.6917728,23.68521
"2024-08-15 00:00:00",310,0.3960074,0.7118891,23.33253,0.3670883,0.7067781,23.42608,0.3853295,0.6994563,23.30681
"2024-08-16 00:00:00",311,0.3859298,0.6968423,23.25488,0.3562207,0.6891172,23.2908,0.3770326,0.684104,23.09714
"2024-08-17 00:00:00",312,0.3762855,0.6766168,23.11608,0.3453375,0.6694436,23.18296,0.369306,0.6701985,22.97226
"2024-08-18 00:00:00",313,0.3663747,0.6493244,22.66341,0.3351007,0.6469298,22.91,0.3619892,0.6556819,22.80635
"2024-08-19 00:00:00",314,0.3584802,0.63122,22.44491,0.3266928,0.626571,22.54604,0.3557805,0.6403611,22.48779
"2024-08-20 00:00:00",315,0.3500187,0.61946,22.77232,0.3175043,0.6123058,22.68668,0.3495014,0.628913,22.44352
"2024-08-21 00:00:00",316,0.338396,0.6006992,23.01122,0.3053708,0.5934542,22.92355,0.3417031,0.6164784,22.57841
"2024-08-22 00:00:00",317,0.3267236,0.5795805,23.14758,0.2933193,0.5723458,23.10751,0.3339535,0.6027447,22.72827
"2024-08-23 00:00:00",318,0.3186871,0.5579213,22.71302,0.2860562,0.5534614,22.83169,0.3290609,0.5897165,22.64133
"2024-08-24 00:00:00",319,0.3193383,0.5480995,22.21545,0.2817654,0.5392677,22.4062,0.3256389,0.5778557,22.35116
"2024-08-25 00:00:00",320,0.373752,0.6411111,21.93748,0.2799528,0.534719,22.111,0.322512,0.5685887,22.07143
"2024-08-26 00:00:00",321,0.3666451,0.6388883,21.6199,0.2799045,0.5389714,21.8921,0.3184363,0.5611309,21.88271
"2024-08-27 00:00:00",322,0.3754222,0.6651222,21.00581,0.2799114,0.538977,21.35656,0.3144689,0.5512565,21.50938
"2024-08-28 00:00:00",323,0.365254,0.6447503,20.78668,0.2806594,0.544077,21.12736,0.3097907,0.5415488,21.25327
"2024-08-29 00:00:00",324,0.3549056,0.623023,20.68096,0.2774539,0.5401717,20.97793,0.3050837,0.5318081,21.0714
"2024-08-30 00:00:00",325,0.343886,0.5999338,20.60089,0.2723462,0.5309973,20.87855,0.3005826,0.521405,20.94833
"2024-08-31 00:00:00",326,0.3326145,0.5784432,20.62104,0.2655597,0.5180018,20.85767,0.2962269,0.5104394,20.88125
"2024-09-01 00:00:00",327,0.3189752,0.5508827,20.38684,0.2558843,0.4965046,20.7161,0.2907942,0.4962252,20.79654
"2024-09-02 00:00:00",328,0.3057694,0.5313486,20.73377,0.2461877,0.4762396,20.85123,0.28509,0.4820835,20.77772
"2024-09-03 00:00:00",329,0.2909329,0.5046165,20.78563,0.2365473,0.4534146,20.95604,0.2798147,0.468307,20.87297
"2024-09-04 00:00:00",330,0.2745771,0.4731977,20.7721,0.225614,0.4259174,20.96561,0.2734083,0.4509085,20.89589
"2024-09-05 00:00:00",331,0.258391,0.4440815,21.30002,0.2151488,0.4001538,21.27032,0.266234,0.432691,21.02612
"2024-09-06 00:00:00",332,0.2436263,0.4085612,21.21304,0.2063325,0.3757704,21.39112,0.2598803,0.4154082,21.21657
"2024-09-07 00:00:00",333,0.2299543,0.3745359,20.95057,0.1974832,0.3513183,21.1856,0.2520209,0.3925135,21.13357
"2024-09-08 00:00:00",334,0.3428169,0.5855814,21.23007,0.3186407,0.5641711,21.52732,0.3659713,0.6113812,21.29985
"2024-09-09 00:00:00",335,0.3971097,0.6789693,20.99129,0.3746215,0.6784994,21.28594,0.3977874,0.6341438,21.30085
"2024-09-10 00:00:00",336,0.3842081,0.6616014,20.54939,0.357353,0.6535758,20.85759,0.3834658,0.6128817,20.94076
"2024-09-11 00:00:00",337,0.3747926,0.6537896,20.52069,0.3455492,0.6386405,20.72861,0.374996,0.6049732,20.75798
"2024-09-12 00:00:00",338,0.3665555,0.6417757,20.4662,0.3365096,0.627143,20.69726,0.3683851,0.6002193,20.70177
"2024-09-13 00:00:00",339,0.3566678,0.6183553,19.91479,0.3269587,0.6080239,20.33513,0.3614184,0.5908155,20.49903
"2024-09-14 00:00:00",340,0.3451833,0.5876413,19.11255,0.3162473,0.5823978,19.72493,0.3539589,0.5754864,20.10241
"2024-09-15 00:00:00",341,0.3344046,0.5612414,18.473,0.3064798,0.5586592,19.1557,0.3467904,0.5594903,19.649
"2024-09-16 00:00:00",342,0.3246479,0.5415015,18.23219,0.2979886,0.5403157,18.87449,0.3405653,0.5458227,19.3286
"2024-09-17 00:00:00",343,0.3155369,0.5284895,18.33985,0.2901385,0.525641,18.76077,0.3349038,0.5340818,19.10146
"2024-09-18 00:00:00",344,0.3036726,0.5114346,18.50336,0.2805361,0.5104403,18.8547,0.3283984,0.5235323,19.07119
"2024-09-19 00:00:00",345,0.2889581,0.4750735,17.53442,0.2690539,0.4830241,18.29602,0.3210828,0.5067949,18.81805
"2024-09-20 00:00:00",346,0.2759125,0.4487854,17.12553,0.2581647,0.4579533,17.83432,0.3134333,0.4874401,18.40397
"2024-09-21 00:00:00",347,0.2634213,0.4276995,17.28171,0.2472027,0.4365064,17.79679,0.3054081,0.470828,18.22116
"2024-09-22 00:00:00",348,0.2520995,0.4047021,17.26579,0.2375266,0.4160774,17.83305,0.2984704,0.4564888,18.20692
"2024-09-23 00:00:00",349,0.2450472,0.3905755,17.37133,0.2311628,0.4011291,17.75884,0.2934996,0.4444173,18.08044
"2024-09-24 00:00:00",350,0.2367335,0.3691368,17.18439,0.223954,0.3839105,17.68298,0.2879198,0.4318596,18.03406
"2024-09-25 00:00:00",351,0.2285515,0.3484738,17.04308,0.215721,0.3639172,17.54799,0.2808993,0.4157323,17.91352
"2024-09-26 00:00:00",352,0.2218059,0.333559,17.21864,0.2080438,0.3462195,17.60067,0.2735044,0.3999259,17.87965
"2024-09-27 00:00:00",353,0.2148421,0.3192219,17.47055,0.2003195,0.3289058,17.77209,0.2652577,0.3809755,17.9569
"2024-09-28 00:00:00",354,0.20822,0.3057614,17.63301,0.192817,0.3132095,17.92384,0.2562665,0.3603482,18.06608
"2024-09-29 00:00:00",355,0.2034308,0.2975538,17.97125,0.1866083,0.301159,18.13439,0.2472545,0.3404032,18.18468
"2024-09-30 00:00:00",356,0.1993114,0.2887985,18.04922,0.181615,0.2909719,18.28986,0.2388118,0.32179,18.33925
"2024-10-01 00:00:00",357,0.1960368,0.282741,18.20065,0.1772725,0.2822337,18.38161,0.2302008,0.3038853,18.40845
"2024-10-02 00:00:00",358,0.1920351,0.2727835,17.87837,0.1729811,0.2725955,18.2801,0.2222537,0.2873072,18.43366
"2024-10-03 00:00:00",359,0.1881229,0.2623752,17.28083,0.1689999,0.2624295,17.86353,0.2145378,0.2720203,18.21634
"2024-10-04 00:00:00",360,0.1854124,0.2560867,16.96507,0.1658848,0.2548605,17.55411,0.2078601,0.2592221,17.96165
"2024-10-05 00:00:00",361,0.1831895,0.2509338,16.76445,0.1634355,0.2490964,17.3424,0.2022205,0.2486548,17.7629
"2024-10-06 00:00:00",362,0.1812372,0.246515,16.65094,0.1614269,0.2443989,17.21133,0.1973108,0.239514,17.61872
"2024-10-07 00:00:00",363,0.1794386,0.2431864,16.52306,0.1596041,0.2406725,17.09097,0.1930561,0.2319903,17.5001
"2024-10-08 00:00:00",364,0.1778058,0.2391896,16.25987,0.1580746,0.236992,16.87258,0.1894625,0.2256074,17.33407
"2024-10-09 00:00:00",365,0.1765501,0.2364506,16.13468,0.1567993,0.2340619,16.72294,0.1863139,0.22003,17.17861
"2024-10-10 00:00:00",366,0.1755456,0.2350958,16.1807,0.1557575,0.2320882,16.68034,0.1834698,0.215186,17.07961
"2024-10-11 00:00:00",367,0.1747755,0.2336185,16.18363,0.1549057,0.2304577,16.67439,0.1810448,0.2111552,17.04168
"2024-10-12 00:00:00",368,0.1740037,0.2325642,16.21725,0.1542241,0.2292058,16.6746,0.1790868,0.2078788,17.00973
"2024-10-13 00:00:00",369,0.1729646,0.2302176,16.09072,0.1534851,0.227433,16.60268,0.1773048,0.2048911,16.96568
"2024-10-14 00:00:00",370,0.171699,0.2269925,15.80497,0.1525169,0.224786,16.38859,0.1755688,0.2015608,16.831
"2024-10-15 00:00:00",371,0.1722058,0.2295398,16.27616,0.1524142,0.2251576,16.55852,0.1742292,0.1994366,16.79976
"2024-10-16 00:00:00",372,0.1712676,0.2270713,16.12371,0.1518815,0.2241366,16.57871,0.1732421,0.197985,16.87312
"2024-10-17 00:00:00",373,0.1708022,0.2262855,16.14557,0.1514475,0.222985,16.53593,0.1721729,0.1957192,16.81413
"2024-10-18 00:00:00",374,0.1707618,0.2272566,16.3516,0.1513159,0.223162,16.6489,0.1716073,0.1947484,16.84422
"2024-10-19 00:00:00",375,0.1694361,0.2206423,15.61577,0.1506757,0.2201763,16.33258,0.1715584,0.1935396,16.75434
"2024-10-20 00:00:00",376,0.1675361,0.2134559,14.43828,0.1493346,0.214317,15.35678,0.1712197,0.1905268,16.13253
"2024-10-21 00:00:00",377,0.1672037,0.211338,14.04675,0.1488029,0.2119526,14.89827,0.1710534,0.188335,15.65214
"2024-10-22 00:00:00",378,0.1675299,0.211491,13.88813,0.148653,0.211053,14.64591,0.1711729,0.1873376,15.34176
"2024-10-23 00:00:00",379,0.1665174,0.2073047,13.25781,0.1479379,0.2081785,14.18678,0.1710239,0.185891,15.01969
"2024-10-24 00:00:00",380,0.1664429,0.2062647,12.9848,0.1475762,0.2062847,13.84429,0.1710436,0.1841827,14.66424
"2024-10-25 00:00:00",381,0.1663124,0.204626,12.66111,0.1474261,0.2045937,13.55645,0.170599,0.18281,14.38667
"2024-10-26 00:00:00",382,0.1659766,0.2022906,12.21717,0.1469585,0.2021849,13.17295,0.1702628,0.1810721,14.06596
"2024-10-27 00:00:00",383,0.1658992,0.2006766,11.86764,0.1465325,0.2001181,12.82262,0.169804,0.1792129,13.74495
"2024-10-28 00:00:00",384,0.1658838,0.1997756,11.66083,0.1461999,0.1987101,12.58116,0.1692086,0.1774565,13.48206
"2024-10-29 00:00:00",385,0.1668827,0.2031584,12.0112,0.146539,0.1996934,12.67005,0.1689545,0.1768391,13.37349
"2024-10-30 00:00:00",386,0.1675014,0.2047124,12.25024,0.146789,0.2008082,12.84461,0.169222,0.1773468,13.42294
"2024-10-31 00:00:00",387,0.1664844,0.2004201,11.61626,0.1464661,0.1986289,12.51008,0.1692698,0.1771381,13.2832
"2024-11-01 00:00:00",388,0.1643611,0.1922095,10.4394,0.1453491,0.1930102,11.6756,0.1689058,0.1744924,12.78827
"2024-11-02 00:00:00",389,0.163083,0.1868013,9.579252,0.1443412,0.1884718,10.91335,0.1680751,0.1712053,12.17857
"2024-11-03 00:00:00",390,0.1624367,0.1841497,9.065617,0.1436685,0.185242,10.34009,0.1675908,0.1684261,11.62985
"2024-11-04 00:00:00",391,0.1640328,0.1891055,9.658838,0.1440113,0.1868468,10.47928,0.167469,0.1680569,11.42001
"2024-11-05 00:00:00",392,0.1640049,0.1882541,9.547696,0.1442972,0.1870535,10.48554,0.1679734,0.1687049,11.40706
"2024-11-06 00:00:00",393,0.162492,0.1815575,8.588177,0.1434927,0.183078,9.886136,0.1677822,0.1671343,11.08205
"2024-11-07 00:00:00",394,0.161816,0.1789963,8.06034,0.142681,0.179898,9.303333,0.1674163,0.1648152,10.57075
"2024-11-08 00:00:00",395,0.1605047,0.1741553,7.277783,0.1420097,0.1764209,8.717892,0.1671235,0.1627097,10.113
"2024-11-09 00:00:00",396,0.1606825,0.1740182,7.05614,0.1415786,0.1742933,8.282269,0.1665902,0.160648,9.628287
"2024-11-10 00:00:00",397,0.1621925,0.1806475,7.933287,0.1424676,0.1776022,8.67886,0.1672059,0.1616771,9.602386
"2024-11-11 00:00:00",398,0.1614416,0.177898,7.639214,0.1425382,0.1772101,8.670799,0.1676679,0.1624182,9.679771
"2024-11-12 00:00:00",399,0.1610675,0.1757059,7.250671,0.1421216,0.1752438,8.344082,0.1676637,0.1613638,9.452594
"2024-11-13 00:00:00",400,0.1611188,0.1749675,7.100201,0.1419827,0.1741274,8.144119,0.1675612,0.1604776,9.236227
"2024-11-14 00:00:00",401,0.1612948,0.1750266,7.023541,0.1420622,0.173681,8.03089,0.1675301,0.1600665,9.076945
"2024-11-15 00:00:00",402,0.1603043,0.1701731,6.25299,0.1413557,0.1705402,7.53769,0.1672829,0.1587157,8.791121
"2024-11-16 00:00:00",403,0.1606681,0.1695132,6.01784,0.1409554,0.168546,7.165856,0.1672245,0.1569813,8.415679
"2024-11-17 00:00:00",404,0.1604956,0.1696096,6.030767,0.1411101,0.1685321,7.137668,0.167139,0.1566708,8.278423
"2024-11-18 00:00:00",405,0.1595714,0.1654443,5.324924,0.1404262,0.1655769,6.638385,0.1668789,0.1552189,7.968756
"2024-11-19 00:00:00",406,0.1590481,0.163528,4.949116,0.1400309,0.1634751,6.237597,0.1666438,0.1535965,7.597699
"2024-11-20 00:00:00",407,0.159395,0.1648388,5.140654,0.140351,0.1638457,6.262868,0.1667213,0.1533121,7.447254
"2024-11-21 00:00:00",408,0.1577745,0.1578946,4.009669,0.1393116,0.1595214,5.570733,0.1665727,0.1514838,7.094537
"2024-11-22 00:00:00",409,0.1568072,0.1548403,3.435896,0.1384742,0.1562564,4.955881,0.1660912,0.1490244,6.552906
"2024-11-23 00:00:00",410,0.156523,0.1538226,3.217658,0.1382473,0.1547953,4.646823,0.1660625,0.1475349,6.182519
"2024-11-24 00:00:00",411,0.1565637,0.1540852,3.221219,0.1382194,0.1543545,4.509749,0.1659056,0.1468059,5.943736
"2024-11-25 00:00:00",412,0.1577303,0.1580045,3.776784,0.1387822,0.1560714,4.734825,0.1665416,0.147345,5.913717
"2024-11-26 00:00:00",413,0.1584594,0.160508,4.17833,0.139567,0.1585097,5.090087,0.1671143,0.1491054,6.099168
"2024-11-27 00:00:00",414,0.1598188,0.1631995,4.595707,0.1401847,0.1605711,5.375487,0.167604,0.15065,6.249133
"2024-11-28 00:00:00",415,0.1604425,0.1629012,4.466034,0.1402363,0.1601508,5.3302,0.1687203,0.1519557,6.271065
"2024-11-29 00:00:00",416,0.1612846,0.160365,3.833813,0.1395611,0.1580375,5.024998,0.1690891,0.1520264,6.145129
"2024-11-30 00:00:00",417,0.1625101,0.1592953,3.132919,0.1389184,0.1549378,4.481351,0.1688921,0.1504737,5.784355
"2024-12-01 00:00:00",418,0.1637962,0.1593304,2.597704,0.1383655,0.1523242,3.990221,0.1688016,0.1490417,5.379896
"2024-12-02 00:00:00",419,0.165128,0.1600807,2.256223,0.1379367,0.1506428,3.624076,0.1688296,0.1491349,5.028752
"2024-12-03 00:00:00",420,0.166261,0.1616233,2.096678,0.1378507,0.149593,3.389639,0.1663153,0.1469793,4.754781
"2024-12-04 00:00:00",421,0.1675121,0.1635862,2.06753,0.1378465,0.1491826,3.282917,0.1652936,0.1456629,4.581923
"2024-12-05 00:00:00",422,0.1687686,0.1658539,2.128632,0.1378629,0.1491452,3.250446,0.16601,0.1459032,4.476328
"2024-12-06 00:00:00",423,0.170049,0.1678598,2.193455,0.1381354,0.1494183,3.269903,0.1659923,0.1463725,4.432716
"2024-12-07 00:00:00",424,0.1705851,0.1690304,2.150017,0.1383144,0.1493561,3.237131,0.1666666,0.1467715,4.382374
"2024-12-08 00:00:00",425,0.1712953,0.1695567,2.032091,0.1383458,0.148962,3.141587,0.1666484,0.1469151,4.296492
"2024-12-09 00:00:00",426,0.1720296,0.1702629,1.937633,0.1383657,0.1485064,3.027812,0.167066,0.1468791,4.180106
"2024-12-10 00:00:00",427,0.1727573,0.1712374,1.910461,0.1385563,0.1483457,2.967282,0.1673972,0.1470114,4.08728
"2024-12-11 00:00:00",428,0.1727679,0.170403,1.654589,0.1383865,0.1475902,2.813429,0.1673962,0.1469983,3.977299
"2024-12-12 00:00:00",429,0.1726985,0.1692579,1.323042,0.1382396,0.1461223,2.522214,0.1674675,0.1463324,3.754837
"2024-12-13 00:00:00",430,0.1727465,0.1688718,1.091155,0.137952,0.1450484,2.285072,0.1675248,0.1458254,3.536124
"2024-12-14 00:00:00",431,0.1730565,0.1693045,0.9981431,0.1376907,0.1445106,2.136038,0.1675702,0.1454778,3.356418
"2024-12-15 00:00:00",432,0.1734687,0.1694691,0.9087998,0.137759,0.1441289,2.034078,0.1676798,0.145453,3.229673
"2024-12-16 00:00:00",433,0.1735913,0.1701278,0.8901204,0.138271,0.1440524,1.966834,0.168292,0.1454442,3.123033
"2024-12-17 00:00:00",434,0.1740644,0.170327,0.8374034,0.1383228,0.1439399,1.912483,0.1683007,0.1456606,3.048452
"2024-12-18 00:00:00",435,0.1740846,0.1710868,0.8724545,0.1384991,0.1440684,1.888726,0.1684924,0.1457888,2.980216
"2024-12-19 00:00:00",436,0.1745593,0.1714178,0.8871368,0.1384826,0.1442214,1.891662,0.1689991,0.1461762,2.955041
"2024-12-20 00:00:00",437,0.1748131,0.1716332,0.8815435,0.1384721,0.1442958,1.872218,0.169071,0.1464541,2.917916
"2024-12-21 00:00:00",438,0.1748305,0.1714731,0.823429,0.1386713,0.1442092,1.828704,0.1696877,0.1467283,2.875975
"2024-12-22 00:00:00",439,0.1747755,0.1711349,0.7320697,0.1387879,0.1439521,1.748713,0.1696703,0.1468958,2.807505
"2024-12-23 00:00:00",440,0.1747301,0.1709099,0.6578299,0.139027,0.1437448,1.668821,0.1698811,0.1469772,2.728363
"2024-12-24 00:00:00",441,0.175048,0.1718927,0.7480218,0.1392529,0.1440512,1.681789,0.1703894,0.1471234,2.682226
"2024-12-25 00:00:00",442,0.175505,0.1725598,0.8536702,0.1393002,0.1446223,1.758821,0.1703893,0.1477483,2.710366
"2024-12-26 00:00:00",443,0.1761421,0.1743453,1.073866,0.1399658,0.1454641,1.870693,0.1710073,0.1483921,2.755986
"2024-12-27 00:00:00",444,0.1776197,0.1789676,1.810353,0.1408262,0.1483363,2.37062,0.171689,0.150466,3.035771
"2024-12-28 00:00:00",445,0.1788577,0.1821107,2.219141,0.1416458,0.1505531,2.709776,0.1722236,0.152537,3.290596
"2024-12-29 00:00:00",446,0.1801567,0.1865041,2.714759,0.14255,0.1531768,3.085865,0.1731958,0.1549076,3.543481
"2024-12-30 00:00:00",447,0.1809954,0.1884024,2.899926,0.1432437,0.1549297,3.362774,0.1741379,0.1572142,3.810972
"2024-12-31 00:00:00",448,0.1818067,0.1895128,2.922189,0.1435552,0.1555592,3.447307,0.1745753,0.1585006,3.936653
"2025-01-01 00:00:00",449,0.1814681,0.185462,2.273289,0.1432649,0.1537965,3.172936,0.1750353,0.1585373,3.903959
