"TOA5","S1T","CR200X","23119","CR200X.Std.04","CSU_3depths.CR2","4256","Table2"
"TIMESTAMP","RECORD","BattV_Min","VWC_1_Avg","EC_1_Avg","T_1_Avg","VWC_2_Avg","EC_2_Avg","T_2_Avg","VWC_3_Avg","EC_3_Avg","T_3_Avg"
"TS","RN","Volts","m^3/m^3","dS/m","Deg C","m^3/m^3","dS/m","Deg C","m^3/m^3","dS/m","Deg C"
"","","Min","Avg","Avg","Avg","Avg","Avg","Avg","Avg","Avg","Avg"
"2023-10-10 00:00:00",0,13.02893,0.1944323,0.2470898,14.32895,0.18893,0.2680242,14.47433,0.2739088,0.3632379,14.84566
"2023-10-10 12:00:00",1,12.79473,0.1913452,0.2358604,13.27899,0.1882975,0.2649024,14.34657,0.2735056,0.362778,14.93397
"2023-10-11 00:00:00",2,13.09189,0.1863616,0.231348,13.69284,0.1817064,0.2534305,14.08652,0.2668074,0.3505292,14.73346
"2023-10-11 12:00:00",3,12.92904,0.1849522,0.2292588,13.95842,0.1807364,0.2533413,14.51463,0.265091,0.3485714,14.87445
"2023-10-12 00:00:00",4,13.06251,0.1825356,0.2251144,13.91052,0.1781336,0.248241,14.408,0.2621996,0.3430385,14.88447
"2023-10-12 12:00:00",5,12.91477,0.1812313,0.2195529,13.35641,0.1778187,0.2462588,14.29168,0.2618465,0.3412644,14.86495
"2023-10-13 00:00:00",6,13.08769,0.1804336,0.2191241,13.20164,0.1760595,0.2421982,13.93134,0.2599771,0.3365135,14.64559
"2023-10-13 12:00:00",7,12.89546,0.1789732,0.2140426,12.68024,0.1755666,0.2408835,13.82971,0.2594171,0.3347578,14.54629
"2023-10-14 00:00:00",8,12.97856,0.1773083,0.2124722,12.54488,0.1725133,0.234729,13.38344,0.2557766,0.3270001,14.25576
"2023-10-14 12:00:00",9,12.8879,0.1747599,0.2042699,11.70431,0.1715662,0.2317239,13.16518,0.2548353,0.323862,14.11155
"2023-10-15 00:00:00",10,13.07258,0.1740406,0.2045968,11.6862,0.1692271,0.226414,12.65589,0.2515234,0.3163576,13.72881
"2023-10-15 12:00:00",11,12.87363,0.1723575,0.1986302,11.0842,0.1686078,0.2245472,12.55018,0.2505249,0.3135842,13.58288
"2023-10-16 00:00:00",12,13.01046,0.1719163,0.2018365,11.57445,0.1653389,0.2197188,12.2749,0.2459114,0.3046113,13.2725
"2023-10-16 12:00:00",13,12.88455,0.1704866,0.1975424,11.29416,0.1648994,0.2195953,12.47247,0.2450798,0.3030447,13.30681
"2023-10-17 00:00:00",14,13.05579,0.1695179,0.2001677,11.85056,0.1616448,0.2148285,12.34601,0.2398634,0.2938123,13.14931
"2023-10-17 12:00:00",15,12.78633,0.1675736,0.1943834,11.4032,0.1611137,0.2143084,12.54074,0.2386504,0.2922496,13.26012
"2023-10-18 00:00:00",16,13.04992,0.1662169,0.1959162,11.84128,0.157599,0.2088168,12.32091,0.2330257,0.2827595,13.09201
"2023-10-18 12:00:00",17,12.88119,0.1645648,0.1911054,11.49646,0.1571957,0.208638,12.54969,0.2324883,0.281301,13.20481
"2023-10-19 00:00:00",18,13.04152,0.1633264,0.1927401,11.97743,0.1539155,0.2036691,12.37874,0.2263717,0.2716901,13.07416
"2023-10-19 12:00:00",19,12.89378,0.1618908,0.1887078,11.72845,0.1535754,0.2038415,12.65334,0.2251137,0.2703845,13.21528
"2023-10-20 00:00:00",20,13.03229,0.1609314,0.1908535,12.30209,0.1506812,0.1995893,12.57142,0.2190092,0.261272,13.13665
"2023-10-20 12:00:00",21,12.8879,0.159071,0.1853673,11.86081,0.1504145,0.1994991,12.80251,0.2180653,0.2603566,13.30668
"2023-10-21 00:00:00",22,13.03565,0.1577493,0.1862672,12.22475,0.1475504,0.194709,12.58953,0.2116854,0.2511899,13.18425
"2023-10-21 12:00:00",23,12.86608,0.1556922,0.1798072,11.60493,0.1470931,0.193905,12.69162,0.2107793,0.2496711,13.28231
"2023-10-22 00:00:00",24,13.039,0.1546149,0.1808947,11.9466,0.1443785,0.1891039,12.39942,0.2046197,0.240085,13.08597
"2023-10-22 12:00:00",25,12.86944,0.1528431,0.1757095,11.47291,0.1441261,0.188794,12.54226,0.2034777,0.2385154,13.15755
"2023-10-23 00:00:00",26,13.05495,0.1522759,0.1774472,11.84039,0.142024,0.1850205,12.29202,0.1980265,0.2297968,12.98003
"2023-10-23 12:00:00",27,12.90637,0.1512519,0.1746122,11.67622,0.1419525,0.1856746,12.5431,0.1974361,0.2287268,13.07891
"2023-10-24 00:00:00",28,13.0432,0.1509232,0.1760605,12.118,0.1404251,0.1826829,12.44956,0.1920621,0.2208398,13.00188
"2023-10-24 12:00:00",29,12.87112,0.149024,0.1707065,11.50798,0.1402148,0.1825553,12.55225,0.1916869,0.2199763,13.10933
"2023-10-25 00:00:00",30,13.04992,0.1484006,0.1710813,11.6405,0.1384278,0.1789299,12.20462,0.1871955,0.212789,12.90957
"2023-10-25 12:00:00",31,12.85769,0.1465654,0.1656899,11.00158,0.1381755,0.1782658,12.20978,0.186903,0.2116178,12.91255
"2023-10-26 00:00:00",32,13.04404,0.1466878,0.1673379,11.2713,0.1368531,0.1751993,11.87665,0.1827724,0.2053003,12.66868
"2023-10-26 12:00:00",33,12.87531,0.1453526,0.1640499,10.93793,0.1368231,0.1755998,12.01501,0.1827326,0.2048066,12.69917
"2023-10-27 00:00:00",34,13.07762,0.1458279,0.1650919,11.18014,0.1360016,0.1733219,11.79376,0.1798732,0.2001904,12.53769
"2023-10-27 12:00:00",35,12.88119,0.1442981,0.1609263,10.57933,0.1358587,0.1729859,11.76854,0.1803786,0.1999138,12.53062
"2023-10-28 00:00:00",36,13.11203,0.1444658,0.1621843,10.72962,0.1352254,0.1708515,11.45853,0.1779209,0.1960506,12.30022
"2023-10-28 12:00:00",37,12.86356,0.1442157,0.1618844,10.76848,0.1351463,0.1716171,11.59609,0.1778976,0.195767,12.28988
"2023-10-29 00:00:00",38,13.08349,0.1451218,0.1654045,11.37823,0.1351729,0.1719897,11.74113,0.1758387,0.1933607,12.27701
"2023-10-29 12:00:00",39,12.79809,0.1434703,0.1600912,10.64749,0.1350693,0.1717086,11.75792,0.1764098,0.1937802,12.38199
"2023-10-30 00:00:00",40,13.04908,0.1419298,0.155391,9.779884,0.1338977,0.167614,11.09046,0.175382,0.1909755,12.11216
"2023-10-30 12:00:00",41,12.79557,0.1382828,0.144665,8.057377,0.1324061,0.1624551,10.30332,0.1751561,0.1882266,11.73472
"2023-10-31 00:00:00",42,13.00962,0.1379573,0.1441431,7.739076,0.1310209,0.157578,9.418851,0.1735241,0.1832312,11.07047
"2023-10-31 12:00:00",43,12.80396,0.1360522,0.1384848,6.848556,0.1303853,0.1555174,9.054795,0.1733415,0.1814215,10.69872
"2023-11-01 00:00:00",44,13.03061,0.1368688,0.1410314,7.067388,0.1295406,0.153112,8.543277,0.1718312,0.1776373,10.19917
"2023-11-01 12:00:00",45,12.81571,0.1355556,0.137321,6.558672,0.1294901,0.1528865,8.500417,0.1721777,0.177073,10.02584
"2023-11-02 00:00:00",46,13.04656,0.1366784,0.1405795,6.917911,0.1290268,0.1516173,8.17886,0.1706185,0.1744877,9.693886
"2023-11-02 12:00:00",47,12.81236,0.1355598,0.1374312,6.522117,0.1292329,0.1520239,8.270406,0.171097,0.1746084,9.642209
"2023-11-03 00:00:00",48,13.0516,0.1368425,0.1413772,6.999346,0.1287294,0.1510168,8.026307,0.1695994,0.1723242,9.398734
"2023-11-03 12:00:00",49,12.84174,0.1365917,0.1402484,7.000201,0.1294173,0.1528483,8.371738,0.1701924,0.1732156,9.478782
"2023-11-04 00:00:00",50,13.03648,0.1376692,0.1439777,7.508707,0.1290815,0.1526603,8.302405,0.1689392,0.1718846,9.396474
"2023-11-04 12:00:00",51,12.82579,0.1364665,0.1405416,7.107028,0.1293928,0.1533832,8.494925,0.1696649,0.1726831,9.510856
"2023-11-05 00:00:00",52,13.04152,0.1379414,0.1447196,7.661299,0.1291696,0.1527359,8.346869,0.168176,0.1708594,9.379053
"2023-11-05 12:00:00",53,12.85769,0.1375199,0.1432765,7.612469,0.1298151,0.1546152,8.709349,0.1689409,0.1722148,9.539063
"2023-11-06 00:00:00",54,13.08601,0.1385647,0.1463221,8.031803,0.1295227,0.1542431,8.629055,0.1679964,0.1712199,9.499759
"2023-12-26 12:00:00",155,12.78885,0.1459894,0.1315501,1.575971,0.1268586,0.1307688,2.821941,0.1784668,0.1615405,3.881833
"2023-12-27 00:00:00",156,13.05243,0.147491,0.1324524,1.297579,0.1264254,0.1295311,2.553334,0.1779956,0.1604828,3.673613
"2023-12-27 12:00:00",157,12.79221,0.1488383,0.1335344,1.115885,0.1262921,0.1287185,2.359987,0.1780875,0.1596542,3.48571
"2023-12-28 00:00:00",158,13.04404,0.1498663,0.1341753,0.921312,0.1259234,0.1278786,2.165794,0.1781759,0.1588249,3.316428
"2023-12-28 12:00:00",159,12.80144,0.1506807,0.1348839,0.8049008,0.1257275,0.1273693,2.031138,0.1782236,0.1582838,3.169948
"2023-12-29 00:00:00",160,12.97185,0.1513421,0.1353389,0.6594076,0.1258134,0.1267454,1.880577,0.1775704,0.157724,3.032313
"2023-12-29 12:00:00",161,12.8132,0.1515906,0.1355902,0.5764718,0.1258569,0.1264047,1.780298,0.1775916,0.1572829,2.912536
"2023-12-30 00:00:00",162,13.03313,0.1522326,0.1358594,0.4529053,0.1252467,0.1258472,1.651122,0.1776241,0.1568587,2.798807
"2023-12-30 12:00:00",163,12.79892,0.1520988,0.1351899,0.3834654,0.1252264,0.1255736,1.572159,0.1776761,0.1564979,2.695936
"2023-12-31 00:00:00",164,13.08349,0.1516652,0.1347387,0.2634823,0.1252996,0.1250193,1.445124,0.1777184,0.1559734,2.592356
"2023-12-31 12:00:00",165,12.84509,0.1515877,0.1348588,0.2707211,0.1253084,0.1249648,1.406934,0.1777548,0.1556867,2.505737
"2024-01-01 00:00:00",166,13.04152,0.1515917,0.1346332,0.2367575,0.1253276,0.1247936,1.353319,0.1777754,0.1555721,2.442522
"2024-01-01 12:00:00",167,12.79976,0.1511762,0.1336276,0.2352262,0.1253222,0.124827,1.342481,0.1777809,0.1555467,2.395874
"2024-01-02 00:00:00",168,13.04572,0.1503038,0.1324271,0.1367212,0.1253798,0.1244425,1.25701,0.1777902,0.155434,2.337083
"2024-01-02 12:00:00",169,12.74772,0.1492972,0.1307851,0.1158689,0.1253818,0.1244324,1.233389,0.1779466,0.1553785,2.284003
"2024-01-03 00:00:00",170,13.03313,0.1473139,0.1282825,0.004090003,0.1254529,0.1238922,1.122774,0.1778786,0.1552071,2.215942
"2024-01-03 12:00:00",171,12.80564,0.1453819,0.125874,-0.04225334,0.1254545,0.1238682,1.097609,0.1782062,0.1551088,2.159534
"2024-01-04 00:00:00",172,13.09105,0.1421057,0.1210499,-0.1605978,0.1252226,0.1232942,0.9740434,0.1779302,0.154843,2.080685
"2024-01-04 12:00:00",173,12.8006,0.1440772,0.1233963,-0.02351747,0.125471,0.1237641,1.023649,0.178064,0.1548693,2.042589
"2024-01-05 00:00:00",174,13.07342,0.1455838,0.125727,0.05763344,0.1254252,0.1240736,1.073528,0.1785859,0.1550532,2.043796
"2024-01-05 12:00:00",175,12.85685,0.1466744,0.1271371,0.1338942,0.1253868,0.1243951,1.119476,0.1785509,0.1552867,2.052792
"2024-01-06 00:00:00",176,13.09273,0.1477682,0.1280702,0.1859528,0.1256621,0.1246485,1.152435,0.1785206,0.1555458,2.064733
"2024-01-06 12:00:00",177,12.8409,0.1483948,0.1290028,0.2370088,0.1260668,0.1248487,1.181828,0.1787458,0.1558457,2.073491
"2024-01-07 00:00:00",178,13.08098,0.1490872,0.1296834,0.2533181,0.1260415,0.1250071,1.192374,0.179215,0.1561143,2.079854
"2024-01-07 12:00:00",179,12.89462,0.1493898,0.1303702,0.2734361,0.1260209,0.1251484,1.203222,0.1792003,0.1563621,2.078891
"2024-01-08 00:00:00",180,13.1028,0.1499375,0.1311042,0.2851845,0.1260141,0.1252079,1.207605,0.179184,0.1565194,2.076016
"2024-01-08 12:00:00",181,12.88035,0.1503802,0.1318404,0.3095786,0.1260038,0.125331,1.218069,0.1793397,0.156705,2.075691
"2024-01-09 00:00:00",182,13.02725,0.1509646,0.132379,0.3238456,0.1262925,0.1254239,1.225524,0.1798957,0.1569431,2.076744
"2024-01-09 12:00:00",183,12.78549,0.1508593,0.1312585,0.2686141,0.1267028,0.1253952,1.211465,0.1798588,0.1572174,2.070183
"2024-01-10 00:00:00",184,13.03732,0.1499679,0.1295958,0.1069494,0.1260594,0.124901,1.098472,0.1798632,0.1572158,2.025759
"2024-01-10 12:00:00",185,12.83334,0.1473549,0.1272151,-0.02207583,0.1261241,0.1244096,1.003401,0.1798818,0.157064,1.962991
"2024-01-11 00:00:00",186,13.08853,0.1439694,0.123024,-0.1343731,0.1261866,0.123958,0.8867791,0.1799107,0.1567025,1.880478
"2024-01-11 12:00:00",187,12.83838,0.1444754,0.1230835,-0.07575615,0.1261465,0.1242201,0.9046645,0.1799125,0.1566802,1.839987
"2024-01-12 00:00:00",188,13.05243,0.1451197,0.1237971,-0.03784214,0.1261322,0.1243292,0.9160228,0.1799121,0.1567054,1.823058
"2024-01-12 12:00:00",189,12.76283,0.1430095,0.1217792,-0.1184507,0.1261501,0.1242374,0.9070225,0.1802627,0.1569629,1.817402
"2024-01-13 00:00:00",190,13.0709,0.1380593,0.1151133,-0.3833449,0.1262781,0.1232676,0.7140337,0.1800887,0.1566802,1.740688
"2024-01-13 12:00:00",191,12.87699,0.1368982,0.1133929,-0.4434314,0.1262943,0.1231245,0.6617404,0.1799493,0.1563364,1.669227
"2024-01-14 00:00:00",192,13.10364,0.1373779,0.1127763,-0.3953367,0.1260825,0.1228464,0.5969124,0.1799901,0.1560411,1.604472
"2024-01-14 12:00:00",193,12.90721,0.1412037,0.1169065,-0.1491473,0.1262235,0.1236574,0.7163042,0.1800919,0.1562872,1.601506
"2024-01-15 00:00:00",194,13.107,0.1441871,0.1215242,-0.04351636,0.1264954,0.124219,0.8070431,0.1806667,0.1567383,1.638392
"2024-01-15 12:00:00",195,12.88035,0.1465679,0.1250299,0.03712288,0.1268271,0.12468,0.8791853,0.180617,0.1571551,1.67271
"2024-01-16 00:00:00",196,13.04992,0.1480563,0.126494,0.1173181,0.1267837,0.1250518,0.9404044,0.1805824,0.1575593,1.70982
"2024-01-16 12:00:00",197,12.8132,0.1487308,0.1263585,0.1644015,0.127154,0.1253119,0.9854738,0.1811176,0.1580463,1.741045
"2024-01-17 00:00:00",198,13.03565,0.1486498,0.1255434,0.07766541,0.1267839,0.1251967,0.9480366,0.1812525,0.1582883,1.746917
"2024-01-17 12:00:00",199,12.78381,0.1469308,0.1234006,-0.03057933,0.1267986,0.1249189,0.8873199,0.1812376,0.1584015,1.720737
"2024-01-18 00:00:00",200,13.11371,0.143609,0.1197592,-0.1541717,0.1268631,0.1244279,0.7773486,0.1812722,0.1581655,1.667089
"2024-01-18 12:00:00",201,12.87951,0.1431365,0.1181736,-0.1491656,0.1268512,0.1245054,0.7728852,0.1812758,0.1581384,1.636374
"2024-01-19 00:00:00",202,13.06922,0.1431098,0.1183959,-0.1258342,0.1268464,0.1245351,0.7598457,0.1812647,0.1582074,1.612512
"2024-01-19 12:00:00",203,12.85517,0.1442174,0.119557,-0.03553277,0.1270763,0.1249238,0.8139564,0.1815798,0.1585069,1.614985
"2024-01-20 00:00:00",204,13.08265,0.143965,0.119485,-0.07181738,0.1268726,0.1248901,0.7938076,0.1819693,0.1587085,1.613827
"2024-01-20 12:00:00",205,12.81487,0.1452705,0.1218603,0.02549874,0.1275005,0.1252313,0.8379006,0.1819416,0.15892,1.615218
"2024-01-21 00:00:00",206,13.1028,0.1462991,0.1233315,0.07393416,0.1274696,0.12545,0.877288,0.1819091,0.1592488,1.634155
"2024-01-21 12:00:00",207,12.9198,0.147137,0.1249754,0.1241359,0.1274342,0.1256941,0.9119865,0.1818898,0.1595017,1.650984
"2024-01-22 00:00:00",208,13.01634,0.1479978,0.1262595,0.1733744,0.1274051,0.1259507,0.9492826,0.1818407,0.1598616,1.671652
"2024-01-22 12:00:00",209,12.92652,0.1487803,0.1274493,0.2188786,0.1275043,0.1262172,0.9861185,0.1824109,0.1601691,1.692222
"2024-01-23 00:00:00",210,13.11371,0.1495466,0.1287341,0.269767,0.1279055,0.1264814,1.026407,0.1825222,0.1605772,1.715481
"2024-01-23 12:00:00",211,12.85265,0.1502418,0.1300905,0.3454316,0.1280154,0.1269048,1.099402,0.1824812,0.1610572,1.766514
"2024-01-24 00:00:00",212,13.10196,0.1521301,0.1343408,0.7047436,0.1283964,0.1281538,1.282758,0.1827022,0.1618414,1.847397
"2024-01-24 12:00:00",213,12.90134,0.1544892,0.1375727,1.213841,0.1290714,0.1301811,1.687735,0.1833846,0.1636155,2.084077
"2024-01-25 00:00:00",214,13.02306,0.1587819,0.1465323,2.089044,0.129818,0.1322479,2.023127,0.1838088,0.1651197,2.273676
"2024-01-25 12:00:00",215,12.8879,0.1610476,0.1492599,2.067172,0.1306499,0.1342288,2.437555,0.1846397,0.1675214,2.592458
"2024-01-26 00:00:00",216,13.11539,0.1641668,0.1554947,2.432836,0.1306462,0.1345865,2.453246,0.1847817,0.1681981,2.687797
"2024-01-26 12:00:00",217,12.90553,0.1664352,0.1593142,2.695083,0.131196,0.1367513,2.862638,0.1853084,0.1701712,2.923983
"2024-01-27 00:00:00",218,13.05747,0.1687944,0.1648409,3.064088,0.131718,0.1375312,2.975399,0.1858443,0.1711985,3.063465
"2024-01-27 12:00:00",219,12.83754,0.1691508,0.1623018,2.538405,0.1320021,0.1378362,3.100021,0.1864749,0.1726944,3.261939
"2024-01-28 00:00:00",220,13.05495,0.1700605,0.1628746,2.248094,0.1314103,0.135934,2.72301,0.1859167,0.1720013,3.171091
"2024-01-28 12:00:00",221,12.85517,0.1706176,0.1622842,2.010472,0.1314912,0.1358352,2.72187,0.1864155,0.1721249,3.147699
"2024-01-29 00:00:00",222,13.05495,0.1723077,0.1657591,2.178007,0.1312385,0.1352615,2.551948,0.1860062,0.1715193,3.047686
"2024-01-29 12:00:00",223,12.86776,0.1728049,0.1656102,2.080589,0.1316239,0.1360128,2.719808,0.1866017,0.1723015,3.10832
"2024-01-30 00:00:00",224,13.0516,0.1747545,0.1705244,2.440352,0.1316919,0.1359987,2.640535,0.1866195,0.1720976,3.064417
"2024-01-30 12:00:00",225,12.8644,0.1754177,0.1704547,2.422618,0.1322045,0.1374391,2.944466,0.1870702,0.1734806,3.213137
"2024-01-31 00:00:00",226,13.04992,0.1772667,0.1754357,2.789443,0.1322126,0.1373859,2.877129,0.1871443,0.1734862,3.211073
"2024-01-31 12:00:00",227,12.84341,0.1773286,0.1740009,2.621105,0.1327273,0.1386581,3.159606,0.1873627,0.1750029,3.382283
"2024-02-01 00:00:00",228,12.95002,0.1788002,0.1776644,2.80943,0.132372,0.1379319,2.978578,0.1872475,0.1746468,3.3413
"2024-02-01 12:00:00",229,12.86944,0.1789891,0.1766543,2.720881,0.1328922,0.1391363,3.231301,0.1877473,0.1758638,3.468259
"2024-02-02 00:00:00",230,13.03313,0.1805617,0.1809358,3.056704,0.1329058,0.1390003,3.139632,0.1877832,0.1757552,3.449463
"2024-02-02 12:00:00",231,12.94163,0.1825403,0.1867888,3.818563,0.1339562,0.1422893,3.712593,0.1884214,0.1778991,3.667529
"2024-02-03 00:00:00",232,13.12547,0.1844673,0.1921368,4.420003,0.1345983,0.1444791,4.076817,0.1889663,0.1799248,3.921812
"2024-02-03 12:00:00",233,12.92988,0.1847901,0.191727,4.347946,0.1352298,0.1461116,4.378801,0.1893871,0.1821318,4.21134
"2024-02-04 00:00:00",234,13.12295,0.1855077,0.193892,4.472521,0.1354101,0.1460534,4.366711,0.1900536,0.1827614,4.308681
"2024-02-04 12:00:00",235,12.85517,0.1848811,0.1900788,4.014599,0.1355184,0.1461613,4.430703,0.1899789,0.1837939,4.443841
"2024-02-05 00:00:00",236,13.05495,0.1852142,0.1905223,3.806255,0.1349824,0.144401,4.071158,0.1900704,0.1828923,4.33745
"2024-02-05 12:00:00",237,12.90469,0.1843151,0.1855661,3.225375,0.1349186,0.1438631,3.980872,0.1900734,0.1828086,4.30956
"2024-02-06 00:00:00",238,13.11287,0.1856423,0.1904071,3.601838,0.1346771,0.1432916,3.770382,0.1901888,0.1817154,4.142714
"2024-02-06 12:00:00",239,12.85936,0.1861145,0.1914603,3.823371,0.1353495,0.145162,4.124241,0.190522,0.1829952,4.25751
"2024-02-07 00:00:00",240,13.11623,0.1871126,0.1944609,4.093314,0.1355571,0.1455083,4.137917,0.1907796,0.1833897,4.300572
"2024-02-07 12:00:00",241,12.93995,0.1879279,0.1970666,4.459512,0.1358151,0.1473992,4.491575,0.1910969,0.1849268,4.467518
"2024-02-08 00:00:00",242,13.12295,0.1885898,0.1996762,4.725548,0.1362111,0.1481477,4.62076,0.1912769,0.1859316,4.596246
"2024-02-08 12:00:00",243,12.87615,0.1883686,0.1979745,4.562126,0.1368503,0.1488915,4.803179,0.1918656,0.187304,4.768224
"2024-02-09 00:00:00",244,13.09692,0.1887844,0.1992525,4.570432,0.1364406,0.1480337,4.640139,0.1919141,0.1871545,4.758747
"2024-02-09 12:00:00",245,12.91225,0.1884882,0.1967677,4.31908,0.136556,0.1481879,4.729223,0.1918364,0.1878988,4.833467
"2024-02-10 00:00:00",246,13.10868,0.1883534,0.194388,3.837579,0.1359478,0.1463964,4.407787,0.1919041,0.1872596,4.744322
"2024-02-10 12:00:00",247,12.86188,0.1897808,0.1934721,3.205885,0.135659,0.1445322,4.088715,0.1919939,0.1863812,4.595879
"2024-02-11 00:00:00",248,13.07678,0.1932091,0.200079,3.236544,0.1352074,0.1432354,3.774614,0.19142,0.1848171,4.354806
"2024-02-11 12:00:00",249,12.83334,0.1945379,0.1989446,2.762788,0.1353972,0.1427363,3.709739,0.1914198,0.1845884,4.279081
"2024-02-12 00:00:00",250,13.06754,0.1958282,0.200039,2.494249,0.1347854,0.1407842,3.290034,0.1915857,0.1829166,4.045887
"2024-02-12 12:00:00",251,12.84341,0.1962071,0.1992245,2.24254,0.134869,0.140549,3.212869,0.1915451,0.1823335,3.912165
"2024-02-13 00:00:00",252,13.06419,0.1975901,0.2022173,2.323774,0.1346596,0.1395552,2.98851,0.1910045,0.181174,3.731819
"2024-02-13 12:00:00",253,12.83418,0.1980391,0.2011931,2.155225,0.1348135,0.1399422,3.045398,0.1910017,0.1812416,3.692339
"2024-02-14 00:00:00",254,13.06083,0.199238,0.2041389,2.26847,0.1345423,0.1392109,2.853358,0.1910882,0.1803794,3.560717
"2024-02-14 12:00:00",255,12.88371,0.1995511,0.204396,2.302929,0.1350576,0.1401984,3.027828,0.1910298,0.1809074,3.576379
"2024-02-15 00:00:00",256,13.08265,0.2019812,0.2131547,3.062933,0.1352226,0.1413475,3.128659,0.1912383,0.1810166,3.561475
"2024-02-15 12:00:00",257,12.8921,0.2023449,0.2131831,3.196743,0.1360901,0.143713,3.593326,0.1916642,0.1831757,3.795575
"2024-02-16 00:00:00",258,13.08349,0.2032331,0.216793,3.443594,0.1360704,0.1438054,3.553346,0.1918201,0.1835439,3.850945
"2024-02-16 12:00:00",259,12.88203,0.2030531,0.2150827,3.33858,0.1366024,0.1451663,3.80447,0.1921357,0.1849777,4.011258
"2024-02-17 00:00:00",260,13.11539,0.2046126,0.221542,3.861868,0.1367067,0.1454694,3.787246,0.1923559,0.1850739,4.009466
"2024-02-17 12:00:00",261,12.85685,0.2045818,0.2213196,4.004952,0.1375474,0.1479086,4.235327,0.193102,0.1871794,4.241378
"2024-02-18 00:00:00",262,13.0474,0.2048199,0.2219854,3.93959,0.1373255,0.1470871,4.071477,0.1934226,0.1873214,4.282612
"2024-02-18 12:00:00",263,12.78465,0.2034171,0.2152222,3.295507,0.1373326,0.1465853,4.042829,0.1933696,0.1878567,4.343726
"2024-02-19 00:00:00",264,13.08014,0.2038105,0.2164701,3.264848,0.1367895,0.1449124,3.685882,0.1930506,0.1865132,4.170646
"2024-02-19 12:00:00",265,12.8283,0.2028819,0.2123048,2.883886,0.1369616,0.1448022,3.705147,0.19343,0.1866725,4.15501
"2024-02-20 00:00:00",266,13.0751,0.2040382,0.2177685,3.289744,0.1367812,0.1440288,3.488015,0.1928956,0.1855529,3.985547
"2024-02-20 12:00:00",267,12.81487,0.2044129,0.219037,3.62745,0.1375976,0.1468824,3.961532,0.1934324,0.1872177,4.135541
"2024-02-21 00:00:00",268,13.11707,0.2054677,0.2236195,4.06608,0.1378194,0.147609,4.026672,0.1935976,0.1877818,4.206128
"2024-02-21 12:00:00",269,12.8963,0.2057244,0.2251978,4.394998,0.1384781,0.1501521,4.474158,0.1941306,0.1898581,4.437389
"2024-02-22 00:00:00",270,13.1028,0.2062559,0.2285566,4.715446,0.1389367,0.1507557,4.551071,0.1945964,0.1907836,4.558123
"2024-02-22 12:00:00",271,12.86188,0.2051612,0.2238666,4.360193,0.1393218,0.1516627,4.746387,0.1949875,0.1923549,4.751948
"2024-02-23 00:00:00",272,13.06167,0.2058082,0.2280047,4.585416,0.13904,0.1508875,4.540595,0.1946484,0.1918494,4.693566
"2024-02-23 12:00:00",273,12.83418,0.2043257,0.2218619,3.926891,0.13922,0.1508855,4.604848,0.1951571,0.1927745,4.795941
"2024-02-24 00:00:00",274,13.01634,0.2055814,0.2277326,4.328964,0.1389047,0.1499741,4.345796,0.1947242,0.191576,4.626931
"2024-02-24 12:00:00",275,12.78801,0.2037843,0.2196911,3.656329,0.1391209,0.1500042,4.432741,0.1951977,0.192439,4.717568
"2024-02-25 00:00:00",276,13.00878,0.2048348,0.2260802,4.166912,0.1388415,0.1493154,4.210491,0.1947878,0.1912573,4.552085
"2024-02-25 12:00:00",277,12.81403,0.2032491,0.2192964,3.624662,0.139218,0.1498232,4.361495,0.1952141,0.192262,4.655403
"2024-02-26 00:00:00",278,13.03061,0.2049064,0.2288254,4.47858,0.139195,0.1501992,4.295024,0.1950189,0.1915505,4.539753
"2024-02-26 12:00:00",279,12.87699,0.2039703,0.2250204,4.310937,0.1399582,0.1521933,4.698446,0.195713,0.1935907,4.767449
"2024-02-27 00:00:00",280,13.1028,0.2054493,0.2332103,5.076299,0.1401498,0.1530649,4.744578,0.19582,0.1938459,4.79001
"2024-02-27 12:00:00",281,12.98696,0.2059763,0.2357076,5.568988,0.1413998,0.1566287,5.362743,0.1962703,0.1966683,5.10242
"2024-02-28 00:00:00",282,13.02893,0.2053439,0.2352181,5.601719,0.1416831,0.157331,5.506374,0.1967649,0.1981729,5.322274
"2024-02-28 12:00:00",283,12.82747,0.2015983,0.2191928,3.948996,0.1407712,0.1537052,5.005499,0.1967447,0.1978038,5.340241
"2024-02-29 00:00:00",284,13.0113,0.201813,0.2218324,4.035791,0.1399925,0.150998,4.426055,0.196251,0.1948715,4.954798
"2024-02-29 12:00:00",285,12.77038,0.1997195,0.2131285,3.22369,0.1398171,0.1499721,4.302062,0.1962427,0.1943938,4.855477
"2024-03-01 00:00:00",286,13.01634,0.200904,0.2202309,3.830138,0.1395096,0.1492264,4.033996,0.1958074,0.1924548,4.575268
"2024-03-01 12:00:00",287,12.84845,0.1995687,0.2149102,3.455013,0.1399211,0.1501203,4.238357,0.1958681,0.1933528,4.644123
"2024-03-02 00:00:00",288,13.0793,0.2013542,0.2244114,4.362582,0.1401377,0.1509138,4.237803,0.1959408,0.1928183,4.547124
"2024-03-02 12:00:00",289,12.9878,0.2014632,0.2257642,4.744425,0.1409902,0.1542114,4.813779,0.1964398,0.1952629,4.80733
"2024-03-03 00:00:00",290,13.06587,0.2031782,0.2356924,5.875961,0.1419913,0.1572723,5.25212,0.1966916,0.1971768,5.025119
"2024-03-03 12:00:00",291,12.8602,0.2023473,0.2322609,5.76644,0.1430349,0.1597836,5.736727,0.1974468,0.2003975,5.423676
"2024-03-04 00:00:00",292,13.0793,0.2018485,0.2304931,5.493291,0.1427035,0.1586277,5.534097,0.1975826,0.200781,5.502728
"2024-03-04 12:00:00",293,12.89042,0.2017078,0.2269654,5.055734,0.1425289,0.1581014,5.454954,0.1981351,0.2011239,5.531097
"2024-03-05 00:00:00",294,13.08853,0.2041788,0.2314304,5.098233,0.1423882,0.157231,5.255209,0.1977311,0.2004831,5.42789
"2024-03-05 12:00:00",295,12.87783,0.2067644,0.2319621,4.602811,0.1423879,0.1567868,5.191681,0.198126,0.2007333,5.424871
"2024-03-06 00:00:00",296,13.06167,0.2098462,0.2422031,5.287852,0.1425213,0.1574063,5.181985,0.1977279,0.2002228,5.32338
"2024-03-06 12:00:00",297,12.89966,0.2099823,0.2387359,4.855968,0.142888,0.1582759,5.368392,0.1980759,0.2017777,5.47619
"2024-03-07 00:00:00",298,13.0432,0.2123951,0.2485998,5.662004,0.1430295,0.1589239,5.367169,0.1982173,0.2015116,5.418531
"2024-03-07 12:00:00",299,12.90805,0.2123444,0.24665,5.53525,0.1437338,0.1608958,5.734688,0.1986435,0.2036632,5.64789
"2024-03-08 00:00:00",300,13.05243,0.2141033,0.2550389,6.271385,0.1440032,0.1621327,5.856767,0.198775,0.2042734,5.715271
"2024-03-08 12:00:00",301,12.91477,0.2133073,0.2502137,5.865919,0.1444034,0.1631941,6.087837,0.1991466,0.206309,5.954383
"2024-03-09 00:00:00",302,13.04488,0.2141468,0.2557714,6.376035,0.1445419,0.1637917,6.11208,0.1993563,0.2065437,5.975718
"2024-03-09 12:00:00",303,12.84761,0.2114792,0.2423941,5.123041,0.1442565,0.1619859,5.914934,0.1997034,0.2071354,6.067638
"2024-03-10 00:00:00",304,13.02054,0.2125378,0.2493127,5.690796,0.1438679,0.1608426,5.601662,0.1992625,0.2052115,5.817417
"2024-03-10 12:00:00",305,12.84761,0.2105974,0.2401314,4.943699,0.1440071,0.1608891,5.691523,0.1991771,0.2060425,5.893834
"2024-03-11 00:00:00",306,13.0197,0.2117656,0.2486858,5.710649,0.1438026,0.1606631,5.521542,0.1991002,0.2047423,5.721446
"2024-03-11 12:00:00",307,12.8686,0.2103157,0.242439,5.293991,0.1442708,0.1619768,5.809221,0.1995729,0.2063691,5.892931
"2024-03-12 00:00:00",308,13.0709,0.2123326,0.2522977,6.162329,0.1448705,0.1606098,5.805465,0.199684,0.2062723,5.84247
"2024-03-12 12:00:00",309,12.8963,0.2120076,0.2502188,6.133657,0.1459431,0.1614965,6.272121,0.2006351,0.208963,6.106951
"2024-03-13 00:00:00",310,13.07678,0.2124152,0.2557057,6.68808,0.1460659,0.1622233,6.322101,0.2006176,0.2094532,6.177763
"2024-03-13 12:00:00",311,12.95086,0.2117872,0.2532855,6.65837,0.1465864,0.1640614,6.654004,0.2009222,0.2115701,6.411207
"2024-03-14 00:00:00",312,13.08853,0.2114746,0.2521554,6.548475,0.1466339,0.1636914,6.56719,0.2010962,0.2119782,6.470254
"2024-03-14 12:00:00",313,12.91225,0.2094378,0.2429561,5.635264,0.1461636,0.1618225,6.294074,0.201412,0.211895,6.458827
"2024-03-15 00:00:00",314,13.06503,0.2105994,0.2491249,6.165568,0.146019,0.1613967,6.105245,0.2010345,0.2104702,6.253077
"2024-03-15 12:00:00",315,12.9475,0.209882,0.2460952,5.946807,0.1463956,0.1626235,6.318859,0.2015304,0.2117365,6.359684
"2024-03-16 00:00:00",316,13.08098,0.211055,0.2519798,6.47334,0.1465437,0.1631613,6.319908,0.2011958,0.2116699,6.324839
"2024-03-16 12:00:00",317,12.90637,0.2094447,0.2440964,5.749277,0.1465968,0.1629345,6.341944,0.2015756,0.212704,6.436594
"2024-03-17 00:00:00",318,13.07678,0.2107598,0.2493071,6.166077,0.1461371,0.1621396,6.116969,0.2012182,0.2114894,6.277743
"2024-03-17 12:00:00",319,12.93911,0.2111224,0.2497367,6.284785,0.1469985,0.1643223,6.459119,0.2015339,0.2131168,6.412099
"2024-03-18 00:00:00",320,13.06419,0.2133617,0.2624131,7.501712,0.1476777,0.1670114,6.786928,0.2018487,0.2142009,6.505909
"2024-03-18 12:00:00",321,12.89966,0.2120375,0.2548758,6.823613,0.1483945,0.1685901,7.119666,0.2026585,0.2172201,6.864381
"2024-03-19 00:00:00",322,13.04404,0.2139198,0.2653663,7.741815,0.1484677,0.1690845,7.090512,0.2027477,0.2170667,6.844052
"2024-03-19 12:00:00",323,12.89882,0.2122083,0.2568053,7.024812,0.1488543,0.1701803,7.353628,0.2032142,0.2193924,7.119552
"2024-03-20 00:00:00",324,13.04236,0.2139877,0.2677088,8.036918,0.1488795,0.1707908,7.338203,0.2030668,0.2190857,7.074258
"2024-03-20 12:00:00",325,12.89294,0.2120946,0.2595817,7.429118,0.149522,0.1723465,7.671723,0.203704,0.2216463,7.372382
"2024-03-21 00:00:00",326,13.03313,0.2132917,0.2694383,8.404983,0.1495247,0.1730005,7.679524,0.2032781,0.221461,7.355351
"2024-03-21 12:00:00",327,12.88371,0.2109592,0.260045,7.697202,0.1499789,0.1741256,7.96613,0.2040843,0.2239308,7.653784
"2024-03-22 00:00:00",328,13.04068,0.2116821,0.2691911,8.666034,0.1497271,0.1745087,7.942014,0.2036682,0.2234081,7.612344
"2024-03-22 12:00:00",329,12.88035,0.2092562,0.2602016,8.051067,0.1503106,0.1758852,8.262052,0.2040952,0.2259353,7.909554
"2024-03-23 00:00:00",330,13.05663,0.2091957,0.267159,8.942161,0.1499058,0.1757977,8.234419,0.2036836,0.225275,7.882534
"2024-03-23 12:00:00",331,12.9517,0.2071572,0.2611799,8.676421,0.1505218,0.1778615,8.643382,0.2042999,0.2277957,8.184165
"2024-03-24 00:00:00",332,13.08517,0.2059342,0.2633896,9.234171,0.1499649,0.1776332,8.657811,0.2036668,0.22743,8.238841
"2024-03-24 12:00:00",333,12.96933,0.2043684,0.2581385,9.000447,0.1503668,0.1788513,8.925254,0.203779,0.2293063,8.469254
"2024-03-25 00:00:00",334,13.0986,0.2036844,0.2542383,8.64396,0.1498556,0.1773299,8.680905,0.2037783,0.229068,8.462258
"2024-03-25 12:00:00",335,12.92736,0.2012206,0.2446764,7.679308,0.1491708,0.1744607,8.255995,0.2038274,0.2279808,8.340063
"2024-03-26 00:00:00",336,13.07342,0.2009541,0.2476393,8.05442,0.1485649,0.1733289,8.02791,0.203164,0.225816,8.085287
"2024-03-26 12:00:00",337,12.92904,0.1989308,0.2393044,7.325801,0.1484551,0.1723891,7.939692,0.2032125,0.2258471,8.069713
"2024-03-27 00:00:00",338,13.05243,0.1989462,0.2430015,7.839852,0.1481715,0.1719074,7.798221,0.2027327,0.2241067,7.887719
"2024-03-27 12:00:00",339,12.88287,0.1964428,0.232864,6.928617,0.1478922,0.1707955,7.700849,0.202665,0.2242939,7.904119
"2024-03-28 00:00:00",340,13.05076,0.1967343,0.2384846,7.684066,0.1473981,0.1701808,7.53065,0.201856,0.222054,7.680895
"2024-03-28 12:00:00",341,12.9282,0.1946065,0.2302458,7.05619,0.1475713,0.1704834,7.66166,0.20204,0.2230081,7.7845
"2024-03-29 00:00:00",342,13.09021,0.194648,0.2360473,8.052837,0.1472687,0.1706456,7.691821,0.2011998,0.2211007,7.692226
"2024-03-29 12:00:00",343,12.97688,0.1940756,0.2351251,8.279439,0.1482459,0.1736597,8.227791,0.2018269,0.2234461,7.963464
"2024-03-30 00:00:00",344,13.0986,0.1944001,0.2382734,8.822567,0.1483197,0.1748808,8.406781,0.2019315,0.2244014,8.108184
"2024-03-30 12:00:00",345,12.95254,0.192964,0.2331306,8.453652,0.1486836,0.1756069,8.576743,0.20249,0.2261896,8.324519
"2024-03-31 00:00:00",346,13.05747,0.1925376,0.2361685,9.149329,0.1482799,0.1758586,8.653934,0.2018401,0.2252826,8.346782
"2024-03-31 12:00:00",347,12.99787,0.190889,0.2305542,8.784086,0.1485827,0.1766427,8.865285,0.2021935,0.2268152,8.56154
"2024-04-01 00:00:00",348,13.08769,0.1897874,0.2282397,8.779165,0.1482476,0.1753568,8.712673,0.20156,0.2256116,8.542506
"2024-04-01 12:00:00",349,12.9517,0.1876174,0.2208679,8.1217,0.1476852,0.1737792,8.543877,0.2016327,0.2251575,8.537455
"2024-04-02 00:00:00",350,13.20689,0.1883227,0.2242362,8.751708,0.1473191,0.1734105,8.502184,0.2005863,0.2228164,8.40689
"2024-04-02 12:00:00",351,13.08685,0.1872407,0.2178246,8.076937,0.1472523,0.1731493,8.540834,0.2010238,0.2236351,8.505107
"2024-04-03 00:00:00",352,13.14897,0.1864808,0.2230989,9.024419,0.1468459,0.1727125,8.498874,0.1999776,0.2209006,8.383771
"2024-04-03 12:00:00",353,13.02137,0.1835098,0.215314,8.476481,0.1471518,0.1740609,8.840638,0.2003311,0.2226747,8.622844
"2024-04-04 00:00:00",354,13.12463,0.1822168,0.2183039,9.407467,0.1462743,0.1727989,8.763307,0.198986,0.2190087,8.560513
"2024-04-04 12:00:00",355,13.03397,0.1809877,0.2124292,9.143412,0.1469649,0.1751767,9.303104,0.1994281,0.220999,8.899842
"2024-04-05 00:00:00",356,13.13386,0.1790546,0.2130109,10.00492,0.1455702,0.173354,9.272243,0.1972775,0.2161004,8.915942
"2024-04-05 12:00:00",357,13.08182,0.1771421,0.2084678,9.977077,0.1461778,0.1757403,9.823167,0.1973412,0.2176387,9.261646
"2024-04-06 00:00:00",358,13.12882,0.1744348,0.2061762,10.61426,0.1448353,0.174242,9.8979,0.1950632,0.2131476,9.367587
"2024-04-06 12:00:00",359,13.01214,0.1720289,0.1981226,10.04739,0.1448697,0.1744731,10.12721,0.195275,0.2137467,9.63578
"2024-04-07 00:00:00",360,13.14981,0.1687102,0.1896304,9.243848,0.1432488,0.1700075,9.548278,0.1938938,0.2101261,9.503895
"2024-04-07 12:00:00",361,12.97772,0.1649647,0.1782304,7.864168,0.1421143,0.1658642,8.94189,0.1932805,0.2076186,9.25704
"2024-04-08 00:00:00",362,13.12714,0.1639122,0.1799093,8.381725,0.1404829,0.1624528,8.454733,0.190011,0.2002417,8.799293
"2024-04-08 12:00:00",363,12.98528,0.1619036,0.1745484,7.948236,0.1406383,0.1632245,8.674107,0.1896917,0.1999432,8.821042
"2024-04-09 00:00:00",364,13.13218,0.1610547,0.1765901,8.496108,0.1395674,0.161336,8.421945,0.1870977,0.1947624,8.621808
"2024-04-09 12:00:00",365,12.97269,0.1589797,0.1707243,8.005424,0.139754,0.1621886,8.686586,0.1870431,0.1950327,8.752575
"2024-04-10 00:00:00",366,13.04152,0.1588355,0.1752148,8.950027,0.1385579,0.1608865,8.558124,0.1839959,0.1901675,8.613541
"2024-04-10 12:00:00",367,12.91645,0.157369,0.1718907,8.864371,0.1392365,0.1634157,9.13534,0.1841652,0.1916526,8.90727
"2024-04-11 00:00:00",368,13.05999,0.1571865,0.1764545,9.901014,0.1381951,0.1627956,9.201777,0.1808297,0.18749,8.942871
"2024-04-11 12:00:00",369,12.90217,0.1551574,0.171501,9.560039,0.1387048,0.1649758,9.740287,0.1812899,0.1895547,9.322427
"2024-04-12 00:00:00",370,13.06167,0.154973,0.1756135,10.49278,0.1373904,0.1637744,9.709196,0.1777586,0.1857314,9.338849
"2024-04-12 12:00:00",371,12.9282,0.1531075,0.17078,10.14574,0.1378794,0.1658347,10.23148,0.178146,0.1878552,9.711887
"2024-04-13 00:00:00",372,13.08014,0.1533304,0.1763402,11.28946,0.1365992,0.1649966,10.27752,0.1745203,0.1845057,9.74675
"2024-04-13 12:00:00",373,12.97772,0.1525485,0.1747594,11.43719,0.1373821,0.1685288,11.03596,0.1750354,0.18745,10.21798
"2024-04-14 00:00:00",374,13.07258,0.1528698,0.1795558,12.53403,0.1364742,0.1684519,11.27464,0.171658,0.1851973,10.42216
"2024-04-14 12:00:00",375,12.94499,0.1506765,0.1739041,12.04858,0.1370243,0.1703754,11.81284,0.1722774,0.1877223,10.91478
"2024-04-15 00:00:00",376,13.07762,0.1509246,0.1783509,12.96189,0.1357939,0.1692083,11.78834,0.1688538,0.1848742,10.97689
"2024-04-15 12:00:00",377,12.99955,0.1495403,0.174418,12.7262,0.1364055,0.1714458,12.33656,0.1695079,0.1871128,11.3884
"2024-04-16 00:00:00",378,13.08433,0.1483342,0.1706641,12.34357,0.1352708,0.1681013,11.97887,0.1684025,0.1852048,11.40663
"2024-04-16 12:00:00",379,12.96597,0.1466878,0.1660605,11.67473,0.1349209,0.1672019,11.83224,0.1688274,0.1853099,11.41692
"2024-04-17 00:00:00",380,13.08433,0.1477695,0.1710991,12.52262,0.134273,0.1665554,11.75364,0.1663873,0.1828423,11.26632
"2024-04-17 12:00:00",381,12.94331,0.1462085,0.1667849,12.07321,0.1346892,0.1679206,12.0914,0.1670941,0.1845274,11.5097
"2024-04-18 00:00:00",382,13.08937,0.1472887,0.1715096,12.97585,0.1339977,0.1667342,12.05027,0.1643695,0.1816627,11.46434
"2024-04-18 12:00:00",383,12.92148,0.1464204,0.1694366,12.89465,0.1347172,0.169372,12.59968,0.1651529,0.1838125,11.81404
"2024-04-19 00:00:00",384,13.04488,0.14695,0.1724584,13.54137,0.1338649,0.1683581,12.59191,0.1630936,0.181743,11.87307
"2024-04-19 12:00:00",385,12.98276,0.1464605,0.1714073,13.58664,0.1346625,0.1710353,13.12996,0.1636451,0.1838634,12.22724
"2024-04-20 00:00:00",386,13.10868,0.1469028,0.1742099,14.17384,0.1340527,0.1705104,13.17424,0.1618693,0.1823053,12.33722
"2024-04-20 12:00:00",387,12.97101,0.176971,0.2200789,14.04708,0.163139,0.2138806,13.69738,0.1962558,0.2398186,12.85732
"2024-04-21 00:00:00",388,13.08182,0.424257,0.5807796,15.28245,0.4142341,0.5476348,15.17919,0.4419697,0.605068,14.978
"2024-04-21 12:00:00",389,12.9198,0.4073503,0.4990662,13.79865,0.3846112,0.4979654,14.30334,0.4126718,0.5259339,14.06709
"2024-04-22 00:00:00",390,13.07762,0.3886795,0.4827948,13.99542,0.3660068,0.4652371,13.58315,0.3946339,0.4881182,13.37051
"2024-04-22 12:00:00",391,12.92652,0.3793423,0.469792,13.52033,0.354669,0.4524036,13.72293,0.3874014,0.4804044,13.30471
"2024-04-23 00:00:00",392,13.09692,0.3704417,0.4708076,13.77342,0.3444503,0.4394007,13.35574,0.380435,0.4696655,13.05171
"2024-04-23 12:00:00",393,12.99283,0.363852,0.4656916,13.79539,0.338184,0.438406,13.68268,0.3758787,0.4682547,13.1478
"2024-04-24 00:00:00",394,13.05579,0.3558785,0.4693381,14.49406,0.3295774,0.431992,13.74367,0.370066,0.4631346,13.14732
"2024-04-24 12:00:00",395,12.95506,0.3495101,0.4531182,13.86517,0.3245231,0.4293556,13.94697,0.3666393,0.4644305,13.37083
"2024-04-25 00:00:00",396,13.08098,0.342546,0.4549955,14.37764,0.3170078,0.4209122,13.73839,0.3615263,0.4586644,13.25744
"2024-04-25 12:00:00",397,12.94666,0.3376364,0.4440767,14.0781,0.313409,0.421307,14.08347,0.3588722,0.4608852,13.47265
"2024-04-26 00:00:00",398,13.11036,0.3313537,0.4348548,13.73317,0.3075814,0.4115296,13.66708,0.3552371,0.4566863,13.37088
"2024-04-26 12:00:00",399,12.96765,0.3272985,0.4236636,13.20348,0.3042687,0.4065286,13.51814,0.3528603,0.4547471,13.29806
"2024-04-27 00:00:00",400,13.10952,0.3233089,0.42031,13.14471,0.3002593,0.3998644,13.20648,0.3500848,0.4501356,13.08701
"2024-04-27 12:00:00",401,12.95674,0.3208622,0.4095255,12.45551,0.2980935,0.3951984,12.96052,0.3484121,0.4478205,12.95862
"2024-04-28 00:00:00",402,13.1112,0.3210738,0.409407,12.21665,0.2959234,0.3890088,12.51101,0.3465552,0.4428256,12.6515
"2024-04-28 12:00:00",403,12.92064,0.3218964,0.405232,11.71929,0.2952867,0.3866407,12.32951,0.3452097,0.4405217,12.47941
"2024-04-29 00:00:00",404,13.08517,0.3222719,0.4157989,12.28041,0.292908,0.3842171,12.146,0.3430156,0.4358715,12.2181
"2024-04-29 12:00:00",405,12.94415,0.3210669,0.4132223,12.24452,0.2921065,0.3875573,12.51,0.3420919,0.4379717,12.34311
"2024-04-30 00:00:00",406,13.10784,0.3174567,0.420975,12.93787,0.2884412,0.3854014,12.50852,0.3396903,0.4356839,12.30753
"2024-04-30 12:00:00",407,12.98108,0.3147692,0.416977,13.03287,0.2873791,0.3895139,13.03603,0.3391989,0.4396782,12.59247
"2024-05-01 00:00:00",408,13.08014,0.3061627,0.4143884,13.53805,0.2814824,0.3838954,13.0479,0.3359221,0.4369864,12.65361
"2024-05-01 12:00:00",409,12.94331,0.301216,0.4028068,13.26922,0.2791148,0.383333,13.37547,0.3347635,0.4391103,12.91141
"2024-05-02 00:00:00",410,13.10112,0.2926287,0.3932089,13.24738,0.2730356,0.3738106,13.12168,0.3318532,0.4344615,12.87779
"2024-05-02 12:00:00",411,12.88958,0.2870278,0.3765143,12.48653,0.270016,0.3686932,13.06904,0.3301512,0.4325598,12.92263
"2024-05-03 00:00:00",412,13.08517,0.2766417,0.3701672,12.82408,0.2622868,0.3572747,12.70451,0.3263377,0.4244539,12.67366
"2024-05-03 12:00:00",413,12.93575,0.2711324,0.3580185,12.54147,0.2594125,0.3551571,12.96426,0.324838,0.4241625,12.78032
"2024-05-04 00:00:00",414,13.08517,0.2592616,0.3498633,13.25412,0.250386,0.3436233,12.88163,0.3200193,0.4163017,12.68777
"2024-05-04 12:00:00",415,12.90217,0.2532558,0.334636,12.73692,0.2473781,0.3408314,13.17347,0.3183616,0.4163554,12.90913
"2024-05-05 00:00:00",416,13.0751,0.2416065,0.3295994,13.69072,0.2375483,0.328716,13.08788,0.3130292,0.4081556,12.81342
"2024-05-05 12:00:00",417,12.95506,0.2367193,0.320658,13.90918,0.2345613,0.3285248,13.76538,0.3113705,0.4095896,13.17136
"2024-05-06 00:00:00",418,13.07426,0.2265684,0.3067938,14.07008,0.2260242,0.3159211,13.73447,0.3064094,0.4037718,13.28652
"2024-05-06 12:00:00",419,12.93156,0.2215431,0.2881661,13.22252,0.2228827,0.308055,13.68838,0.3047039,0.4007024,13.40404
"2024-05-07 00:00:00",420,13.11371,0.2128471,0.2700034,12.44931,0.2148129,0.2899073,12.96699,0.2994877,0.3888833,13.11284
"2024-05-07 12:00:00",421,12.94583,0.2084371,0.2600652,11.79506,0.2113005,0.282026,12.60645,0.2969263,0.3820351,12.85799
"2024-05-08 00:00:00",422,13.11036,0.2017785,0.2508595,12.29551,0.2035526,0.2683373,12.41008,0.291424,0.3703758,12.56787
"2024-05-08 12:00:00",423,12.89294,0.1971122,0.2395377,11.59614,0.2007314,0.2632041,12.40604,0.2890944,0.3664784,12.56728
"2024-05-09 00:00:00",424,13.11203,0.1913939,0.2347043,12.11364,0.1930598,0.2511313,12.13264,0.2830027,0.3561042,12.31922
"2024-05-09 12:00:00",425,12.94331,0.1884536,0.227642,11.95274,0.1907582,0.2487073,12.44285,0.2807395,0.3540531,12.43248
"2024-05-10 00:00:00",426,13.1028,0.1831858,0.2242084,13.07607,0.182839,0.2378293,12.59151,0.2734648,0.344121,12.4129
"2024-05-10 12:00:00",427,12.93827,0.1804301,0.2172477,12.87529,0.1810974,0.2369967,13.10182,0.2719342,0.3439996,12.75896
"2024-05-11 00:00:00",428,13.1985,0.1774153,0.2123553,12.96247,0.1759378,0.228132,12.9109,0.2666535,0.3359898,12.76139
"2024-05-11 12:00:00",429,13.09608,0.1749007,0.2043273,12.2063,0.1745579,0.2246606,12.79185,0.264993,0.3331285,12.77832
"2024-05-12 00:00:00",430,13.17667,0.1723068,0.201989,12.5163,0.1689851,0.2157412,12.49131,0.2590449,0.3225874,12.54961
"2024-05-12 12:00:00",431,13.07174,0.2600946,0.3088136,12.33721,0.247675,0.3087448,12.61555,0.32807,0.4152219,12.44955
"2024-05-13 00:00:00",432,13.16744,0.4075002,0.4929088,13.36372,0.4116832,0.4635035,13.09717,0.4289285,0.5171305,12.692
"2024-05-13 12:00:00",433,13.09105,0.394776,0.4662816,13.05852,0.3787473,0.4406273,13.11213,0.4047256,0.4722468,12.79622
"2024-05-14 00:00:00",434,13.14897,0.3815928,0.466765,14.01015,0.3606441,0.4280443,13.24321,0.3895376,0.4514326,12.81482
"2024-05-14 12:00:00",435,13.09692,0.3739539,0.4643025,14.15434,0.3517383,0.4323155,13.88016,0.3841934,0.4537837,13.21204
"2024-05-15 00:00:00",436,13.13386,0.3646381,0.4688953,14.81362,0.3412627,0.4293678,14.06525,0.3786076,0.4539495,13.40246
"2024-05-15 12:00:00",437,13.0516,0.3629449,0.4634304,14.30653,0.337689,0.4330558,14.2833,0.3758546,0.458998,13.6956
"2024-05-16 00:00:00",438,13.13722,0.3575362,0.4688849,14.77749,0.3314487,0.4290591,14.19102,0.3716658,0.45801,13.68611
"2024-05-16 12:00:00",439,13.06251,0.3523961,0.4592032,14.41832,0.3275544,0.4308489,14.46181,0.3693123,0.4620946,13.91247
"2024-05-17 00:00:00",440,13.13806,0.3434087,0.4620305,15.14262,0.3194434,0.4246217,14.41782,0.364613,0.4593194,13.88931
"2024-05-17 12:00:00",441,13.04068,0.3381563,0.4504519,14.82768,0.3161015,0.4263172,14.83972,0.3626566,0.4639872,14.1954
"2024-05-18 00:00:00",442,13.14142,0.3270562,0.4481784,15.34845,0.307271,0.4169485,14.70905,0.3576909,0.4598033,14.18203
"2024-05-18 12:00:00",443,13.06251,0.3216565,0.4364162,15.14672,0.3038156,0.4165882,15.08672,0.3558215,0.4627608,14.44654
"2024-05-19 00:00:00",444,13.13638,0.3105628,0.430417,15.60082,0.2951699,0.406887,15.02955,0.3511464,0.4582977,14.47089
"2024-05-19 12:00:00",445,13.05999,0.3054101,0.420001,15.49275,0.2918388,0.4052665,15.3672,0.3494814,0.4599179,14.71596
"2024-05-20 00:00:00",446,13.14058,0.2885286,0.4088342,16.29242,0.2792413,0.3919816,15.47325,0.3427301,0.45257,14.77811
"2024-05-20 12:00:00",447,13.06083,0.2806502,0.3926977,16.04954,0.2744926,0.3882314,15.90569,0.3403857,0.4534307,15.12302
"2024-05-21 00:00:00",448,13.13386,0.2633611,0.3738519,16.36556,0.2604818,0.3699172,15.79471,0.3331716,0.4440036,15.15755
"2024-05-21 12:00:00",449,13.05663,0.257356,0.3569489,15.84051,0.2567263,0.3627878,15.91278,0.331011,0.4413777,15.32738
"2024-05-22 00:00:00",450,13.15149,0.2480813,0.3433935,15.52687,0.2479696,0.3482203,15.52787,0.3264787,0.4328568,15.20273
"2024-05-22 12:00:00",451,13.0432,0.2428998,0.3260003,14.43993,0.2436052,0.3381963,15.15336,0.3240038,0.4275757,15.08166
"2024-05-23 00:00:00",452,13.13134,0.2313831,0.3152744,15.00153,0.2308939,0.3190562,14.81029,0.3163279,0.4135216,14.73817
"2024-05-23 12:00:00",453,13.04488,0.2251273,0.2994088,14.66228,0.226413,0.3126951,15.06732,0.3129742,0.4094178,14.83034
"2024-05-24 00:00:00",454,13.13302,0.2120084,0.2794783,15.10182,0.2125863,0.2896179,14.88795,0.3041495,0.3929593,14.69637
"2024-05-24 12:00:00",455,13.00123,0.2065798,0.2650411,14.15603,0.209008,0.2827622,14.84067,0.3010426,0.3885371,14.75686
"2024-05-25 00:00:00",456,13.1305,0.1977163,0.2529858,14.49744,0.1967315,0.2626533,14.4513,0.2915626,0.3720041,14.47887
"2024-05-25 12:00:00",457,13.04992,0.1944757,0.2449793,14.41714,0.1934184,0.2580974,14.69726,0.2878854,0.3664567,14.53217
"2024-05-26 00:00:00",458,13.14645,0.1885605,0.2348423,14.91603,0.1844295,0.2428581,14.68217,0.2793553,0.3504681,14.4694
"2024-05-26 12:00:00",459,13.03732,0.1856031,0.2257151,14.03444,0.183297,0.2400527,14.62652,0.2777121,0.3477806,14.55173
"2024-05-27 00:00:00",460,13.12798,0.1817744,0.223797,14.91965,0.1753711,0.2288247,14.49898,0.2685725,0.3331051,14.35021
"2024-05-27 12:00:00",461,13.039,0.1787699,0.2163164,14.57368,0.1733538,0.2266584,14.87819,0.2651668,0.329083,14.57452
"2024-05-28 00:00:00",462,13.11287,0.1743345,0.2138023,15.8403,0.1635547,0.2128538,14.97484,0.2507859,0.3065126,14.54939
"2024-05-28 12:00:00",463,13.00794,0.1715536,0.2083228,15.74399,0.1617309,0.2119492,15.64026,0.2451067,0.2997509,14.97416
"2024-05-29 00:00:00",464,13.1305,0.1683701,0.2083855,17.0323,0.1534725,0.2011079,15.83125,0.2260296,0.2697452,15.0837
"2024-05-29 12:00:00",465,13.04152,0.1661719,0.2036291,16.90804,0.1527127,0.2015356,16.5476,0.2200806,0.2617678,15.59547
"2024-05-30 00:00:00",466,13.08265,0.1639336,0.20245,17.91397,0.1470539,0.192522,16.65972,0.2017957,0.2328738,15.73247
"2024-05-30 12:00:00",467,13.03565,0.1616578,0.1971451,17.53716,0.1465627,0.1924983,17.16683,0.1969922,0.2261786,16.1665
"2024-05-31 00:00:00",468,13.06335,0.1622822,0.2001889,18.48768,0.1447745,0.1887578,17.21374,0.1890634,0.2122065,16.23336
"2024-05-31 12:00:00",469,12.99283,0.1604405,0.1958587,17.94037,0.1455204,0.191313,17.65374,0.1899009,0.2145438,16.63389
"2024-06-01 00:00:00",470,13.08182,0.1618453,0.2004305,18.74155,0.1452005,0.1905145,17.5631,0.1883633,0.211929,16.6321
"2024-06-01 12:00:00",471,12.99619,0.1597842,0.194306,18.00662,0.1455304,0.1912691,17.81314,0.189136,0.2133218,16.9056
"2024-06-02 00:00:00",472,13.10112,0.2758462,0.3631484,19.06427,0.2570726,0.3371049,18.15407,0.3049651,0.3773161,17.59206
"2024-06-02 12:00:00",473,13.00039,0.4210548,0.5338114,17.71209,0.4156212,0.5163427,18.03865,0.4408053,0.5521275,17.56049
"2024-06-03 00:00:00",474,13.08265,0.4150869,0.5115976,18.20641,0.4004369,0.5016814,17.66762,0.4197269,0.5209991,17.26498
"2024-06-03 12:00:00",475,13.00962,0.4010746,0.4911401,18.08977,0.3848789,0.4914427,18.02801,0.4115248,0.5113809,17.41486
"2024-06-04 00:00:00",476,13.09525,0.3933533,0.4944403,18.40502,0.3729704,0.4781291,17.87677,0.4043219,0.5041053,17.30545
"2024-06-04 12:00:00",477,13.02054,0.3867245,0.4863763,17.96321,0.3657338,0.4754153,17.93961,0.3991702,0.5030549,17.36964
"2024-06-05 00:00:00",478,13.08517,0.3821621,0.5031065,18.79835,0.3589814,0.4738539,17.9353,0.3942432,0.5003641,17.26729
"2024-06-05 12:00:00",479,13.0071,0.3764468,0.4929352,18.31983,0.3541642,0.4761267,18.24941,0.3911004,0.504899,17.50888
"2024-06-06 00:00:00",480,13.06419,0.3724351,0.5068514,19.19199,0.348186,0.4734618,18.18403,0.3869208,0.5033286,17.44133
"2024-06-06 12:00:00",481,12.85181,0.3681289,0.4981731,18.99098,0.3450006,0.4783939,18.70253,0.3846431,0.509845,17.77109
"2024-06-07 00:00:00",482,13.07678,0.363919,0.5109006,19.92081,0.3397475,0.4760129,18.73771,0.3808016,0.5092759,17.81111
"2024-06-07 12:00:00",483,12.99032,0.3597183,0.4992863,19.5379,0.3370296,0.4794733,19.23548,0.3791189,0.515671,18.1972
"2024-06-08 00:00:00",484,13.08685,0.3554292,0.5033415,19.96352,0.3321923,0.4736786,19.06326,0.3758949,0.5138157,18.19732
"2024-06-08 12:00:00",485,12.83922,0.3516682,0.4934506,19.66929,0.3296705,0.4746423,19.38762,0.3741303,0.5172383,18.4477
"2024-06-09 00:00:00",486,13.09357,0.3471001,0.5020117,20.51914,0.3250713,0.4710169,19.42718,0.3709665,0.5147374,18.46625
"2024-06-09 12:00:00",487,13.00039,0.3431902,0.4888508,20.16195,0.3226883,0.4715002,19.84009,0.3695931,0.5188934,18.8067
"2024-06-10 00:00:00",488,13.09021,0.3382998,0.4934636,20.95587,0.3177522,0.4657936,19.85162,0.3666572,0.5152429,18.84124
"2024-06-10 12:00:00",489,13.01634,0.3343013,0.48043,20.62819,0.3155965,0.4649867,20.23541,0.3653605,0.5179888,19.16225
"2024-06-11 00:00:00",490,13.11623,0.3278744,0.4797158,21.3184,0.3103599,0.4577284,20.25379,0.3622485,0.5133054,19.20596
"2024-06-11 12:00:00",491,13.03984,0.3235956,0.4655597,21.05241,0.3076655,0.455934,20.62362,0.3607124,0.5148057,19.51448
"2024-06-12 00:00:00",492,13.10952,0.3156068,0.4677664,22.02377,0.3009068,0.4479388,20.71248,0.3567278,0.5083856,19.5582
"2024-06-12 12:00:00",493,13.02557,0.3099627,0.4507273,21.64198,0.2980384,0.4458741,21.17802,0.355213,0.5102578,19.9443
"2024-06-13 00:00:00",494,13.08685,0.2981685,0.442746,22.43247,0.2884057,0.4324042,21.16579,0.3496991,0.5010657,19.97952
"2024-06-13 12:00:00",495,13.00543,0.2901973,0.4182693,21.65468,0.2842521,0.4259081,21.44505,0.3474775,0.4998806,20.30714
"2024-06-14 00:00:00",496,13.11791,0.278175,0.4093051,22.50396,0.2729547,0.4087969,21.28983,0.3408042,0.4871755,20.21331
"2024-06-14 12:00:00",497,13.0432,0.2722872,0.393277,22.32214,0.2695603,0.4042132,21.76307,0.3383501,0.4852952,20.52945
"2024-06-15 00:00:00",498,13.13134,0.2637837,0.380711,22.26506,0.2623865,0.3914519,21.55935,0.3341884,0.4772243,20.54618
"2024-06-15 12:00:00",499,13.02473,0.2586442,0.3613269,21.02666,0.259191,0.3818028,21.21102,0.3323894,0.47234,20.53092
"2024-06-16 00:00:00",500,13.09189,0.2478502,0.3518433,22.09233,0.2468998,0.3621756,21.04785,0.3242083,0.4558662,20.24568
"2024-06-16 12:00:00",501,13.01214,0.2407216,0.3317983,21.48108,0.242542,0.3550031,21.38802,0.3211111,0.4518144,20.48003
"2024-06-17 00:00:00",502,13.05999,0.2280045,0.313746,22.37898,0.2274852,0.3288858,21.26353,0.310793,0.4318362,20.35933
"2024-06-17 12:00:00",503,12.99787,0.2214532,0.2959421,21.74531,0.2223194,0.3209168,21.60149,0.3067693,0.4262115,20.63977
"2024-06-18 00:00:00",504,13.10532,0.2115454,0.2794355,22.59923,0.2076993,0.2960811,21.47419,0.2949498,0.4033151,20.53318
"2024-06-18 12:00:00",505,12.99535,0.2058466,0.2632602,21.92604,0.2036449,0.2894273,21.7806,0.2906309,0.3955454,20.80462
"2024-06-19 00:00:00",506,13.1305,0.2006263,0.2569588,22.29598,0.1936686,0.2742111,21.4686,0.2798818,0.3751893,20.65619
"2024-06-19 12:00:00",507,12.99955,0.1958424,0.2446353,21.38358,0.1905528,0.2692788,21.51292,0.275422,0.3682594,20.77427
"2024-06-20 00:00:00",508,13.10112,0.1914463,0.2424843,22.45407,0.1804582,0.2542725,21.37329,0.2608141,0.3403996,20.56342
"2024-06-20 12:00:00",509,13.0197,0.1878476,0.2339959,21.96518,0.1784864,0.2521787,21.78751,0.2562273,0.3346299,20.84706
"2024-06-21 00:00:00",510,13.13806,0.1855496,0.2303396,22.03369,0.1736968,0.2432647,21.46348,0.2483025,0.3222946,20.73112
"2024-06-21 12:00:00",511,13.05327,0.1832764,0.2234649,21.27198,0.1729027,0.2407337,21.31811,0.2459882,0.317734,20.72638
"2024-06-22 00:00:00",512,13.13386,0.1829195,0.2209585,20.96158,0.1712285,0.236287,20.8705,0.2421908,0.3097791,20.47077
"2024-06-22 12:00:00",513,13.02725,0.252274,0.3111727,20.0488,0.2429521,0.3252304,20.39041,0.3058722,0.3966404,20.12459
"2024-06-23 00:00:00",514,13.11875,0.4274232,0.5697182,20.79496,0.4206647,0.5238792,20.35836,0.4480334,0.5781469,20.20417
"2024-06-23 12:00:00",515,13.03984,0.4140523,0.5474272,20.91438,0.3998228,0.5219421,20.83667,0.4271722,0.5490152,20.29256
"2024-06-24 00:00:00",516,13.11875,0.4008217,0.5508966,21.8352,0.3800262,0.5010645,20.86438,0.4100661,0.5290036,20.19385
"2024-06-24 12:00:00",517,13.04068,0.3927389,0.5467737,21.72709,0.3712387,0.5049852,21.40104,0.4036386,0.5327631,20.50683
"2024-06-25 00:00:00",518,13.11036,0.3844934,0.5580647,22.5462,0.3599486,0.5011812,21.44779,0.3961779,0.531105,20.54536
"2024-06-25 12:00:00",519,13.03984,0.3784437,0.5443221,22.08946,0.3544358,0.5050827,21.83478,0.3924128,0.5389553,20.87461
"2024-06-26 00:00:00",520,13.1028,0.3700247,0.5483591,22.80543,0.3442495,0.4976676,21.75768,0.3857336,0.5361474,20.85186
"2024-06-26 12:00:00",521,13.05915,0.3653774,0.5372179,22.57956,0.3408386,0.5007257,22.17612,0.3828644,0.5427969,21.1541
"2024-06-27 00:00:00",522,13.12211,0.3584473,0.5313337,22.61395,0.3338451,0.4926372,21.98598,0.3784673,0.5405502,21.15812
"2024-06-27 12:00:00",523,13.0516,0.3543211,0.5182542,22.08592,0.3306457,0.4891582,21.94724,0.3760778,0.5417722,21.22167
"2024-06-28 00:00:00",524,13.12798,0.3483317,0.5209227,22.64095,0.324238,0.4832072,21.9072,0.3718486,0.5374128,21.12826
"2024-06-28 12:00:00",525,13.04068,0.3443124,0.5038233,21.84171,0.3218609,0.4793878,21.88972,0.3702682,0.5383186,21.23569
"2024-06-29 00:00:00",526,13.10532,0.3400728,0.5138398,22.67603,0.3151621,0.472165,21.80022,0.3658718,0.5317943,21.08179
"2024-06-29 12:00:00",527,13.04656,0.3364296,0.5038928,22.56074,0.3127651,0.4732962,22.27865,0.3642856,0.5342837,21.35624
"2024-06-30 00:00:00",528,13.0793,0.3281106,0.4992383,22.8654,0.3045442,0.4620053,22.12267,0.3597085,0.527613,21.33357
"2024-06-30 12:00:00",529,13.03229,0.3233398,0.4836175,22.32599,0.3016842,0.458164,22.22901,0.3579805,0.5274084,21.47516
"2024-07-01 00:00:00",530,13.12631,0.3179885,0.4877503,22.95715,0.2948864,0.4498782,22.14694,0.3540868,0.5206425,21.37735
"2024-07-01 12:00:00",531,13.04656,0.3191003,0.4875343,22.67998,0.2938194,0.4510885,22.39832,0.3532376,0.5220969,21.56157
"2024-07-02 00:00:00",532,13.12882,0.3152439,0.4937231,23.2096,0.2870765,0.444632,22.37148,0.3492831,0.5166106,21.53217
"2024-07-02 12:00:00",533,13.03145,0.3124923,0.4803137,22.58858,0.284911,0.4419152,22.48847,0.3477753,0.5172216,21.70474
"2024-07-03 00:00:00",534,13.09357,0.3029293,0.4751014,23.0444,0.2746003,0.4272614,22.29147,0.3417112,0.5067304,21.56139
"2024-07-03 12:00:00",535,12.97605,0.2967588,0.4505273,21.99217,0.2713785,0.4203599,22.28846,0.3397104,0.5046222,21.67804
"2024-07-04 00:00:00",536,13.10952,0.2829793,0.4376078,22.42166,0.2580804,0.397893,21.87527,0.3319028,0.4887668,21.38203
"2024-07-04 12:00:00",537,12.98192,0.2749797,0.4127197,21.61257,0.2533582,0.388606,21.96992,0.3289574,0.4837605,21.46731
"2024-07-05 00:00:00",538,13.07594,0.2610143,0.3993399,22.32202,0.2389477,0.3634434,21.69841,0.3196955,0.4653086,21.21959
"2024-07-05 12:00:00",539,12.99116,0.2537046,0.3767627,21.65021,0.2348162,0.3554073,21.95587,0.3168422,0.460573,21.40166
"2024-07-06 00:00:00",540,13.08685,0.2401556,0.3597164,22.48441,0.220359,0.3292755,21.76548,0.3065891,0.4399294,21.21892
"2024-07-06 12:00:00",541,12.99032,0.2339603,0.3376972,21.77474,0.2168102,0.3219302,22.05642,0.3034893,0.4349657,21.45273
"2024-07-07 00:00:00",542,13.0986,0.2219694,0.3180686,22.60443,0.2030602,0.297046,21.85215,0.2923019,0.410847,21.2798
"2024-07-07 12:00:00",543,12.97772,0.2156871,0.2982815,21.97688,0.1999683,0.2910717,22.19078,0.2886283,0.4043567,21.53477
"2024-07-08 00:00:00",544,13.10952,0.2054399,0.2837601,22.86046,0.1877753,0.2701655,22.02288,0.2746425,0.3739597,21.39171
"2024-07-08 12:00:00",545,13.00207,0.1998486,0.2685283,22.32396,0.1850725,0.2655359,22.40047,0.2697427,0.3649203,21.67373
"2024-07-09 00:00:00",546,13.07594,0.193323,0.260677,23.32827,0.1753395,0.2505131,22.33534,0.2537505,0.3346148,21.58307
"2024-07-09 12:00:00",547,12.99703,0.1890808,0.2483675,22.65901,0.1737409,0.2481179,22.70548,0.2497635,0.3279566,21.90571
"2024-07-10 00:00:00",548,13.08517,0.1854011,0.2459197,23.67954,0.1661843,0.2366387,22.60689,0.2347041,0.3018592,21.80271
"2024-07-10 12:00:00",549,13.03817,0.1820515,0.2366834,23.12708,0.1651843,0.2355924,23.02803,0.2312673,0.2966255,22.13989
"2024-07-11 00:00:00",550,13.09692,0.1801674,0.237861,24.19586,0.1595161,0.2275485,23.00266,0.2174457,0.2742761,22.08043
"2024-07-11 12:00:00",551,13.05243,0.1777941,0.2307993,23.79387,0.1592438,0.2275515,23.48152,0.2149886,0.2704292,22.45539
"2024-07-12 00:00:00",552,13.08685,0.1769891,0.2342424,24.91607,0.155044,0.2221016,23.5558,0.2045467,0.2543957,22.46631
"2024-07-12 12:00:00",553,13.0197,0.1740083,0.2253735,24.15505,0.154901,0.2220019,23.93963,0.2032379,0.2523938,22.86166
"2024-07-13 00:00:00",554,13.09441,0.1736411,0.2287844,25.14994,0.151571,0.2168944,23.84047,0.1947603,0.2387593,22.78123
"2024-07-13 12:00:00",555,13.03229,0.1713096,0.2217043,24.55022,0.1517595,0.2176446,24.26323,0.1943452,0.2379556,23.14754
"2024-07-14 00:00:00",556,13.07678,0.1712965,0.2247145,25.30148,0.1494292,0.2139035,24.11202,0.1882448,0.2284664,23.07051
"2024-07-14 12:00:00",557,13.02054,0.1689812,0.2172788,24.56738,0.1494826,0.2141248,24.36404,0.1885694,0.2280797,23.34427
"2024-07-15 00:00:00",558,13.08349,0.1694507,0.2217926,25.47157,0.1476215,0.2110548,24.2534,0.1831565,0.2198983,23.22796
"2024-07-15 12:00:00",559,12.99619,0.1674611,0.2155903,24.899,0.1480314,0.2121575,24.60896,0.1833963,0.2201621,23.53815
"2024-07-16 00:00:00",560,13.1112,0.167718,0.2176306,25.34612,0.1467338,0.2092183,24.37101,0.1801598,0.2144521,23.42808
"2024-07-16 12:00:00",561,13.05243,0.1660318,0.2130137,24.88264,0.1468925,0.2099685,24.61683,0.1802711,0.2145605,23.63672
"2024-07-17 00:00:00",562,13.11875,0.1670019,0.217822,25.68693,0.1457124,0.2083848,24.55108,0.1772342,0.2097215,23.54211
"2024-07-17 12:00:00",563,13.03481,0.1647714,0.2114547,24.99058,0.1459002,0.209115,24.79265,0.1776283,0.2104868,23.80462
"2024-07-18 00:00:00",564,13.09189,0.1659492,0.2173622,25.94383,0.1446159,0.207352,24.70011,0.1745929,0.2056791,23.68171
"2024-07-18 12:00:00",565,13.0197,0.1636112,0.2101686,25.20301,0.14502,0.2081746,25.0113,0.1750351,0.2066034,23.98339
"2024-07-19 00:00:00",566,13.0986,0.164463,0.2133874,25.76243,0.1437488,0.2057519,24.77616,0.1729249,0.2026977,23.84306
"2024-07-19 12:00:00",567,13.01802,0.1620233,0.206546,24.94246,0.1437675,0.2057372,24.87262,0.1732085,0.2032096,24.009
"2024-07-20 00:00:00",568,13.09692,0.1629241,0.210301,25.46862,0.1427408,0.2034897,24.59789,0.1713894,0.1996738,23.80214
"2024-07-20 12:00:00",569,13.03565,0.2198275,0.3103101,25.21185,0.2019761,0.3037574,24.99459,0.2350502,0.3248583,24.16899
"2024-07-21 00:00:00",570,13.12043,0.4342937,0.7082576,25.45519,0.4190469,0.6766872,25.1872,0.4456056,0.7351072,24.93873
"2024-07-21 12:00:00",571,13.00291,0.4131215,0.6402653,24.5826,0.402895,0.6578667,24.93337,0.4243691,0.6719992,24.5695
"2024-07-22 00:00:00",572,13.13638,0.3983086,0.6302519,24.74195,0.379267,0.6092234,24.40994,0.4098546,0.6379828,24.05043
"2024-07-22 12:00:00",573,13.02977,0.3891717,0.6118996,23.91511,0.3695715,0.5970393,24.27944,0.4029057,0.6291882,23.91399
"2024-07-23 00:00:00",574,13.15233,0.3810164,0.6129981,24.15533,0.3582399,0.5810719,23.82635,0.3945231,0.6148564,23.5401
"2024-07-23 12:00:00",575,13.05747,0.3752396,0.5934448,23.45922,0.3533309,0.5783178,23.84237,0.3906049,0.6141611,23.49846
"2024-07-24 00:00:00",576,13.14058,0.3674986,0.5923765,23.69762,0.3436546,0.5637833,23.40333,0.3838197,0.6034523,23.17556
"2024-07-24 12:00:00",577,13.06587,0.3630379,0.5789245,23.3231,0.3404048,0.5637239,23.56992,0.3809027,0.6043845,23.19157
"2024-07-25 00:00:00",578,13.13554,0.3543713,0.5789317,23.796,0.330641,0.550023,23.32485,0.3747685,0.5947203,22.98423
"2024-07-25 12:00:00",579,13.09525,0.3496008,0.5659872,23.60113,0.3276093,0.5501419,23.64878,0.3723081,0.595991,23.12131
"2024-07-26 00:00:00",580,13.14393,0.3395904,0.5621345,24.07718,0.3172074,0.5357236,23.52829,0.3661197,0.586791,23.03434
"2024-07-26 12:00:00",581,13.09189,0.3382934,0.5533957,23.82383,0.3153581,0.534537,23.7842,0.3639404,0.5868605,23.19903
"2024-07-27 00:00:00",582,13.13638,0.3519803,0.5910222,24.37784,0.3141947,0.5331225,23.77951,0.3595772,0.5778272,23.15785
"2024-07-27 12:00:00",583,13.08601,0.3480444,0.5793651,24.17092,0.3125252,0.5336149,24.1044,0.3581975,0.5802528,23.39922
"2024-07-28 00:00:00",584,13.12966,0.3421501,0.5824125,24.66286,0.3064195,0.5260717,24.06739,0.3541001,0.5739013,23.37328
"2024-07-28 12:00:00",585,13.06083,0.3363713,0.5578209,23.87198,0.3035675,0.5208763,24.14447,0.3523624,0.5732959,23.55839
"2024-07-29 00:00:00",586,13.12211,0.3273413,0.5526244,23.98901,0.2946332,0.505266,23.73425,0.3469727,0.5609394,23.3158
"2024-07-29 12:00:00",587,13.0197,0.3211508,0.5284297,23.27049,0.2914779,0.4982173,23.74357,0.3447842,0.5574862,23.36757
"2024-07-30 00:00:00",588,13.11875,0.3109045,0.5237249,23.57647,0.2815141,0.4814561,23.37346,0.3385682,0.5430175,23.07532
"2024-07-30 12:00:00",589,13.02473,0.3043866,0.5011441,23.0125,0.2780022,0.4745636,23.49216,0.336212,0.5391346,23.15742
"2024-07-31 00:00:00",590,13.12043,0.2926966,0.4942964,23.38457,0.2670292,0.4559093,23.18086,0.3293852,0.5238959,22.90266
"2024-07-31 12:00:00",591,13.03397,0.2858333,0.4727671,22.88936,0.2629776,0.44837,23.3379,0.3267243,0.5192553,23.01298
"2024-08-01 00:00:00",592,13.11455,0.2751975,0.4682049,23.50926,0.2517028,0.4292673,23.14112,0.3194427,0.5031968,22.80185
"2024-08-01 12:00:00",593,13.03229,0.2693535,0.4495012,23.09471,0.248256,0.4232131,23.4429,0.3170075,0.499466,23.01744
"2024-08-02 00:00:00",594,13.11371,0.2589114,0.4429197,23.72698,0.2362594,0.4021226,23.26404,0.3092913,0.4822058,22.85496
"2024-08-02 12:00:00",595,13.05243,0.2543003,0.428201,23.59704,0.2336153,0.3974631,23.72334,0.3068248,0.4789095,23.13671
"2024-08-03 00:00:00",596,13.1112,0.2448722,0.4181904,24.25764,0.2226679,0.3753843,23.65617,0.2985102,0.4608852,23.07704
"2024-08-03 12:00:00",597,13.05495,0.2409028,0.4032257,24.14839,0.220273,0.3705579,24.13184,0.2963958,0.4574443,23.41001
"2024-08-04 00:00:00",598,13.11875,0.2331206,0.3880762,24.81995,0.2101221,0.3493628,24.10941,0.2871555,0.4377976,23.39467
"2024-08-04 12:00:00",599,13.06922,0.2295216,0.3733866,24.76007,0.2079276,0.3449603,24.59326,0.2842951,0.4330079,23.74859
"2024-08-05 00:00:00",600,13.14393,0.2253309,0.3626363,25.06833,0.2016321,0.3309875,24.50986,0.2770651,0.4164862,23.76189
"2024-08-05 12:00:00",601,13.08517,0.2227635,0.3503324,24.61473,0.2000385,0.3268257,24.60909,0.2748348,0.4111483,23.93929
"2024-08-06 00:00:00",602,13.13638,0.2172205,0.3413706,25.29404,0.1921346,0.3104742,24.57475,0.2633689,0.3849519,23.84094
"2024-08-06 12:00:00",603,13.0793,0.2141363,0.3304012,25.12374,0.1903548,0.3070331,24.96733,0.2596564,0.3768318,24.13953
"2024-08-07 00:00:00",604,13.12043,0.21037,0.3256964,25.70007,0.1842032,0.2948899,24.94326,0.2476958,0.3500642,24.11624
"2024-08-07 12:00:00",605,13.09021,0.2080391,0.3170725,25.56466,0.1831628,0.2929785,25.32708,0.2442883,0.3432882,24.42727
"2024-08-08 00:00:00",606,13.12379,0.2055887,0.3131663,25.77029,0.1793056,0.2848595,25.19836,0.2355125,0.3245049,24.40554
"2024-08-08 12:00:00",607,13.06587,0.2028796,0.3029045,25.17279,0.1781382,0.2818273,25.23289,0.2331758,0.3187462,24.55361
"2024-08-09 00:00:00",608,13.1347,0.201594,0.3032945,25.63935,0.1744059,0.2742907,25.05875,0.2238397,0.2990288,24.38413
"2024-08-09 12:00:00",609,13.07174,0.1993545,0.2943566,25.13165,0.173933,0.2727822,25.17183,0.2224408,0.2956693,24.52863
"2024-08-10 00:00:00",610,13.08937,0.1988536,0.2950607,25.40023,0.1713447,0.2673417,24.9625,0.2155429,0.28176,24.36103
"2024-08-10 12:00:00",611,13.02389,0.2432612,0.3759368,24.64388,0.2085376,0.3354236,24.89725,0.2183257,0.2919388,24.432
"2024-08-11 00:00:00",612,13.10784,0.4212577,0.7617691,25.0166,0.3854503,0.7246162,24.75082,0.3815336,0.6462475,24.39741
"2024-08-11 12:00:00",613,13.01466,0.4183099,0.7270267,24.30211,0.3970229,0.7591087,24.69178,0.4189411,0.7592623,24.46417
"2024-08-12 00:00:00",614,13.11036,0.4058467,0.7047154,24.52541,0.3822018,0.7259264,24.29452,0.3993701,0.7184177,24.04688
"2024-08-12 12:00:00",615,13.03732,0.3985669,0.6865616,24.10627,0.3742421,0.708876,24.34139,0.3920895,0.702279,24.02057
"2024-08-13 00:00:00",616,13.09944,0.3924997,0.6904414,24.17657,0.3653213,0.6896466,23.99944,0.3848047,0.6847925,23.7694
"2024-08-13 12:00:00",617,13.02809,0.3935104,0.6962742,24.01581,0.3637994,0.6929839,24.14236,0.3828621,0.6848031,23.78597
"2024-08-14 00:00:00",618,13.12127,0.4018076,0.7230673,23.68193,0.3711615,0.7127462,23.72946,0.3867045,0.698743,23.58448
"2024-08-14 12:00:00",619,13.02809,0.3986087,0.7092372,23.19016,0.3704939,0.712615,23.56422,0.3880455,0.7065583,23.45016
"2024-08-15 00:00:00",620,13.1112,0.393404,0.7145402,23.47491,0.3636813,0.7009395,23.2879,0.382614,0.6923547,23.16343
"2024-08-15 12:00:00",621,13.02137,0.3887323,0.6963836,23.12219,0.3600801,0.6967649,23.42829,0.3798963,0.6907822,23.20557
"2024-08-16 00:00:00",622,13.08601,0.3831282,0.697301,23.38755,0.3523605,0.681469,23.15329,0.374169,0.6774272,22.98868
"2024-08-16 12:00:00",623,12.99199,0.3794169,0.6780992,23.01604,0.3494891,0.6781901,23.33983,0.3723186,0.6770359,23.07466
"2024-08-17 00:00:00",624,13.07762,0.3731529,0.6751344,23.21613,0.3411873,0.6606968,23.02608,0.3662989,0.6633621,22.86989
"2024-08-17 12:00:00",625,12.99032,0.3689567,0.6530023,22.71026,0.3383577,0.6554182,23.12869,0.3643462,0.6618426,22.93258
"2024-08-18 00:00:00",626,13.11875,0.3637955,0.645647,22.61656,0.3318457,0.6384418,22.69133,0.3596291,0.6495222,22.68015
"2024-08-18 12:00:00",627,13.0071,0.3610561,0.630105,22.20655,0.3301318,0.6323678,22.59867,0.3581418,0.6458943,22.58574
"2024-08-19 00:00:00",628,13.02641,0.3559023,0.6323341,22.68328,0.3232531,0.6207744,22.4934,0.3534176,0.6348276,22.38983
"2024-08-19 12:00:00",629,13.02222,0.3532514,0.6188517,22.48078,0.3218455,0.6191649,22.69303,0.352238,0.634382,22.48493
"2024-08-20 00:00:00",630,13.107,0.3467955,0.6200649,23.06306,0.3131742,0.6054666,22.68033,0.3467717,0.6234581,22.40222
"2024-08-20 12:00:00",631,13.01634,0.3427249,0.6026067,22.80458,0.3110512,0.6034467,22.99183,0.3451159,0.623518,22.6209
"2024-08-21 00:00:00",632,13.08014,0.3340645,0.5987914,23.21782,0.2996921,0.5834616,22.85527,0.3382879,0.6094386,22.53592
"2024-08-21 12:00:00",633,13.03565,0.3299122,0.5842471,23.14672,0.297153,0.5805064,23.20578,0.33616,0.6080068,22.75065
"2024-08-22 00:00:00",634,12.93156,0.3235345,0.5749144,23.14845,0.2894849,0.5641856,23.00928,0.3317467,0.5974833,22.70593
"2024-08-22 12:00:00",635,12.83502,0.3207042,0.5611172,22.77702,0.2883474,0.5592278,22.98399,0.3305818,0.5941895,22.73126
"2024-08-23 00:00:00",636,13.15904,0.3166694,0.5547238,22.64905,0.2837607,0.5476962,22.67936,0.3275355,0.5852422,22.55139
"2024-08-23 12:00:00",637,13.05663,0.313859,0.5419617,22.21909,0.2825289,0.5424307,22.54277,0.3262847,0.5811071,22.46395
"2024-08-24 00:00:00",638,13.17331,0.3248164,0.5542383,22.21184,0.2810023,0.5361044,22.26962,0.3249955,0.5746031,22.23839
"2024-08-24 12:00:00",639,13.06335,0.3730662,0.6266559,21.80991,0.2812048,0.5349011,22.19549,0.3243713,0.5723909,22.17253
"2024-08-25 00:00:00",640,13.17751,0.374438,0.6555654,22.06506,0.2787027,0.5345374,22.0266,0.3206507,0.5647874,21.97036
"2024-08-25 12:00:00",641,13.07342,0.3681243,0.6392758,21.7024,0.2807482,0.5405023,22.05408,0.3197976,0.5643758,21.98213
"2024-08-26 00:00:00",642,13.14309,0.3651666,0.6385009,21.53742,0.2790629,0.5374403,21.73011,0.3170716,0.5578858,21.78332
"2024-08-26 12:00:00",643,13.03817,0.3776816,0.662654,20.89276,0.2806054,0.5386636,21.48665,0.3163885,0.5557775,21.65304
"2024-08-27 00:00:00",644,13.11875,0.3731622,0.6675908,21.11884,0.2792159,0.5392913,21.22639,0.3125474,0.5467357,21.36561
"2024-08-27 12:00:00",645,12.99871,0.367775,0.645714,20.68934,0.2823184,0.546661,21.28051,0.3117742,0.5461431,21.37468
"2024-08-28 00:00:00",646,13.10448,0.3627323,0.6437866,20.88399,0.2790009,0.5414922,20.97413,0.3078119,0.5369558,21.13188
"2024-08-28 12:00:00",647,12.97353,0.3581465,0.6247766,20.56728,0.2800635,0.5446587,21.10736,0.3070288,0.536617,21.1712
"2024-08-29 00:00:00",648,13.08853,0.3516621,0.6212696,20.79462,0.2748442,0.5356839,20.84852,0.3031418,0.5269991,20.9717
"2024-08-29 12:00:00",649,12.99787,0.3470027,0.6017005,20.48679,0.2751457,0.5363212,21.00343,0.3023495,0.526213,21.03995
"2024-08-30 00:00:00",650,13.10364,0.3407708,0.5981676,20.71495,0.2695483,0.5256742,20.75363,0.2988159,0.5165967,20.8567
"2024-08-30 12:00:00",651,12.97605,0.3366806,0.5814425,20.49869,0.2694192,0.5257375,20.95888,0.2984431,0.5160649,20.95227
"2024-08-31 00:00:00",652,13.07762,0.3285469,0.5754424,20.74339,0.2616986,0.5102666,20.75642,0.2940116,0.504812,20.81009
"2024-08-31 12:00:00",653,12.97856,0.3235104,0.5543938,20.28535,0.2602658,0.5061337,20.87162,0.2933231,0.5029408,20.90191
"2024-09-01 00:00:00",654,13.06838,0.314443,0.5473724,20.4883,0.2515016,0.4868748,20.56062,0.288262,0.4895098,20.69122
"2024-09-01 12:00:00",655,13.02389,0.3103845,0.5346281,20.5048,0.2501796,0.4844769,20.85294,0.2872886,0.4876248,20.79812
"2024-09-02 00:00:00",656,13.11203,0.3011566,0.5280695,20.96275,0.2421978,0.4680021,20.84955,0.2828883,0.4765433,20.75732
"2024-09-02 12:00:00",657,13.01214,0.2964194,0.510569,20.65298,0.2410956,0.4639996,21.04558,0.2825146,0.4752428,20.92893
"2024-09-03 00:00:00",658,13.07594,0.2854445,0.498664,20.91828,0.2319996,0.4428297,20.86655,0.2771138,0.4613699,20.8169
"2024-09-03 12:00:00",659,12.98948,0.2803555,0.4806331,20.61604,0.2302244,0.437208,21.05814,0.2763425,0.4586262,20.96005
"2024-09-04 00:00:00",660,13.09525,0.2687992,0.4657625,20.92819,0.221005,0.4146262,20.87309,0.2704787,0.4431915,20.83161
"2024-09-04 12:00:00",661,13.04068,0.2637861,0.4515079,21.03179,0.2189982,0.4096474,21.2205,0.2690553,0.4396461,21.00718
"2024-09-05 00:00:00",662,13.10112,0.2529982,0.4366551,21.56824,0.2112974,0.3906612,21.32007,0.263413,0.4257357,21.04505
"2024-09-05 12:00:00",663,12.98276,0.248498,0.4182731,21.19209,0.2100311,0.3858765,21.53669,0.2627794,0.423398,21.27939
"2024-09-06 00:00:00",664,13.10868,0.2387522,0.398849,21.23396,0.2026348,0.365665,21.24551,0.2569798,0.4074198,21.15384
"2024-09-06 12:00:00",665,13.00878,0.2340882,0.3819101,20.79897,0.2007925,0.3596059,21.2899,0.2554593,0.4023349,21.2202
"2024-09-07 00:00:00",666,13.08685,0.2258194,0.3671616,21.10215,0.1941708,0.3430303,21.0813,0.2485867,0.3826924,21.04688
"2024-09-07 12:00:00",667,12.9559,0.2719596,0.4439166,20.72789,0.2343455,0.4207635,21.2093,0.2932816,0.4751803,21.12642
"2024-09-08 00:00:00",668,13.08769,0.4136722,0.7272461,21.73224,0.4029354,0.7075778,21.84539,0.4386615,0.7475821,21.47328
"2024-09-08 12:00:00",669,12.95674,0.4016497,0.684777,21.14077,0.3808759,0.6881381,21.56909,0.4045835,0.6466163,21.4737
"2024-09-09 00:00:00",670,13.08937,0.3925693,0.6731611,20.84177,0.3683685,0.6688603,21.00283,0.3909942,0.6216711,21.12804
"2024-09-09 12:00:00",671,12.99535,0.3872468,0.6621956,20.56314,0.3616688,0.6613337,21.02558,0.3864515,0.6177627,21.05285
"2024-09-10 00:00:00",672,13.10196,0.3811703,0.6610069,20.53562,0.3530329,0.6458185,20.68953,0.3804759,0.6080015,20.82859
"2024-09-10 12:00:00",673,13.01214,0.3775065,0.6539379,20.44018,0.3490035,0.6438105,20.81745,0.3774924,0.6083519,20.82523
"2024-09-11 00:00:00",674,13.10532,0.3720796,0.6536406,20.60122,0.3420952,0.6334708,20.63975,0.3724936,0.6015931,20.69076
"2024-09-11 12:00:00",675,13.02306,0.369187,0.6447768,20.50367,0.3394864,0.6327366,20.81443,0.3706263,0.6031951,20.75815
"2024-09-12 00:00:00",676,13.11036,0.3639228,0.6387749,20.42874,0.3335341,0.6215496,20.58006,0.3661394,0.5972427,20.64544
"2024-09-12 12:00:00",677,13.02222,0.3606337,0.6243715,20.01212,0.3311124,0.6165602,20.51637,0.364301,0.5961582,20.61223
"2024-09-13 00:00:00",678,13.09776,0.3526993,0.612341,19.81748,0.3228057,0.5994883,20.15382,0.3585409,0.5854715,20.38588
"2024-09-13 12:00:00",679,12.98444,0.3485048,0.5916582,19.16721,0.319866,0.5906385,19.9422,0.3564451,0.5812573,20.26263
"2024-09-14 00:00:00",680,13.08349,0.3418609,0.5836254,19.05791,0.3126293,0.5741559,19.50772,0.3514754,0.5697168,19.94227
"2024-09-14 12:00:00",681,12.92064,0.3380607,0.5636237,18.40978,0.3104296,0.5669054,19.35279,0.3495363,0.5657983,19.81673
"2024-09-15 00:00:00",682,13.0793,0.3307475,0.5588578,18.53621,0.3025311,0.5504132,18.9586,0.3440494,0.5531836,19.48127
"2024-09-15 12:00:00",683,12.97185,0.3273824,0.5446825,18.25952,0.3007677,0.5467957,19.04784,0.342601,0.5504985,19.44662
"2024-09-16 00:00:00",684,13.12882,0.321914,0.5383216,18.20477,0.2952097,0.5338355,18.70107,0.3385308,0.5411483,19.21057
"2024-09-16 12:00:00",685,13.04152,0.319719,0.5316422,18.21634,0.2939419,0.5313435,18.78621,0.3374138,0.5382961,19.15304
"2024-09-17 00:00:00",686,13.12211,0.3113534,0.5253369,18.46329,0.2863381,0.5199385,18.73529,0.3323965,0.5298675,19.04985
"2024-09-17 12:00:00",687,13.00039,0.3082113,0.5175008,18.48468,0.2843903,0.516879,18.88515,0.330964,0.527795,19.09387
"2024-09-18 00:00:00",688,13.08853,0.2991332,0.5053684,18.52194,0.2766825,0.504001,18.82417,0.3258337,0.5192707,19.0485
"2024-09-18 12:00:00",689,12.94499,0.2934109,0.480886,17.5803,0.2732628,0.4924904,18.54012,0.3239989,0.5138948,18.99409
"2024-09-19 00:00:00",690,13.09021,0.2845066,0.4692597,17.4885,0.2648407,0.4735556,18.05201,0.3181729,0.4996949,18.64192
"2024-09-19 12:00:00",691,12.9559,0.280679,0.4533125,16.995,0.2625326,0.4665941,17.97521,0.3166251,0.4942715,18.53908
"2024-09-20 00:00:00",692,13.08685,0.2711444,0.4442578,17.25607,0.2537958,0.4493131,17.69341,0.3102424,0.4806087,18.26885
"2024-09-20 12:00:00",693,12.97269,0.2678205,0.4321997,17.06701,0.2515788,0.4449528,17.84386,0.3086079,0.4772736,18.29004
"2024-09-21 00:00:00",694,13.04992,0.2590205,0.4231992,17.49641,0.2428257,0.4280602,17.74973,0.3022071,0.4643824,18.15233
"2024-09-21 12:00:00",695,12.97269,0.2557295,0.4107114,17.28915,0.2406963,0.4237103,17.9672,0.3008617,0.4617962,18.2728
"2024-09-22 00:00:00",696,13.09525,0.2484688,0.3986934,17.24248,0.2343623,0.4084455,17.6989,0.2960761,0.4511807,18.14112
"2024-09-22 12:00:00",697,13.01382,0.2471471,0.3933303,17.19438,0.2334965,0.4057712,17.74943,0.295444,0.4483031,18.11406
"2024-09-23 00:00:00",698,13.11875,0.2429469,0.3878208,17.54824,0.2288253,0.3964864,17.76825,0.2915575,0.4405326,18.04687
"2024-09-23 12:00:00",699,12.97353,0.2399995,0.3745001,17.09394,0.2273722,0.3918249,17.80167,0.2908579,0.4381305,18.12216
"2024-09-24 00:00:00",700,13.05076,0.2334682,0.3637742,17.27489,0.2205353,0.3759963,17.56425,0.2849827,0.4255883,17.94594
"2024-09-24 12:00:00",701,12.96346,0.2310752,0.352445,16.92458,0.2189867,0.3714184,17.65603,0.2838454,0.4221614,17.9965
"2024-09-25 00:00:00",702,13.08182,0.2260305,0.3445033,17.16158,0.2124566,0.3564155,17.43996,0.2779507,0.4093032,17.83041
"2024-09-25 12:00:00",703,12.98528,0.2242,0.336847,17.02049,0.2111506,0.3535872,17.64121,0.2767546,0.407081,17.92385
"2024-09-26 00:00:00",704,13.06503,0.2194103,0.330271,17.41676,0.2049348,0.3388517,17.56009,0.2702604,0.3927709,17.83533
"2024-09-26 12:00:00",705,12.95338,0.2172776,0.3223851,17.25492,0.2036134,0.3360297,17.80081,0.2690122,0.3896748,17.98712
"2024-09-27 00:00:00",706,13.06671,0.2124063,0.3160585,17.68623,0.1970236,0.3217823,17.7434,0.2614986,0.3722754,17.9266
"2024-09-27 12:00:00",707,12.94583,0.2101818,0.3080316,17.47314,0.195732,0.3193274,17.98842,0.2600516,0.3688466,18.10367
"2024-09-28 00:00:00",708,13.06587,0.2062578,0.303491,17.7929,0.1899008,0.307092,17.85932,0.2524769,0.35185,18.02851
"2024-09-28 12:00:00",709,12.99283,0.2048487,0.2985099,17.75209,0.1889304,0.3058195,18.14062,0.251215,0.348689,18.19349
"2024-09-29 00:00:00",710,13.0516,0.202012,0.2965975,18.19039,0.1842854,0.2964992,18.12814,0.2432974,0.3321169,18.17595
"2024-09-29 12:00:00",711,12.93072,0.2004887,0.2901758,17.96962,0.1835817,0.2954725,18.3788,0.2424458,0.3296888,18.37621
"2024-09-30 00:00:00",712,13.03984,0.1981345,0.2874214,18.12871,0.1796489,0.2864707,18.20094,0.2351837,0.3138914,18.30232
"2024-09-30 12:00:00",713,12.98444,0.1971122,0.2834867,18.04821,0.1790797,0.285901,18.41635,0.2338548,0.3112341,18.43021
"2024-10-01 00:00:00",714,13.05663,0.1949605,0.2819959,18.35304,0.1754661,0.2785667,18.34683,0.2265445,0.2965361,18.38659
"2024-10-01 12:00:00",715,12.95422,0.1930682,0.2742683,17.88142,0.1746955,0.2767191,18.44916,0.2260013,0.2940678,18.52335
"2024-10-02 00:00:00",716,13.01214,0.191002,0.2712989,17.87535,0.1712676,0.2684717,18.1111,0.2185061,0.2805455,18.34398
"2024-10-02 12:00:00",717,12.89294,0.1888026,0.2627895,17.25278,0.1704696,0.2661128,18.06174,0.2179565,0.2779898,18.35055
"2024-10-03 00:00:00",718,13.06167,0.187444,0.2619607,17.30887,0.16753,0.2587458,17.66532,0.2111216,0.2660505,18.08213
"2024-10-03 12:00:00",719,12.92736,0.1858739,0.2557876,16.89822,0.16703,0.2575574,17.71021,0.2107703,0.2640855,18.07644
"2024-10-04 00:00:00",720,13.05411,0.1849521,0.2563856,17.03194,0.1647379,0.2521636,17.39803,0.2049463,0.254359,17.84677
"2024-10-04 12:00:00",721,12.8921,0.1834746,0.2502712,16.65473,0.1644275,0.2514093,17.46989,0.2048759,0.2530684,17.86412
"2024-10-05 00:00:00",722,13.04908,0.1829047,0.2515963,16.87416,0.162444,0.246783,17.21487,0.1995686,0.2442405,17.66173
"2024-10-05 12:00:00",723,12.93995,0.1815208,0.2462332,16.56108,0.162259,0.2466201,17.33079,0.1996987,0.2435487,17.70731
"2024-10-06 00:00:00",724,13.07258,0.1809542,0.2467973,16.74084,0.1605934,0.2421776,17.09192,0.194923,0.2354795,17.53007
"2024-10-06 12:00:00",725,12.95422,0.1795796,0.242565,16.46551,0.1603455,0.2423773,17.21856,0.1951166,0.2351001,17.58627
"2024-10-07 00:00:00",726,13.11455,0.1792992,0.2438083,16.58057,0.158862,0.2389674,16.96342,0.1909937,0.2288805,17.41401
"2024-10-07 12:00:00",727,12.9475,0.1778479,0.2381591,16.184,0.1587187,0.2385122,17.00922,0.1912703,0.2283994,17.43692
"2024-10-08 00:00:00",728,13.09273,0.1777616,0.2402199,16.33575,0.1574294,0.2354716,16.73594,0.1876557,0.2228161,17.23128
"2024-10-08 12:00:00",729,12.93911,0.1766282,0.2353745,16.02551,0.1573876,0.2354445,16.83531,0.1880002,0.2226904,17.26652
"2024-10-09 00:00:00",730,13.08853,0.1764733,0.2375269,16.24389,0.1562113,0.2326798,16.61058,0.1846264,0.21737,17.09067
"2024-10-09 12:00:00",731,12.96765,0.1753917,0.2336138,16.0203,0.1562214,0.2331217,16.75289,0.1850616,0.2174769,17.14668
"2024-10-10 00:00:00",732,13.07174,0.1756983,0.2365777,16.34112,0.1552927,0.2310541,16.60777,0.181878,0.2128958,17.01256
"2024-10-10 12:00:00",733,12.9475,0.174733,0.2322745,16.06538,0.1553901,0.2314892,16.77164,0.1825077,0.2131904,17.11082
"2024-10-11 00:00:00",734,13.01886,0.1748181,0.2349615,16.30189,0.1544224,0.2294255,16.57715,0.1795823,0.2091197,16.97253
"2024-10-11 12:00:00",735,12.91561,0.1739133,0.2312769,16.108,0.1546034,0.2300635,16.75405,0.1802139,0.2095162,17.06483
"2024-10-12 00:00:00",736,13.08265,0.1740965,0.2338513,16.32656,0.1538444,0.2283481,16.59519,0.177959,0.2062419,16.95461
"2024-10-12 12:00:00",737,12.95758,0.1728589,0.2292446,16.01688,0.1539255,0.2284666,16.71097,0.1784842,0.2065872,17.03748
"2024-10-13 00:00:00",738,13.08517,0.1730695,0.2311904,16.16456,0.1530451,0.2264003,16.49441,0.1761248,0.2031954,16.89389
"2024-10-13 12:00:00",739,12.9559,0.1715854,0.2255924,15.70659,0.1529379,0.2258331,16.51663,0.1767527,0.2032491,16.93019
"2024-10-14 00:00:00",740,13.10028,0.1718129,0.2283921,15.90334,0.1520956,0.2237389,16.26053,0.1743866,0.1998728,16.73182
"2024-10-14 12:00:00",741,13.02306,0.171869,0.2276611,16.01969,0.1524411,0.2251831,16.50904,0.1750279,0.2004648,16.79848
"2024-10-15 00:00:00",742,13.09525,0.1725417,0.2314188,16.53265,0.152389,0.2251315,16.60797,0.1734287,0.1984091,16.80102
"2024-10-15 12:00:00",743,12.95338,0.17116,0.2261037,16.07635,0.1522889,0.2252647,16.71549,0.1742144,0.1994006,16.95009
"2024-10-16 00:00:00",744,13.09441,0.1713734,0.2280389,16.17112,0.1514734,0.2230081,16.44191,0.1722698,0.1965694,16.79613
"2024-10-16 12:00:00",745,12.99787,0.1706138,0.2251693,16.02235,0.1516707,0.223585,16.58271,0.1728718,0.1968223,16.85739
"2024-10-17 00:00:00",746,13.12547,0.17099,0.2274012,16.26883,0.1512247,0.2223856,16.48918,0.1714737,0.1946161,16.7709
"2024-10-17 12:00:00",747,13.02306,0.1706499,0.2267623,16.28071,0.1514468,0.2235931,16.66803,0.1721174,0.1954941,16.85701
"2024-10-18 00:00:00",748,13.12379,0.1708752,0.2277513,16.4225,0.1511867,0.2227308,16.62983,0.1710984,0.1940024,16.83144
"2024-10-18 12:00:00",749,12.98696,0.1701846,0.2232666,16.01346,0.1511873,0.2221115,16.61314,0.1716195,0.1942886,16.87136
"2024-10-19 00:00:00",750,13.18591,0.1686879,0.2180177,15.21812,0.1501648,0.2182409,16.052,0.1715012,0.1927907,16.63731
"2024-10-19 12:00:00",751,13.0071,0.1674107,0.2127075,14.47309,0.1495129,0.2152365,15.55339,0.1714568,0.1915419,16.32041
"2024-10-20 00:00:00",752,13.1666,0.1676638,0.2142041,14.40347,0.1491542,0.2133978,15.16018,0.1709818,0.1895104,15.94465
"2024-10-20 12:00:00",753,12.99955,0.1668574,0.2105302,14.04994,0.1488806,0.212602,15.03101,0.17097,0.1890589,15.78111
"2024-10-21 00:00:00",754,13.15904,0.1675484,0.2121458,14.04352,0.148726,0.2113035,14.76553,0.1711373,0.1876111,15.52317
"2024-10-21 12:00:00",755,13.00291,0.1674135,0.2107434,13.88096,0.1487291,0.2113823,14.73206,0.171127,0.1877192,15.42602
"2024-10-22 00:00:00",756,13.15485,0.1676441,0.2122388,13.89529,0.1485763,0.2107237,14.55978,0.1712182,0.1869563,15.25753
"2024-10-22 12:00:00",757,12.95338,0.1662751,0.2063304,13.28737,0.148178,0.2092778,14.39384,0.1712287,0.1868518,15.17554
"2024-10-23 00:00:00",758,13.12882,0.1667605,0.2082797,13.22822,0.1476979,0.2070785,13.9797,0.1708201,0.184931,14.86387
"2024-10-23 12:00:00",759,12.96933,0.165998,0.2049109,12.95132,0.1477308,0.2070319,13.99244,0.1713693,0.1849421,14.78571
"2024-10-24 00:00:00",760,13.12463,0.1668887,0.2076184,13.01829,0.1474217,0.2055373,13.69613,0.1707138,0.1834227,14.54283
"2024-10-24 12:00:00",761,12.9282,0.1660361,0.2038374,12.6972,0.1475739,0.2056257,13.73536,0.170819,0.1837127,14.51043
"2024-10-25 00:00:00",762,13.10532,0.166587,0.2054145,12.62503,0.1472771,0.2035622,13.37755,0.1703784,0.1819075,14.26289
"2024-10-25 12:00:00",763,12.94163,0.1655666,0.2011567,12.22874,0.1471341,0.2032227,13.35486,0.1706919,0.1819738,14.19847
"2024-10-26 00:00:00",764,13.10112,0.1663859,0.2034244,12.2056,0.1467844,0.2011468,12.99104,0.1698385,0.1801703,13.93346
"2024-10-26 12:00:00",765,12.9282,0.1655434,0.1991935,11.8278,0.146709,0.200995,12.98257,0.1703268,0.1802275,13.87081
"2024-10-27 00:00:00",766,13.09441,0.1662565,0.2021594,11.90748,0.1463548,0.1992412,12.66269,0.1692787,0.1781979,13.6191
"2024-10-27 12:00:00",767,12.93575,0.1655291,0.1985228,11.62195,0.1463654,0.1994994,12.72163,0.1696802,0.1785607,13.59076
"2024-10-28 00:00:00",768,13.14225,0.1662382,0.2010283,11.69971,0.1460356,0.1979214,12.44069,0.1687405,0.1763521,13.37338
"2024-10-28 12:00:00",769,12.97605,0.1666726,0.2020376,11.92201,0.1466386,0.1997339,12.678,0.1691799,0.1771768,13.38948
"2024-10-29 00:00:00",770,13.15065,0.1670919,0.2042794,12.10038,0.1464364,0.1996528,12.66209,0.168733,0.1765013,13.35755
"2024-10-29 12:00:00",771,13.00878,0.1674102,0.2047195,12.26913,0.1465813,0.2009134,12.8517,0.1691971,0.1773382,13.42134
"2024-10-30 00:00:00",772,13.15904,0.1675937,0.204705,12.23135,0.1469977,0.2007026,12.83748,0.1692448,0.1773548,13.42457
"2024-10-30 12:00:00",773,12.98108,0.1666688,0.2007249,11.74925,0.1467301,0.1995274,12.66416,0.1692196,0.1775791,13.38313
"2024-10-31 00:00:00",774,13.14309,0.166301,0.2001151,11.48326,0.1462044,0.1977306,12.35605,0.1693213,0.1766968,13.18324
"2024-10-31 12:00:00",775,12.94834,0.164324,0.1920622,10.54288,0.1457014,0.1944581,11.93859,0.1693833,0.1758023,12.99111
"2024-11-01 00:00:00",776,13.12295,0.1644001,0.1923565,10.33591,0.1449985,0.1915625,11.4126,0.1684278,0.1731822,12.58543
"2024-11-01 12:00:00",777,12.91309,0.1629767,0.1865599,9.684197,0.1446824,0.1899519,11.17788,0.1682888,0.1723871,12.37894
"2024-11-02 00:00:00",778,13.10952,0.163191,0.1870426,9.474298,0.1439997,0.1869922,10.64882,0.1678632,0.1700237,11.97819
"2024-11-02 12:00:00",779,12.91393,0.162203,0.1833487,9.080948,0.1438188,0.186262,10.53078,0.1678516,0.1694009,11.7922
"2024-11-03 00:00:00",780,13.15988,0.1626718,0.1849511,9.050292,0.1435167,0.184222,10.14943,0.1673283,0.1674503,11.46751
"2024-11-03 12:00:00",781,12.99032,0.1634367,0.1879676,9.524724,0.1437897,0.1863366,10.41656,0.1672826,0.1678696,11.41406
"2024-11-04 00:00:00",782,13.15485,0.1646263,0.1902436,9.792955,0.1442348,0.1873578,10.542,0.167656,0.1682445,11.42591
"2024-11-04 12:00:00",783,12.97521,0.1640227,0.188209,9.602834,0.1444099,0.1874881,10.57143,0.1679694,0.1689319,11.45901
"2024-11-05 00:00:00",784,13.10784,0.1639885,0.1882993,9.492549,0.1441857,0.1866194,10.39963,0.1679789,0.1684788,11.35504
"2024-11-05 12:00:00",785,12.9475,0.1623915,0.1817681,8.71902,0.1437554,0.1843488,10.11069,0.1680272,0.1680337,11.24448
"2024-11-06 00:00:00",786,13.1624,0.1625922,0.1813473,8.457331,0.1432305,0.181807,9.661543,0.1675405,0.1662348,10.91962
"2024-11-06 12:00:00",787,12.93995,0.1617506,0.1785765,8.088244,0.1428146,0.18045,9.426651,0.1675648,0.1654156,10.69784
"2024-11-07 00:00:00",788,13.14981,0.1618794,0.1794162,8.032343,0.1425476,0.1793464,9.179982,0.1672667,0.164215,10.44363
"2024-11-07 12:00:00",789,12.89882,0.1605852,0.1745325,7.46751,0.1423625,0.1779273,8.9857,0.1675625,0.1637193,10.28952
"2024-11-08 00:00:00",790,13.12547,0.1604223,0.1737782,7.08805,0.1416548,0.1749148,8.450109,0.1666803,0.1616993,9.936462
"2024-11-08 12:00:00",791,12.93072,0.1600614,0.1719529,6.88365,0.1416176,0.1741939,8.327851,0.1665496,0.1610153,9.733087
"2024-11-09 00:00:00",792,13.16072,0.1613043,0.1760836,7.228637,0.1415388,0.1743931,8.236657,0.1666334,0.1602804,9.523493
"2024-11-09 12:00:00",793,12.98024,0.1619403,0.1787265,7.682106,0.1421052,0.1766782,8.552786,0.167098,0.1613119,9.560499
"2024-11-10 00:00:00",794,13.10616,0.1624467,0.1825686,8.184478,0.1428297,0.1785266,8.804915,0.1673114,0.1620423,9.644251
"2024-11-10 12:00:00",795,12.93072,0.1613059,0.1773698,7.683423,0.1427401,0.1780904,8.834559,0.1678428,0.162981,9.768151
"2024-11-11 00:00:00",796,13.12882,0.161576,0.1784266,7.594869,0.1423378,0.1763299,8.50705,0.1674908,0.1618556,9.591373
"2024-11-11 12:00:00",797,12.94079,0.1608007,0.1748262,7.26995,0.1423699,0.176069,8.505227,0.1679589,0.1619831,9.560924
"2024-11-12 00:00:00",798,13.11539,0.1613356,0.1765852,7.231417,0.1418721,0.1744193,8.182935,0.1673669,0.160743,9.344253
"2024-11-12 12:00:00",799,12.92232,0.1608581,0.1742975,7.087727,0.1420334,0.1747622,8.256997,0.1676919,0.1610035,9.317943
"2024-11-13 00:00:00",800,13.16324,0.1613801,0.1756376,7.112644,0.1419323,0.1734923,8.031214,0.1674293,0.1599511,9.15455
"2024-11-13 12:00:00",801,12.93995,0.1612243,0.1748605,7.090103,0.1421672,0.1742972,8.145391,0.1676015,0.1604099,9.140948
"2024-11-14 00:00:00",802,13.08937,0.1613656,0.1751923,6.956937,0.1419589,0.1730649,7.916454,0.1674603,0.1597225,9.012938
"2024-11-14 12:00:00",803,12.88706,0.1601577,0.1699263,6.36951,0.1417522,0.1717774,7.772362,0.1674729,0.1595771,8.942738
"2024-11-15 00:00:00",804,13.09105,0.1604532,0.1704199,6.136454,0.1409575,0.1693033,7.303012,0.1670909,0.1578548,8.639474
"2024-11-15 12:00:00",805,12.91057,0.1603502,0.1679609,5.891899,0.1410324,0.1689289,7.261337,0.1674632,0.157618,8.521093
"2024-11-16 00:00:00",806,13.12127,0.1609854,0.1710656,6.143771,0.1408795,0.1681628,7.070385,0.1669842,0.1563448,8.310225
"2024-11-16 12:00:00",807,12.91309,0.1606961,0.1699343,6.147774,0.1412095,0.1693624,7.284888,0.1671814,0.1570888,8.348561
"2024-11-17 00:00:00",808,13.0986,0.1602929,0.1692847,5.913751,0.1410137,0.1677018,6.990451,0.1670957,0.1562523,8.208127
"2024-11-17 12:00:00",809,12.88874,0.1595801,0.1651366,5.391174,0.1407285,0.1665418,6.837855,0.1671284,0.1559898,8.110033
"2024-11-18 00:00:00",810,13.07594,0.159564,0.165752,5.258657,0.1401226,0.1646124,6.438891,0.1666306,0.1544479,7.827279
"2024-11-18 12:00:00",811,12.90217,0.1586093,0.1622126,4.886708,0.1401701,0.1639726,6.368241,0.1665761,0.1542052,7.720072
"2024-11-19 00:00:00",812,13.16492,0.159488,0.1648426,5.011526,0.1398941,0.1629777,6.106966,0.1667114,0.152988,7.475339
"2024-11-19 12:00:00",813,12.92064,0.1595407,0.1655087,5.257763,0.1404521,0.1644142,6.345629,0.1667427,0.1535289,7.480063
"2024-11-20 00:00:00",814,13.08517,0.1592469,0.1641693,5.023561,0.1402527,0.1632776,6.1801,0.1666991,0.1530952,7.414415
"2024-11-20 12:00:00",815,12.86188,0.1578441,0.1580709,4.152743,0.1396412,0.1609589,5.843246,0.1667702,0.1524767,7.283622
"2024-11-21 00:00:00",816,13.08517,0.1577042,0.1577182,3.866599,0.1389801,0.1580839,5.298229,0.1663716,0.15049,6.905443
"2024-11-21 12:00:00",817,12.87112,0.1567232,0.1544199,3.448311,0.1387667,0.1571266,5.13589,0.1663229,0.1497965,6.706297
"2024-11-22 00:00:00",818,13.05327,0.1568934,0.1552607,3.423481,0.1381815,0.1553865,4.775891,0.1658613,0.148253,6.399504
"2024-11-22 12:00:00",819,12.85013,0.1562908,0.153253,3.209513,0.1383274,0.1554258,4.786567,0.166232,0.1481348,6.296811
"2024-11-23 00:00:00",820,13.08349,0.1567555,0.1543923,3.225797,0.1381676,0.1541642,4.507061,0.1658975,0.1469355,6.068228
"2024-11-23 12:00:00",821,12.86944,0.156167,0.1528088,3.114997,0.1382692,0.154591,4.587955,0.1658698,0.1471472,6.022952
"2024-11-24 00:00:00",822,13.1112,0.1569609,0.1553621,3.327437,0.1381689,0.1541173,4.431529,0.1659448,0.1464647,5.864484
"2024-11-24 12:00:00",823,12.91225,0.1570897,0.155685,3.511255,0.138541,0.1555901,4.684906,0.166493,0.1472817,5.917135
"2024-11-25 00:00:00",824,13.12127,0.1583725,0.1603242,4.042323,0.1390221,0.1565525,4.784754,0.166591,0.1474085,5.910286
"2024-11-25 12:00:00",825,12.89882,0.1583786,0.1601412,4.203103,0.1396305,0.1588175,5.168065,0.1670717,0.1491045,6.104909
"2024-11-26 00:00:00",826,13.15736,0.158541,0.1608748,4.153554,0.1395041,0.1582021,5.012128,0.1671545,0.1491059,6.093436
"2024-11-26 12:00:00",827,12.95842,0.1597393,0.1633609,4.611579,0.1401942,0.1604809,5.344862,0.1674647,0.1502198,6.2005
"2024-11-27 00:00:00",828,13.17163,0.1598994,0.1630392,4.579825,0.1401752,0.1606603,5.40609,0.167748,0.1510805,6.297799
"2024-11-27 12:00:00",829,12.97185,0.1600202,0.1620471,4.428461,0.1402377,0.1601232,5.344174,0.1683769,0.1516857,6.295734
"2024-11-28 00:00:00",830,13.12714,0.160865,0.1637556,4.503585,0.1402343,0.1601778,5.316228,0.1690613,0.1522259,6.246415
"2024-11-28 12:00:00",831,12.90301,0.1607646,0.1602874,4.012162,0.139995,0.1591335,5.222314,0.1690307,0.1525454,6.245739
"2024-11-29 00:00:00",832,13.12295,0.1618037,0.160443,3.655465,0.1391258,0.1569424,4.827729,0.1691466,0.1515076,6.044517
"2024-11-29 12:00:00",833,12.8963,0.1620828,0.1592141,3.296668,0.1390885,0.1559159,4.661977,0.1692022,0.1510355,5.90218
"2024-11-30 00:00:00",834,13.10196,0.1629348,0.1593765,2.969175,0.1387503,0.1539595,4.300746,0.1685851,0.1499114,5.666517
"2024-11-30 12:00:00",835,12.88371,0.1635532,0.1591901,2.715569,0.1384346,0.1530413,4.125738,0.1686527,0.1491988,5.484113
"2024-12-01 00:00:00",836,13.10616,0.1640367,0.159471,2.479867,0.1382933,0.1516075,3.854714,0.1689511,0.1488844,5.275685
"2024-12-01 12:00:00",837,12.83418,0.1648989,0.1599112,2.338136,0.1381509,0.1510991,3.720591,0.1689448,0.1490526,5.113935
"2024-12-02 00:00:00",838,13.11287,0.1653603,0.1602499,2.174309,0.1377246,0.150186,3.527542,0.1687157,0.149217,4.94359
"2024-12-02 12:00:00",839,12.88455,0.1658031,0.1611894,2.12492,0.1378723,0.1498863,3.445622,0.1673298,0.148399,4.814196
"2024-12-03 00:00:00",840,13.09021,0.1667177,0.1620577,2.068435,0.1378296,0.1492992,3.333662,0.1653004,0.1455598,4.695356
"2024-12-03 12:00:00",841,12.88371,0.1670875,0.1630952,2.076728,0.1378226,0.1493583,3.321751,0.1652864,0.1456829,4.623129
"2024-12-04 00:00:00",842,13.12043,0.1679406,0.1640771,2.058332,0.1378733,0.1490069,3.244087,0.1652997,0.145643,4.540722
"2024-12-04 12:00:00",843,12.89882,0.168416,0.1650626,2.094283,0.1378435,0.1491977,3.269556,0.1660151,0.1458549,4.503991
"2024-12-05 00:00:00",844,13.1028,0.1691232,0.1666456,2.162987,0.137884,0.149092,3.231335,0.166005,0.145952,4.448667
"2024-12-05 12:00:00",845,12.89042,0.1697519,0.1672325,2.183769,0.1381897,0.149552,3.305295,0.1659592,0.1463566,4.457142
"2024-12-06 00:00:00",846,13.09776,0.1703452,0.168487,2.203135,0.1380809,0.1492842,3.234515,0.1660281,0.1463886,4.408266
"2024-12-06 12:00:00",847,12.88119,0.1703785,0.1687175,2.175862,0.138491,0.14961,3.291995,0.1666624,0.1468103,4.415118
"2024-12-07 00:00:00",848,13.09944,0.1707904,0.1693435,2.124166,0.1381404,0.1491016,3.182263,0.1666722,0.1467328,4.349634
"2024-12-07 12:00:00",849,12.88203,0.1710764,0.1695046,2.088788,0.138564,0.1492819,3.207256,0.1666379,0.1469861,4.33298
"2024-12-08 00:00:00",850,13.09273,0.1715121,0.1696095,1.975384,0.1381306,0.1486416,3.075923,0.1666608,0.1468442,4.26001
"2024-12-08 12:00:00",851,12.87112,0.1718232,0.1699301,1.948092,0.1385302,0.1486693,3.070292,0.1670004,0.1469377,4.215189
"2024-12-09 00:00:00",852,13.10532,0.1722368,0.1705959,1.927175,0.1382024,0.1483434,2.985328,0.1671286,0.1468205,4.145036
"2024-12-09 12:00:00",853,12.91896,0.1725163,0.1708176,1.89293,0.1385544,0.1484345,2.995019,0.1673948,0.1470036,4.115722
"2024-12-10 00:00:00",854,13.1112,0.1730004,0.171657,1.927992,0.1385581,0.1482567,2.939539,0.1673958,0.14702,4.058829
"2024-12-10 12:00:00",855,12.85601,0.1729059,0.1709296,1.772595,0.1386539,0.1480999,2.906405,0.1673787,0.1471681,4.028879
"2024-12-11 00:00:00",856,13.08182,0.1726242,0.1698758,1.53658,0.1381152,0.1470808,2.720459,0.1674104,0.1468282,3.925702
"2024-12-11 12:00:00",857,12.85936,0.1726733,0.1694722,1.401891,0.1381888,0.1465082,2.598594,0.1674434,0.146537,3.814253
"2024-12-12 00:00:00",858,13.09608,0.1727223,0.1690436,1.244187,0.1382873,0.1457365,2.445848,0.1674956,0.1461284,3.695403
"2024-12-12 12:00:00",859,12.83838,0.1727252,0.1690368,1.158,0.1382395,0.1453642,2.350216,0.1675058,0.1459977,3.589695
"2024-12-13 00:00:00",860,13.12966,0.1727641,0.1687071,1.024307,0.137666,0.1447319,2.219927,0.167546,0.1456539,3.48256
"2024-12-13 12:00:00",861,12.86692,0.1726981,0.1692833,1.018987,0.1376806,0.1446314,2.16535,0.1675629,0.1455377,3.392106
"2024-12-14 00:00:00",862,13.09944,0.1734199,0.1693254,0.9773017,0.1377034,0.14439,2.106725,0.1675777,0.1454189,3.320731
"2024-12-14 12:00:00",863,12.87028,0.1734636,0.169535,0.9489139,0.137751,0.1443234,2.075488,0.1677781,0.1455206,3.262915
"2024-12-15 00:00:00",864,13.03732,0.1734785,0.1694034,0.8686853,0.1377668,0.1439336,1.992669,0.1675814,0.1453864,3.196417
"2024-12-15 12:00:00",865,12.87447,0.1734021,0.1700758,0.9008919,0.1381486,0.1440941,1.982225,0.1682637,0.1454346,3.143285
"2024-12-16 00:00:00",866,13.09525,0.1737829,0.1701801,0.8793484,0.1383924,0.1440101,1.951437,0.1683166,0.1454544,3.102787
"2024-12-16 12:00:00",867,12.88119,0.1740537,0.1704356,0.8724014,0.1383331,0.1440965,1.944875,0.1682997,0.145668,3.071121
"2024-12-17 00:00:00",868,13.11959,0.1740782,0.1702186,0.8024043,0.1383119,0.1437822,1.880086,0.1682971,0.1456537,3.025785
"2024-12-17 12:00:00",869,12.92064,0.1740961,0.1709595,0.8587775,0.1385018,0.1440196,1.885165,0.1682962,0.1457084,2.988366
"2024-12-18 00:00:00",870,13.10196,0.1740743,0.171214,0.8861309,0.1384941,0.1441174,1.892282,0.1686845,0.1458694,2.972056
"2024-12-18 12:00:00",871,12.88371,0.174452,0.1714746,0.9042101,0.1384744,0.1442804,1.90715,0.1689993,0.1461284,2.964741
"2024-12-19 00:00:00",872,13.10364,0.1746636,0.1713608,0.8700626,0.1384886,0.1441625,1.876174,0.1689929,0.1462247,2.945332
"2024-12-19 12:00:00",873,12.87951,0.1748032,0.1717167,0.9022906,0.1384614,0.1443704,1.887126,0.1689733,0.1464023,2.928726
"2024-12-20 00:00:00",874,13.09105,0.1748193,0.1715494,0.8607967,0.1384809,0.1442212,1.857306,0.1691679,0.1465061,2.907107
"2024-12-20 12:00:00",875,12.82747,0.1748065,0.1716755,0.8615078,0.1388398,0.1443757,1.860119,0.1696904,0.1467219,2.891388
"2024-12-21 00:00:00",876,13.02137,0.1748528,0.1712704,0.7853494,0.1385004,0.1440426,1.797302,0.1696912,0.146734,2.860564
"2024-12-21 12:00:00",877,12.83922,0.174743,0.1713248,0.7719194,0.1390394,0.1441358,1.784614,0.1696721,0.1469091,2.828173
"2024-12-22 00:00:00",878,13.08517,0.1748074,0.1709451,0.6922181,0.1385353,0.1437677,1.712822,0.1696735,0.1468823,2.786843
"2024-12-22 12:00:00",879,12.88706,0.1747049,0.1710466,0.6827362,0.1392691,0.1438815,1.697322,0.170045,0.1470119,2.749903
"2024-12-23 00:00:00",880,13.14393,0.1747554,0.1707734,0.6329157,0.1387852,0.1436078,1.640313,0.1697215,0.146943,2.706831
"2024-12-23 12:00:00",881,12.93156,0.174803,0.1717123,0.7200235,0.1392682,0.1439398,1.666228,0.1703957,0.1470107,2.681046
"2024-12-24 00:00:00",882,13.10784,0.1752892,0.1720728,0.7760228,0.139235,0.1441626,1.697353,0.1703877,0.1472362,2.683414
"2024-12-24 12:00:00",883,12.8921,0.1755018,0.1725708,0.8511738,0.1391903,0.1445609,1.754036,0.1703406,0.1476036,2.702412
"2024-12-25 00:00:00",884,13.12211,0.1755024,0.172548,0.856165,0.1394105,0.1446825,1.763619,0.1704361,0.1478932,2.718339
"2024-12-25 12:00:00",885,12.96933,0.1757183,0.1730048,0.9242622,0.139889,0.1449962,1.803024,0.1710301,0.1481448,2.732822
"2024-12-26 00:00:00",886,13.13722,0.1765657,0.175686,1.223469,0.1400447,0.1459324,1.938357,0.1709809,0.1486394,2.77915
"2024-12-26 12:00:00",887,12.95086,0.1772612,0.1780811,1.705364,0.1406181,0.1478738,2.29721,0.1715581,0.1499583,2.964543
"2024-12-27 00:00:00",888,13.14897,0.1779774,0.1798542,1.915339,0.1410348,0.1487986,2.444025,0.1718253,0.1509743,3.107
"2024-12-27 12:00:00",889,12.95086,0.1785152,0.1810293,2.103816,0.1415111,0.1500465,2.643883,0.1721048,0.1520843,3.240958
"2024-12-28 00:00:00",890,13.17835,0.179202,0.1831917,2.334474,0.1417777,0.1510604,2.775678,0.1723421,0.1529901,3.340228
"2024-12-28 12:00:00",891,12.9601,0.1796939,0.1848013,2.551788,0.1422898,0.1524939,2.994794,0.1729478,0.1543515,3.481499
"2024-12-29 00:00:00",892,13.14729,0.1806213,0.1882071,2.877734,0.1428118,0.1538594,3.176938,0.1734455,0.1554633,3.60546
"2024-12-29 12:00:00",893,12.93995,0.1806402,0.1877325,2.901286,0.1431545,0.1550138,3.390902,0.1738304,0.1570158,3.789992
"2024-12-30 00:00:00",894,13.14813,0.1813494,0.1890726,2.898572,0.1433317,0.154845,3.334634,0.1744435,0.1574127,3.831966
"2024-12-30 12:00:00",895,12.90889,0.181577,0.1888649,2.918267,0.1435628,0.1556395,3.474567,0.1744348,0.1583787,3.928541
"2024-12-31 00:00:00",896,13.11875,0.1820356,0.1901605,2.926117,0.1435462,0.1554782,3.420031,0.174721,0.158622,3.944762
"2024-12-31 12:00:00",897,12.89798,0.1815601,0.1868858,2.529891,0.1435971,0.1549303,3.365875,0.1751245,0.1589917,3.97709
"2025-01-01 00:00:00",898,13.11203,0.1813752,0.1840379,2.016691,0.1429311,0.1526629,2.98,0.1749466,0.158083,3.83083
"2025-01-01 12:00:00",899,12.88035,0.1815168,0.1827995,1.754302,0.1428073,0.1515319,2.768817,0.1746168,0.157318,3.67208
