"TOA5","S2T","CR200X","23594","CR200X.Std.04","CSU_3depths_M3.CR2","60237","Table2"
"TIMESTAMP","RECORD","BattV_Min","VWC_1_Avg","EC_1_Avg","T_1_Avg","VWC_2_Avg","EC_2_Avg","T_2_Avg","VWC_3_Avg","EC_3_Avg","T_3_Avg"
"TS","RN","Volts","m^3/m^3","dS/m","Deg C","m^3/m^3","dS/m","Deg C","m^3/m^3","dS/m","Deg C"
"","","Min","Avg","Avg","Avg","Avg","Avg","Avg","Avg","Avg","Avg"
"2023-10-11 12:00:00",0,13.58128,0.1463751,0.1866307,13.55777,0.2016642,0.3598467,14.7627,0.2822737,0.4811014,15.55887
"2023-10-12 00:00:00",1,12.97772,0.1465018,0.1907856,14.41973,0.2010958,0.3597907,14.90979,0.2818719,0.4801276,15.49113
"2023-10-12 12:00:00",2,12.80816,0.1447983,0.1809141,12.71659,0.2012914,0.3563817,14.53068,0.2836416,0.4813096,15.41364
"2023-10-13 00:00:00",3,13.00794,0.1452765,0.1850733,13.31389,0.2001988,0.3519536,14.10718,0.2832054,0.4773382,15.03842
"2023-10-13 12:00:00",4,12.78801,0.1429484,0.1749785,11.52489,0.200066,0.3492928,13.81389,0.2844827,0.4781829,14.91954
"2023-10-14 00:00:00",5,12.97521,0.1437132,0.1812679,12.81617,0.1977756,0.344209,13.50227,0.2824621,0.4730433,14.517
"2023-10-14 12:00:00",6,12.78633,0.1401986,0.1659441,10.18079,0.1976021,0.33856,12.9646,0.2841114,0.4734577,14.35684
"2023-10-15 00:00:00",7,12.94415,0.1416787,0.1735352,11.72539,0.1960641,0.3343559,12.5933,0.2823554,0.4672889,13.84067
"2023-10-15 12:00:00",8,12.7687,0.1389367,0.1617332,9.599016,0.1959679,0.3313007,12.28031,0.2833375,0.4679243,13.72709
"2023-10-16 00:00:00",9,12.90469,0.1410951,0.1745602,12.19657,0.1938848,0.330334,12.33279,0.2808256,0.4634037,13.37523
"2023-10-16 12:00:00",10,12.77794,0.138245,0.1629495,10.13428,0.1940185,0.3302797,12.33432,0.2822336,0.4676533,13.51071
"2023-10-17 00:00:00",11,12.94163,0.1400177,0.1748139,12.64185,0.1917101,0.3293102,12.50877,0.2791921,0.4649816,13.31541
"2023-10-17 12:00:00",12,12.77122,0.1365133,0.1614162,10.22035,0.1916973,0.3283502,12.45735,0.2806468,0.4701103,13.51555
"2023-10-18 00:00:00",13,12.9559,0.1383307,0.1732892,12.81841,0.1893292,0.3263662,12.56161,0.2776806,0.4671426,13.29954
"2023-10-18 12:00:00",14,12.77206,0.134814,0.1604105,10.47493,0.1893427,0.3261248,12.57084,0.279127,0.4725692,13.52709
"2023-10-19 00:00:00",15,12.93156,0.1364309,0.1715427,12.973,0.1867714,0.3236597,12.67716,0.2758517,0.4696555,13.33891
"2023-10-19 12:00:00",16,12.7813,0.133055,0.1598774,10.86907,0.186841,0.324017,12.7311,0.2772518,0.4751636,13.58121
"2023-10-20 00:00:00",17,12.92232,0.1348761,0.1709612,13.38273,0.184371,0.3226461,12.94052,0.2736643,0.4734499,13.45859
"2023-10-20 12:00:00",18,12.7771,0.1309945,0.1573286,10.86243,0.1843784,0.3220172,12.88526,0.2749773,0.478911,13.70536
"2023-10-21 00:00:00",19,12.9198,0.1323205,0.1668005,13.10616,0.1818988,0.3188006,12.91655,0.2713548,0.4755788,13.50182
"2023-10-21 12:00:00",20,12.76283,0.1283065,0.1524435,10.41752,0.181757,0.3167748,12.70796,0.272825,0.4797223,13.65401
"2023-10-22 00:00:00",21,12.92736,0.1299039,0.1626472,12.86151,0.1792802,0.3134724,12.70029,0.268875,0.4752192,13.37736
"2023-10-22 12:00:00",22,12.76703,0.1259542,0.1496569,10.38062,0.1792798,0.3127501,12.59366,0.2703363,0.4796828,13.5365
"2023-10-23 00:00:00",23,12.93156,0.1281833,0.1600684,12.82746,0.177284,0.3103477,12.61621,0.266681,0.4757193,13.28881
"2023-10-23 12:00:00",24,12.79389,0.1250713,0.150453,10.99395,0.1775769,0.3117897,12.6955,0.2681273,0.4809871,13.494
"2023-10-24 00:00:00",25,12.93995,0.1273141,0.1603707,13.28837,0.1758179,0.3114271,12.90981,0.2645568,0.4789989,13.38939
"2023-10-24 12:00:00",26,12.76199,0.1232714,0.1461832,10.43316,0.175919,0.3097926,12.68365,0.266246,0.4840603,13.56442
"2023-10-25 00:00:00",27,12.95002,0.1246652,0.1548259,12.53483,0.1740944,0.3066436,12.54083,0.2630616,0.4794722,13.25259
"2023-10-25 12:00:00",28,12.75863,0.1211862,0.1415803,9.826474,0.1741939,0.3046882,12.25903,0.2646892,0.4830581,13.31511
"2023-10-26 00:00:00",29,12.93491,0.1231398,0.1522321,12.30674,0.1727207,0.3030747,12.2196,0.2616337,0.4785832,12.98714
"2023-10-26 12:00:00",30,12.76703,0.1205829,0.1411828,10.05684,0.1730349,0.303011,12.10672,0.2632101,0.4831179,13.10313
"2023-10-27 00:00:00",31,13.00878,0.1221322,0.1485382,11.76486,0.1722441,0.3022186,12.06624,0.26127,0.4803167,12.85281
"2023-10-27 12:00:00",32,12.78969,0.1185718,0.1373485,9.440404,0.172369,0.3002026,11.72035,0.263116,0.4839611,12.85572
"2023-10-28 00:00:00",33,12.98696,0.1217842,0.1459187,11.37706,0.1715343,0.2996085,11.6376,0.2613412,0.4801806,12.52917
"2023-10-28 12:00:00",34,12.83922,0.1199703,0.1414649,10.51888,0.1719067,0.3015626,11.69375,0.2628221,0.4842919,12.59787
"2023-10-29 00:00:00",35,12.9794,0.1219819,0.1495405,12.1093,0.1721165,0.3051748,12.07143,0.2613542,0.4846056,12.60454
"2023-10-29 12:00:00",36,12.76787,0.1179272,0.1363569,9.346426,0.1721694,0.3026804,11.70438,0.2631019,0.4901655,12.70009
"2023-10-30 00:00:00",37,13.03732,0.1171994,0.1347954,9.001504,0.1709103,0.295518,10.89187,0.2624025,0.4849575,12.21241
"2023-10-30 12:00:00",38,12.72757,0.1128417,0.1180587,5.390118,0.1698966,0.2831725,9.582305,0.2637044,0.4798284,11.65711
"2023-10-31 00:00:00",39,12.95506,0.1154518,0.1245741,7.043435,0.1692723,0.2785732,8.918273,0.2631712,0.4699203,10.82289
"2023-10-31 12:00:00",40,12.72254,0.1108617,0.113379,4.474189,0.1690967,0.2734403,8.303783,0.2642286,0.4673674,10.47029
"2023-11-01 00:00:00",41,12.96681,0.1148373,0.1234378,6.855484,0.1691692,0.273587,8.154344,0.2636698,0.461245,9.922823
"2023-11-01 12:00:00",42,12.73345,0.1108805,0.1136171,4.564166,0.1690151,0.2719944,7.902884,0.2646742,0.4622675,9.843671
"2023-11-02 00:00:00",43,12.96429,0.1154921,0.125279,7.320421,0.1691577,0.2743329,8.001424,0.2639293,0.4588448,9.499647
"2023-11-02 12:00:00",44,12.72841,0.1112687,0.1148393,4.84842,0.1692185,0.2740881,7.898439,0.2649123,0.4620152,9.586105
"2023-11-03 00:00:00",45,12.94918,0.1159247,0.1269692,7.67444,0.1693004,0.2755192,7.969741,0.2641649,0.459262,9.297461
"2023-11-03 12:00:00",46,12.74772,0.112706,0.118588,5.765742,0.1696428,0.2780609,8.155945,0.2652192,0.4643787,9.523523
"2023-11-04 00:00:00",47,12.9282,0.1162063,0.1294404,8.181919,0.1694771,0.2803696,8.372371,0.2642623,0.463768,9.407231
"2023-11-04 12:00:00",48,12.73932,0.112482,0.1182492,5.716823,0.1695876,0.2794345,8.25725,0.2654655,0.4682563,9.589986
"2023-11-05 00:00:00",49,12.93239,0.1161667,0.1304806,8.485358,0.1695464,0.2814013,8.417613,0.2642018,0.4666471,9.39522
"2023-11-05 12:00:00",50,12.75863,0.1137681,0.1217029,6.569014,0.16991,0.2833264,8.578605,0.2656317,0.4725702,9.668227
"2023-11-06 00:00:00",51,12.96513,0.1160347,0.1323054,8.982279,0.1698612,0.2855079,8.765989,0.2645228,0.4724008,9.576956
"2023-12-26 12:00:00",152,12.65706,0.2259382,0.2154586,0.7219849,0.1822132,0.2708981,2.200482,0.2764196,0.4421107,3.448431
"2023-12-27 00:00:00",153,13.11371,0.2206222,0.2088649,0.5159841,0.1817694,0.2686902,1.922438,0.2761724,0.4388893,3.220709
"2023-12-27 12:00:00",154,12.68644,0.2159221,0.2028482,0.2932493,0.1819447,0.2672351,1.722707,0.2761832,0.4362757,3.026684
"2023-12-28 00:00:00",155,13.06838,0.20448,0.1925827,0.1528269,0.1821207,0.2655334,1.49779,0.2758904,0.4335414,2.832038
"2023-12-28 12:00:00",156,12.69651,0.1819522,0.169793,-0.09541126,0.1814458,0.2647023,1.350338,0.2758479,0.4314664,2.672966
"2023-12-29 00:00:00",157,13.07846,0.1483078,0.1338699,-0.1494054,0.1816076,0.2633146,1.1573,0.2760545,0.4291591,2.505173
"2023-12-29 12:00:00",158,12.7091,0.1357519,0.116335,-0.5995985,0.1816635,0.2628757,1.050413,0.2755016,0.427524,2.376471
"2023-12-30 00:00:00",159,13.02306,0.1306666,0.1079843,-0.3961678,0.1818105,0.2616505,0.8753873,0.2756235,0.425427,2.226433
"2023-12-30 12:00:00",160,12.68728,0.1246086,0.09872729,-0.9343207,0.1817769,0.2619074,0.7970168,0.2757349,0.4242194,2.124645
"2023-12-31 00:00:00",161,13.09189,0.1246814,0.0977431,-0.5316083,0.1819632,0.260372,0.6398558,0.2754709,0.4222374,1.984422
"2023-12-31 12:00:00",162,12.72841,0.1250545,0.0982004,-0.6639685,0.1826406,0.2612742,0.6504095,0.2751971,0.42154,1.918749
"2024-01-01 00:00:00",163,13.06754,0.1280791,0.1026301,-0.3952486,0.1826662,0.2613137,0.6135349,0.2752668,0.4208205,1.866367
"2024-01-01 12:00:00",164,12.70071,0.1257033,0.09830929,-0.8349977,0.1833038,0.262125,0.6294434,0.2752724,0.4207516,1.841314
"2024-01-02 00:00:00",165,13.0197,0.1260262,0.09807876,-0.5156404,0.1838024,0.261323,0.5270509,0.2753634,0.4197729,1.769993
"2024-01-02 12:00:00",166,12.69315,0.1222661,0.09235489,-1.041285,0.1842931,0.2619753,0.5188928,0.275397,0.4193943,1.731782
"2024-01-03 00:00:00",167,13.04572,0.1234427,0.09406666,-0.6477193,0.1843953,0.2608224,0.3938358,0.2751765,0.4180953,1.636057
"2024-01-03 12:00:00",168,12.70155,0.1190234,0.08785846,-1.228485,0.1842259,0.2611648,0.3747401,0.2754772,0.4176668,1.592598
"2024-01-04 00:00:00",169,13.07174,0.1216189,0.09156077,-0.663917,0.1843208,0.2597666,0.258121,0.2749031,0.4162236,1.48996
"2024-01-04 12:00:00",170,12.77038,0.1265252,0.09828807,-0.4929639,0.1839732,0.2609802,0.3431065,0.2748916,0.4163606,1.480167
"2024-01-05 00:00:00",171,13.03565,0.1303328,0.104665,-0.30964,0.1842124,0.2618692,0.4114773,0.2748336,0.416973,1.512807
"2024-01-05 12:00:00",172,12.69232,0.1353933,0.1109116,-0.3341873,0.1841166,0.2627377,0.4849274,0.2747721,0.4176563,1.54693
"2024-01-06 00:00:00",173,13.0986,0.1368612,0.1130587,-0.2446375,0.1840364,0.2634326,0.5353246,0.2747149,0.4182692,1.581447
"2024-01-06 12:00:00",174,12.73764,0.1410738,0.1187616,-0.3033556,0.1839622,0.2640421,0.5813984,0.2746989,0.418809,1.608194
"2024-01-07 00:00:00",175,13.16828,0.1391864,0.1147823,-0.2656576,0.1839177,0.2644224,0.6047338,0.2746546,0.4191957,1.626204
"2024-01-07 12:00:00",176,12.74352,0.1404303,0.1172275,-0.2978653,0.1845592,0.2647997,0.6244371,0.2749557,0.4194575,1.633512
"2024-01-08 00:00:00",177,13.15736,0.1430166,0.1208592,-0.1765654,0.1846528,0.2651037,0.6370542,0.2746186,0.4195904,1.637971
"2024-01-08 12:00:00",178,12.77206,0.1462516,0.1259191,-0.1930092,0.1845876,0.2656323,0.6654235,0.2746238,0.4198671,1.645911
"2024-01-09 00:00:00",179,13.20605,0.1470263,0.1267838,-0.175902,0.184545,0.2659733,0.6811112,0.2748282,0.420047,1.655467
"2024-01-09 12:00:00",180,12.69819,0.1328386,0.1071959,-0.7636824,0.1845475,0.2659611,0.6479967,0.2753157,0.4200968,1.650448
"2024-01-10 00:00:00",181,13.21864,0.1267148,0.09501594,-0.5814266,0.1847126,0.2643937,0.4961079,0.2746544,0.4189627,1.565991
"2024-01-10 12:00:00",182,12.74016,0.1215627,0.08711766,-1.042451,0.1842314,0.2634311,0.3848903,0.2747532,0.4178559,1.481516
"2024-01-11 00:00:00",183,13.17499,0.124349,0.09120817,-0.6236825,0.1841753,0.2622725,0.2752288,0.2748912,0.41636,1.371549
"2024-01-11 12:00:00",184,12.76787,0.125149,0.09210615,-0.6324679,0.1846777,0.2630273,0.2942838,0.2749056,0.4161781,1.342178
"2024-01-12 00:00:00",185,13.21696,0.1285657,0.0970122,-0.4584869,0.1848544,0.2632856,0.3128497,0.2748884,0.4162111,1.334096
"2024-01-12 12:00:00",186,12.69064,0.1189635,0.08388625,-1.350471,0.1847676,0.2632293,0.2796357,0.2748953,0.4163074,1.329785
"2024-01-13 00:00:00",187,13.20521,0.1181405,0.08303042,-1.009424,0.1844087,0.2603331,0.09840657,0.274341,0.4143328,1.205829
"2024-01-13 12:00:00",188,12.76535,0.115039,0.07912531,-1.373564,0.1844399,0.2592394,0.03335748,0.2743817,0.4134049,1.126764
"2024-01-14 00:00:00",189,13.0986,0.1208783,0.08696411,-0.6600267,0.1834148,0.2564656,-0.02326594,0.2744941,0.4121334,1.038525
"2024-01-14 12:00:00",190,12.78549,0.1276385,0.09568142,-0.4121985,0.1832309,0.2577224,0.06147842,0.2744352,0.412817,1.056111
"2024-01-15 00:00:00",191,13.03313,0.1316446,0.1026152,-0.2881596,0.1837265,0.2592513,0.1411076,0.2743405,0.4137992,1.113106
"2024-01-15 12:00:00",192,12.75527,0.1388808,0.1130512,-0.194902,0.1839359,0.2607658,0.2228931,0.274245,0.4148698,1.172618
"2024-01-16 00:00:00",193,13.22032,0.1438834,0.1208156,-0.1737512,0.1841748,0.2622777,0.3121317,0.274151,0.4158684,1.236879
"2024-01-16 12:00:00",194,12.7133,0.1333784,0.1057092,-0.7364264,0.1840344,0.2634419,0.386055,0.2741357,0.4167937,1.293137
"2024-01-17 00:00:00",195,13.13302,0.1274784,0.09440219,-0.579214,0.1841132,0.26279,0.3312756,0.2740871,0.4165536,1.284073
"2024-01-17 12:00:00",196,12.74268,0.1211325,0.08542185,-1.093539,0.1841863,0.2621928,0.2566521,0.2741324,0.4160794,1.240285
"2024-01-18 00:00:00",197,13.23375,0.1223146,0.08610986,-0.7254766,0.1843623,0.2607345,0.1538494,0.2742445,0.4148419,1.157172
"2024-01-18 12:00:00",198,12.76703,0.1229401,0.08595034,-0.7643159,0.1844129,0.2610699,0.1507801,0.274269,0.4145862,1.127842
"2024-01-19 00:00:00",199,13.12043,0.1269875,0.09293298,-0.4391552,0.1845846,0.2609581,0.147524,0.2742894,0.414347,1.10856
"2024-01-19 12:00:00",200,12.73932,0.1269458,0.09355684,-0.6659068,0.1850101,0.2620859,0.2069688,0.2742435,0.414901,1.129019
"2024-01-20 00:00:00",201,13.08769,0.1282996,0.09485955,-0.4087662,0.1850625,0.2616538,0.1913807,0.2742331,0.4149781,1.128418
"2024-01-20 12:00:00",202,12.71414,0.1337671,0.1031067,-0.3413099,0.1849592,0.2625202,0.2458355,0.2742001,0.4153533,1.144372
"2024-01-21 00:00:00",203,13.08265,0.1350368,0.1051733,-0.2717053,0.1848793,0.263203,0.291133,0.2741378,0.415996,1.177555
"2024-01-21 12:00:00",204,12.78717,0.1421728,0.1168116,-0.1671627,0.184983,0.2637965,0.3340317,0.2740827,0.4166035,1.207393
"2024-01-22 00:00:00",205,13.05243,0.1483562,0.1268312,-0.1326471,0.1855287,0.2645918,0.3848201,0.2740209,0.4172719,1.244659
"2024-01-22 12:00:00",206,12.79305,0.1559244,0.1378092,-0.09846254,0.1854453,0.265275,0.4319073,0.2739632,0.4179097,1.283428
"2024-01-23 00:00:00",207,13.03648,0.1768676,0.1590016,-0.07528337,0.1860828,0.2666042,0.5058297,0.273888,0.4187257,1.328773
"2024-01-23 12:00:00",208,12.77626,0.2167799,0.1989861,-0.03195451,0.1863072,0.2687044,0.6607155,0.273718,0.4205438,1.437009
"2024-01-24 00:00:00",209,13.04068,0.2268152,0.2192705,0.2317857,0.1870231,0.2741853,1.003044,0.2738834,0.423241,1.601651
"2024-01-24 12:00:00",210,12.77458,0.2281462,0.2160566,0.8884862,0.1879725,0.2782338,1.508509,0.2743538,0.4287486,1.974861
"2024-01-25 00:00:00",211,13.05663,0.2298348,0.228539,2.668346,0.1885259,0.2831702,1.999483,0.2743864,0.4315088,2.184667
"2024-01-25 12:00:00",212,12.7729,0.2277724,0.218147,1.591177,0.1890579,0.2852985,2.23051,0.2745609,0.4367169,2.544439
"2024-01-26 00:00:00",213,13.06838,0.2287146,0.2284228,2.963283,0.1893238,0.2870871,2.334943,0.2745055,0.437303,2.577732
"2024-01-26 12:00:00",214,12.78969,0.2273599,0.2236231,2.445629,0.1900782,0.2913509,2.709333,0.2746388,0.4420697,2.887316
"2024-01-27 00:00:00",215,13.0516,0.2279764,0.231781,3.409296,0.1903733,0.2940241,2.870462,0.2746717,0.4438249,2.99865
"2024-01-27 12:00:00",216,12.72589,0.2249978,0.2157298,1.611544,0.1904223,0.2924694,2.743032,0.2745449,0.4465837,3.18121
"2024-01-28 00:00:00",217,13.0197,0.2246311,0.2183142,2.023512,0.1903404,0.2887883,2.337748,0.2746364,0.4430817,2.95622
"2024-01-28 12:00:00",218,12.74184,0.2231435,0.2103972,1.173564,0.19041,0.2879376,2.252847,0.2746012,0.4428564,2.925302
"2024-01-29 00:00:00",219,13.00375,0.2234628,0.2179938,2.18775,0.1907812,0.2882004,2.191835,0.2741659,0.440838,2.788326
"2024-01-29 12:00:00",220,12.74352,0.221901,0.209832,1.269859,0.1910303,0.2892043,2.277875,0.2739986,0.4426267,2.894891
"2024-01-30 00:00:00",221,12.95842,0.2227744,0.2204434,2.620933,0.1916214,0.2909178,2.326488,0.274148,0.4415975,2.822646
"2024-01-30 12:00:00",222,12.74856,0.2208442,0.2110416,1.589976,0.1923279,0.2931134,2.523644,0.2745763,0.4448044,3.026728
"2024-01-31 00:00:00",223,12.94163,0.2220316,0.222545,3.037656,0.1938086,0.2966947,2.58745,0.2741502,0.4442756,2.986782
"2024-01-31 12:00:00",224,12.72673,0.219606,0.2103917,1.659372,0.1941161,0.2981363,2.719085,0.274305,0.4476344,3.205601
"2024-02-01 00:00:00",225,12.97521,0.2205306,0.220566,2.962388,0.1938176,0.2995885,2.644152,0.2744529,0.4461063,3.102102
"2024-02-01 12:00:00",226,12.69987,0.2184723,0.2103217,1.866275,0.1941072,0.3011337,2.799742,0.274168,0.4490476,3.285747
"2024-02-02 00:00:00",227,13.01382,0.2196268,0.2223798,3.512538,0.1946585,0.3024972,2.871316,0.2742895,0.4482307,3.230533
"2024-02-02 12:00:00",228,12.82075,0.2202098,0.2251477,3.916003,0.1959897,0.3113957,3.580414,0.2744723,0.45408,3.60281
"2024-02-03 00:00:00",229,13.07342,0.2213055,0.2338552,5.013123,0.1969836,0.3178881,4.053007,0.2747179,0.4587631,3.910528
"2024-02-03 12:00:00",230,12.81068,0.2200143,0.2264263,4.126657,0.1975307,0.3209384,4.25412,0.2751057,0.4638394,4.246824
"2024-02-04 00:00:00",231,13.07594,0.2206324,0.2325626,4.907903,0.1976939,0.3221093,4.298038,0.2750226,0.4646826,4.305439
"2024-02-04 12:00:00",232,12.75359,0.218183,0.2190247,3.247097,0.1979095,0.321777,4.19633,0.2747898,0.4670057,4.449951
"2024-02-05 00:00:00",233,13.06838,0.2182825,0.2237851,3.800101,0.1975792,0.3182516,3.799001,0.2748514,0.4636293,4.224338
"2024-02-05 12:00:00",234,12.77206,0.215663,0.209714,2.207706,0.1973855,0.314494,3.513117,0.2748583,0.4629783,4.165496
"2024-02-06 00:00:00",235,13.03565,0.2173372,0.2239791,4.066057,0.1979752,0.3170394,3.526334,0.2747014,0.4598467,3.953215
"2024-02-06 12:00:00",236,12.79809,0.2160581,0.2178398,3.413972,0.1987969,0.3223941,3.878948,0.2745798,0.4635707,4.181679
"2024-02-07 00:00:00",237,13.00962,0.2166644,0.2256846,4.492378,0.199153,0.3248326,3.977985,0.2746271,0.4639571,4.206053
"2024-02-07 12:00:00",238,12.81907,0.2163232,0.2246732,4.420103,0.199788,0.3307646,4.368382,0.2746954,0.4679656,4.458236
"2024-02-08 00:00:00",239,13.03732,0.2165343,0.2295295,5.077906,0.2005391,0.3343391,4.52842,0.2747976,0.470062,4.583786
"2024-02-08 12:00:00",240,12.76954,0.214717,0.2208193,4.035845,0.2011699,0.336854,4.607486,0.2749804,0.4730958,4.776942
"2024-02-09 00:00:00",241,13.09273,0.2151216,0.2267225,4.821124,0.2014536,0.3375013,4.463431,0.2751077,0.4718409,4.694105
"2024-02-09 12:00:00",242,12.78214,0.2132104,0.2167725,3.639515,0.2015078,0.3363552,4.428504,0.2749463,0.4734182,4.780662
"2024-02-10 00:00:00",243,13.18674,0.2220607,0.2249275,3.390659,0.2012668,0.3322809,4.035358,0.2745871,0.4704733,4.593659
"2024-02-10 12:00:00",244,12.73764,0.2320898,0.2248427,2.277569,0.2009814,0.3277368,3.627828,0.2745848,0.4676101,4.402449
"2024-02-11 00:00:00",245,13.19598,0.2344433,0.2338073,3.261379,0.2011099,0.327105,3.43237,0.2743309,0.4635831,4.12534
"2024-02-11 12:00:00",246,12.72338,0.2323883,0.2204258,1.763036,0.2010121,0.3250506,3.250425,0.2743001,0.4631277,4.080375
"2024-02-12 00:00:00",247,13.12882,0.2316536,0.2221894,2.150426,0.2009484,0.3212302,2.838478,0.2740546,0.4583171,3.765591
"2024-02-12 12:00:00",248,12.73513,0.2301014,0.21483,1.362211,0.2010313,0.3202338,2.709733,0.2739618,0.4568381,3.646855
"2024-02-13 00:00:00",249,13.1666,0.2296851,0.2197957,2.104954,0.2014066,0.3196351,2.562311,0.2737046,0.4537666,3.438533
"2024-02-13 12:00:00",250,12.72925,0.2282885,0.2126022,1.293874,0.2014135,0.3200291,2.55963,0.2736888,0.4539546,3.433501
"2024-02-14 00:00:00",251,13.07678,0.2279574,0.2181976,2.077857,0.201816,0.3195362,2.43098,0.2733445,0.4515287,3.268033
"2024-02-14 12:00:00",252,12.7687,0.22725,0.2130486,1.564573,0.2020681,0.3213629,2.562294,0.2737587,0.4526831,3.327446
"2024-02-15 00:00:00",253,13.04572,0.229193,0.2302124,3.662708,0.2028512,0.3269179,2.904636,0.2734519,0.4530047,3.340452
"2024-02-15 12:00:00",254,12.76283,0.2273173,0.2201941,2.550689,0.2035227,0.3313057,3.279908,0.2739558,0.4583689,3.678853
"2024-02-16 00:00:00",255,13.03481,0.2280152,0.2297726,3.827532,0.204027,0.3330878,3.347189,0.2736784,0.4585856,3.688901
"2024-02-16 12:00:00",256,12.75108,0.2260779,0.2198354,2.686538,0.2045563,0.3347754,3.503218,0.2736893,0.4620259,3.913468
"2024-02-17 00:00:00",257,13.05915,0.2277841,0.2350971,4.556987,0.2049906,0.338291,3.654881,0.2738309,0.4618091,3.890126
"2024-02-17 12:00:00",258,12.7494,0.2257949,0.2247231,3.384181,0.2055998,0.3426783,4.015326,0.2739838,0.4670736,4.218818
"2024-02-18 00:00:00",259,13.08937,0.2258024,0.2290458,3.940717,0.206042,0.3410939,3.804903,0.2740695,0.466224,4.164809
"2024-02-18 12:00:00",260,12.74772,0.2228833,0.2135821,2.194373,0.2058701,0.3377155,3.54455,0.2739879,0.4665953,4.182423
"2024-02-19 00:00:00",261,13.09357,0.2231272,0.2208772,3.136117,0.2058781,0.3356608,3.295868,0.2736242,0.4626718,3.92467
"2024-02-19 12:00:00",262,12.71078,0.2208508,0.20966,1.830264,0.2060191,0.3348724,3.22572,0.2735857,0.4630611,3.94387
"2024-02-20 00:00:00",263,13.0155,0.2224756,0.2246742,3.716542,0.2063634,0.3359154,3.19324,0.27349,0.460198,3.748726
"2024-02-20 12:00:00",264,12.7687,0.2212909,0.2188284,3.054468,0.2071707,0.3414444,3.643456,0.2734295,0.4647126,4.017173
"2024-02-21 00:00:00",265,13.02054,0.2232081,0.2331338,4.648219,0.2076644,0.3449949,3.875801,0.2736252,0.46569,4.082162
"2024-02-21 12:00:00",266,12.78298,0.2221641,0.2287212,4.139857,0.2082143,0.3506276,4.335524,0.27405,0.4711732,4.429914
"2024-02-22 00:00:00",267,13.05831,0.2230571,0.238021,5.343482,0.2089616,0.3533811,4.4965,0.2738355,0.4728814,4.534319
"2024-02-22 12:00:00",268,12.75359,0.2201931,0.2234184,3.633254,0.209082,0.3534028,4.530603,0.2740648,0.4765143,4.770161
"2024-02-23 00:00:00",269,13.06083,0.2214643,0.2359027,5.189385,0.2093134,0.3535396,4.441188,0.2740359,0.4745315,4.638257
"2024-02-23 12:00:00",270,12.72254,0.2175946,0.216363,2.934953,0.2091927,0.3509403,4.260717,0.2738594,0.4765458,4.757749
"2024-02-24 00:00:00",271,12.99451,0.2162048,0.228429,4.569709,0.2094545,0.3513261,4.15208,0.2737651,0.4728984,4.5135
"2024-02-24 12:00:00",272,12.72086,0.2126496,0.2093605,2.393607,0.209261,0.348462,3.953569,0.2739046,0.4744705,4.605315
"2024-02-25 00:00:00",273,12.96261,0.2143092,0.2255932,4.466341,0.2095767,0.3500224,3.966691,0.2736804,0.4711513,4.385047
"2024-02-25 12:00:00",274,12.72841,0.2112164,0.2087183,2.491576,0.2096097,0.348637,3.904905,0.2738442,0.4737307,4.533599
"2024-02-26 00:00:00",275,12.91141,0.2135608,0.2292083,5.05123,0.2100599,0.3531365,4.141589,0.2737251,0.471843,4.404801
"2024-02-26 12:00:00",276,12.75779,0.2107879,0.2153428,3.52982,0.2105351,0.3554533,4.373882,0.2737782,0.4770587,4.723718
"2024-02-27 00:00:00",277,12.94499,0.2128238,0.2343516,6.06852,0.2112512,0.3607425,4.719189,0.2739418,0.4774378,4.739502
"2024-02-27 12:00:00",278,12.85349,0.2113038,0.2293124,5.527374,0.2116675,0.3679012,5.298034,0.2738773,0.4845868,5.183397
"2024-02-28 00:00:00",279,13.11707,0.2101023,0.2283755,5.449451,0.2120664,0.3690019,5.399712,0.2743823,0.4863107,5.372228
"2024-02-28 12:00:00",280,12.67972,0.2052811,0.2028349,2.390929,0.2110972,0.3564633,4.477978,0.2743033,0.4839822,5.246659
"2024-02-29 00:00:00",281,13.03984,0.206033,0.2140146,3.837211,0.2108067,0.3530584,4.071999,0.2738225,0.4766811,4.75595
"2024-02-29 12:00:00",282,12.70575,0.2027118,0.1967808,1.821057,0.210568,0.3482877,3.731838,0.2737761,0.475488,4.664171
"2024-03-01 00:00:00",283,12.99535,0.2044685,0.2143533,4.048819,0.210984,0.3500189,3.753331,0.2737805,0.4698937,4.36798
"2024-03-01 12:00:00",284,12.741,0.2018168,0.2001239,2.443572,0.211001,0.3500652,3.799464,0.2739406,0.4728042,4.513997
"2024-03-02 00:00:00",285,12.96681,0.2044666,0.2213353,5.385548,0.211699,0.3564284,4.204145,0.2736378,0.4725933,4.447357
"2024-03-02 12:00:00",286,12.85433,0.2028035,0.2153301,4.738625,0.2125397,0.3623506,4.723981,0.273597,0.4790187,4.858122
"2024-03-03 00:00:00",287,12.93407,0.2046829,0.2319296,7.059786,0.2131092,0.3719147,5.411119,0.2739559,0.4840573,5.124976
"2024-03-03 12:00:00",288,12.76619,0.2021383,0.2184812,5.260491,0.213786,0.3744747,5.670567,0.273855,0.4919759,5.579677
"2024-03-04 00:00:00",289,13.02809,0.2067634,0.230503,5.714657,0.2138456,0.3719814,5.439146,0.2739404,0.491148,5.547519
"2024-03-04 12:00:00",290,12.75863,0.2101751,0.2228211,4.472506,0.2137399,0.369305,5.251156,0.2739106,0.491435,5.576014
"2024-03-05 00:00:00",291,13.09357,0.2182554,0.2358316,4.956149,0.2125342,0.3675923,5.041603,0.27373,0.4858203,5.398264
"2024-03-05 12:00:00",292,12.78717,0.2210054,0.2278965,3.957666,0.2125342,0.3655713,4.880738,0.2736699,0.4856952,5.398248
"2024-03-06 00:00:00",293,12.98192,0.224544,0.2439797,5.880469,0.2136803,0.3705918,5.13879,0.2735531,0.4849932,5.30818
"2024-03-06 12:00:00",294,12.77374,0.2224283,0.2289938,4.137666,0.2135982,0.3702753,5.105822,0.2734837,0.4877973,5.508443
"2024-03-07 00:00:00",295,13.00543,0.224992,0.2492734,6.607282,0.2143543,0.3762088,5.39945,0.2736481,0.4870811,5.436949
"2024-03-07 12:00:00",296,12.8006,0.2234651,0.2361382,5.203323,0.2154869,0.3789643,5.605942,0.2740996,0.4928809,5.754103
"2024-03-08 00:00:00",297,12.99283,0.2258369,0.2514126,7.084937,0.2168542,0.3852191,5.948952,0.2744043,0.49482,5.809113
"2024-03-08 12:00:00",298,12.79641,0.2231347,0.2362728,5.467894,0.2168846,0.3845418,5.932937,0.2745383,0.4992458,6.07344
"2024-03-09 00:00:00",299,13.06335,0.2237511,0.2480444,6.830836,0.2176015,0.3889328,6.152522,0.2742477,0.5000218,6.066918
"2024-03-09 12:00:00",300,12.73764,0.2192874,0.2225375,3.882576,0.2169498,0.3799799,5.530863,0.2744357,0.4998082,6.093419
"2024-03-10 00:00:00",301,12.98276,0.2208902,0.2417495,6.165833,0.2172945,0.3816941,5.487564,0.2740316,0.495104,5.760003
"2024-03-10 12:00:00",302,12.7368,0.217038,0.2203918,3.773691,0.2171131,0.3784681,5.297239,0.274161,0.4970907,5.880446
"2024-03-11 00:00:00",303,12.94415,0.2189761,0.2419877,6.462623,0.2176945,0.3825997,5.471405,0.2739578,0.4938885,5.670018
"2024-03-11 12:00:00",304,12.75191,0.2142865,0.2244705,4.462953,0.2168489,0.3824026,5.53715,0.2739094,0.4968739,5.933294
"2024-03-12 00:00:00",305,12.95674,0.2198493,0.2493554,7.405897,0.2193427,0.389309,5.899221,0.2742809,0.4972774,5.871692
"2024-03-12 12:00:00",306,12.77374,0.2188174,0.2374513,5.820242,0.2207137,0.3935814,6.232659,0.2746783,0.5036735,6.271969
"2024-03-13 00:00:00",307,12.97856,0.2179746,0.2519105,7.719691,0.2202266,0.3977437,6.476927,0.2740836,0.5033413,6.310154
"2024-03-13 12:00:00",308,12.81655,0.2155679,0.241059,6.575759,0.2205072,0.400391,6.693896,0.2744196,0.5085051,6.619594
"2024-03-14 00:00:00",309,13.1305,0.2176819,0.2436883,6.683894,0.2207239,0.3998475,6.575264,0.2739863,0.5090606,6.607767
"2024-03-14 12:00:00",310,12.79473,0.2174373,0.2301369,4.827072,0.2196321,0.3907187,6.001889,0.2738889,0.5062303,6.507025
"2024-03-15 00:00:00",311,13.0071,0.2207584,0.2489452,6.925651,0.2200395,0.3942805,6.104163,0.2737319,0.5028068,6.266201
"2024-03-15 12:00:00",312,12.8006,0.2196269,0.2368063,5.523895,0.2203257,0.395203,6.174389,0.2739942,0.5060857,6.455785
"2024-03-16 00:00:00",313,13.08349,0.2220487,0.2514125,7.071649,0.220471,0.3989694,6.356025,0.2737239,0.5055361,6.400013
"2024-03-16 12:00:00",314,12.75443,0.2197207,0.2324329,4.937148,0.2207632,0.3947525,6.107003,0.2738511,0.5079653,6.517567
"2024-03-17 00:00:00",315,12.95086,0.2240724,0.2497732,6.938386,0.2223324,0.3960904,6.097662,0.2739811,0.506586,6.289596
"2024-03-17 12:00:00",316,12.8006,0.2264828,0.2465284,6.181403,0.221931,0.3996863,6.407159,0.2739736,0.509788,6.542692
"2024-03-18 00:00:00",317,12.98612,0.2322852,0.2763412,8.713443,0.2220766,0.4116148,7.050655,0.2738944,0.5115076,6.688299
"2024-03-18 12:00:00",318,12.77374,0.2301667,0.2525336,6.156837,0.2223027,0.4096622,7.010262,0.274217,0.5180473,7.092836
"2024-03-19 00:00:00",319,12.95422,0.2324803,0.2799335,8.932199,0.2232032,0.4166705,7.310572,0.2740361,0.5171868,7.008296
"2024-03-19 12:00:00",320,12.77458,0.2285695,0.2535248,6.340373,0.2230293,0.4137297,7.218022,0.2744277,0.5225757,7.334981
"2024-03-20 00:00:00",321,12.9559,0.231588,0.2808089,9.391096,0.2244823,0.4220164,7.592905,0.2744003,0.5240208,7.247856
"2024-03-20 12:00:00",322,12.77458,0.2274265,0.2542996,6.842101,0.2245444,0.4201159,7.600591,0.2749617,0.5307474,7.624904
"2024-03-21 00:00:00",323,12.93072,0.2282444,0.2807709,9.82785,0.225345,0.4276856,7.990607,0.2745411,0.5300536,7.569463
"2024-03-21 12:00:00",324,12.76535,0.22323,0.2526904,7.108291,0.2250362,0.4244639,7.925376,0.2749396,0.5362952,7.937187
"2024-03-22 00:00:00",325,12.96346,0.2235581,0.279626,10.26217,0.22491,0.4316961,8.317713,0.2746186,0.5350873,7.858935
"2024-03-22 12:00:00",326,12.76535,0.218311,0.2516522,7.603648,0.2249175,0.4294397,8.3229,0.2749141,0.542255,8.256337
"2024-03-23 00:00:00",327,12.94415,0.2169594,0.2753256,10.57236,0.2236887,0.434653,8.655755,0.2743863,0.5392497,8.181306
"2024-03-23 12:00:00",328,12.81571,0.2118881,0.2537957,8.614523,0.2233357,0.4350894,8.842628,0.2745546,0.5458936,8.593236
"2024-03-24 00:00:00",329,12.97269,0.211698,0.2640491,10.42536,0.2238315,0.4371007,9.02927,0.2744611,0.5488368,8.58453
"2024-03-24 12:00:00",330,12.8132,0.2083835,0.2481881,8.953275,0.2236965,0.4366011,9.101063,0.2747772,0.5545686,8.859458
"2024-03-25 00:00:00",331,13.15401,0.2084555,0.2458795,8.746594,0.2236359,0.432515,8.779634,0.2746268,0.5525598,8.742631
"2024-03-25 12:00:00",332,12.8132,0.2070457,0.2334452,7.115098,0.2231282,0.4222151,8.097918,0.2746871,0.5484285,8.511289
"2024-03-26 00:00:00",333,13.0986,0.2084589,0.2479893,8.744143,0.2229333,0.4245826,8.141581,0.2742678,0.5444771,8.236239
"2024-03-26 12:00:00",334,12.8048,0.2057275,0.2299784,6.771989,0.2223369,0.4184043,7.785521,0.2744064,0.5449936,8.235288
"2024-03-27 00:00:00",335,13.03145,0.2061582,0.2447414,8.591483,0.2218811,0.4215857,7.921588,0.2737517,0.5412581,8.026809
"2024-03-27 12:00:00",336,12.75863,0.2029943,0.2228054,6.118032,0.2216915,0.4143188,7.505201,0.2742814,0.5426908,8.057695
"2024-03-28 00:00:00",337,12.9836,0.2044457,0.2461763,9.060958,0.2217984,0.4198207,7.80218,0.2737143,0.5386218,7.82666
"2024-03-28 12:00:00",338,12.79137,0.1998982,0.2233943,6.641322,0.2212665,0.4166591,7.658853,0.2739074,0.542484,8.040683
"2024-03-29 00:00:00",339,12.96597,0.1994894,0.2439069,9.591393,0.2198522,0.4220498,8.044876,0.2730449,0.5395631,7.924294
"2024-03-29 12:00:00",340,12.83334,0.1972999,0.2327295,8.506952,0.2206715,0.4268104,8.486552,0.2735386,0.5473676,8.344904
"2024-03-30 00:00:00",341,13.05411,0.1977294,0.2420619,9.879383,0.2204449,0.4310443,8.754548,0.2735795,0.5494435,8.455365
"2024-03-30 12:00:00",342,12.82075,0.1949594,0.2283772,8.348599,0.2204213,0.428827,8.684266,0.2736949,0.5532842,8.668873
"2024-03-31 00:00:00",343,12.96765,0.1949292,0.2416186,10.40525,0.2200464,0.4332046,9.002172,0.2732816,0.5535699,8.659442
"2024-03-31 12:00:00",344,12.84341,0.1918003,0.2265014,8.728361,0.2200958,0.4319186,9.011789,0.2737775,0.5595582,8.925125
"2024-04-01 00:00:00",345,13.02641,0.1903123,0.228139,9.170907,0.2196373,0.4296502,8.887621,0.2732846,0.5576071,8.82823
"2024-04-01 12:00:00",346,12.80732,0.1882889,0.2156986,7.817596,0.2193878,0.4230838,8.486719,0.2734343,0.5586702,8.76881
"2024-04-02 00:00:00",347,13.337,0.1884381,0.2299154,9.839933,0.2187938,0.4281301,8.794202,0.2728937,0.5555632,8.654078
"2024-04-02 12:00:00",348,13.06083,0.1848055,0.2114489,7.627323,0.2180669,0.4226897,8.518977,0.273018,0.5581311,8.787062
"2024-04-03 00:00:00",349,13.28916,0.1874728,0.2336845,11.09815,0.2182472,0.4299836,8.983664,0.2723851,0.560047,8.663217
"2024-04-03 12:00:00",350,12.98948,0.182414,0.2079108,7.916021,0.2184034,0.4277683,8.983911,0.2727472,0.56837,9.035249
"2024-04-04 00:00:00",351,13.23795,0.1842315,0.2306239,11.72354,0.2172701,0.4314659,9.308888,0.2719358,0.5666081,8.906919
"2024-04-04 12:00:00",352,12.96094,0.1785771,0.2074271,8.82488,0.2171422,0.4326611,9.594183,0.2725161,0.5763842,9.416351
"2024-04-05 00:00:00",353,13.23124,0.1791789,0.2254946,12.39424,0.2150678,0.4339629,9.924261,0.2711412,0.5754762,9.358753
"2024-04-05 12:00:00",354,12.97185,0.1741677,0.2080179,10.21181,0.2149317,0.4358481,10.29615,0.2718617,0.5850235,9.864831
"2024-04-06 00:00:00",355,13.31014,0.1727362,0.2172435,12.58027,0.2125957,0.4354511,10.58065,0.2704897,0.5845657,9.914965
"2024-04-06 12:00:00",356,13.01214,0.1676685,0.197849,9.837888,0.2122047,0.4317529,10.51221,0.2711785,0.5934125,10.23624
"2024-04-07 00:00:00",357,13.53175,0.1645306,0.1939281,9.649819,0.2103042,0.4203473,9.815042,0.2703423,0.5879266,9.913424
"2024-04-07 12:00:00",358,13.19346,0.1591721,0.1737412,6.746408,0.2086433,0.4057001,8.852919,0.270451,0.582494,9.560597
"2024-04-08 00:00:00",359,13.44445,0.1606512,0.1924389,10.38869,0.2069532,0.4050755,8.886585,0.2686312,0.5737216,9.064009
"2024-04-08 12:00:00",360,13.12295,0.1547766,0.1715325,7.298208,0.2064667,0.4024663,8.865886,0.2692468,0.5783516,9.267831
"2024-04-09 00:00:00",361,13.40584,0.1565454,0.1870459,10.46835,0.204717,0.4012116,8.95713,0.2675173,0.573977,8.995741
"2024-04-09 12:00:00",362,13.07846,0.1509265,0.1662297,7.353288,0.2040956,0.3975457,8.900211,0.2679556,0.5794746,9.247729
"2024-04-10 00:00:00",363,13.15317,0.1545421,0.1858166,11.63246,0.2029493,0.3968352,9.269892,0.2663521,0.5749404,9.055941
"2024-04-10 12:00:00",364,12.76367,0.1486443,0.1669201,8.737985,0.2026564,0.397891,9.585545,0.2670634,0.5849092,9.546218
"2024-04-11 00:00:00",365,13.05411,0.151455,0.1856152,12.78954,0.2005588,0.3997603,10.09183,0.2651235,0.5837554,9.53296
"2024-04-11 12:00:00",366,12.7452,0.1449664,0.1646014,9.363719,0.2001764,0.3982787,10.24181,0.2659764,0.5940293,10.05339
"2024-04-12 00:00:00",367,13.02222,0.1480285,0.1829828,13.46221,0.1978972,0.3980017,10.63964,0.2639571,0.5913516,9.986588
"2024-04-12 12:00:00",368,12.76115,0.1413295,0.1625044,10.07589,0.1972948,0.3966655,10.79905,0.2647771,0.6018919,10.50363
"2024-04-13 00:00:00",369,12.96681,0.1450555,0.1820351,14.57305,0.1948476,0.3963853,11.31592,0.262482,0.5985475,10.47166
"2024-04-13 12:00:00",370,12.81739,0.1396732,0.1669115,12.04356,0.1947729,0.3997051,11.84423,0.2635184,0.6112927,11.13922
"2024-04-14 00:00:00",371,12.97688,0.1431077,0.1833865,15.94652,0.1922131,0.4009866,12.52864,0.2605127,0.6149021,11.31948
"2024-04-14 12:00:00",372,12.78885,0.1357143,0.162014,12.22168,0.1914534,0.3982943,12.58299,0.261671,0.6262965,11.91535
"2024-04-15 00:00:00",373,12.98024,0.1392387,0.1778883,16.28063,0.18864,0.3960729,12.97562,0.2585006,0.6261476,11.87325
"2024-04-15 12:00:00",374,12.83754,0.1330029,0.1606466,13.02336,0.1881559,0.3959724,13.14302,0.2587143,0.6383901,12.39775
"2024-04-16 00:00:00",375,13.22032,0.1326655,0.1619563,13.62539,0.1861771,0.3878384,12.67435,0.2573344,0.6356148,12.19991
"2024-04-16 12:00:00",376,12.81907,0.1290773,0.1510103,11.65125,0.1857231,0.3828094,12.26231,0.2579838,0.6364825,12.15848
"2024-04-17 00:00:00",377,13.02809,0.133379,0.1675026,15.39262,0.1841936,0.3853052,12.70326,0.2553517,0.6326549,12.00452
"2024-04-17 12:00:00",378,12.79053,0.1275618,0.1509576,12.16319,0.1839406,0.3841686,12.72043,0.2560413,0.640894,12.38821
"2024-04-18 00:00:00",379,12.99787,0.1323429,0.1682562,16.29555,0.1820764,0.3846518,13.19681,0.2530198,0.6342688,12.3136
"2024-04-18 12:00:00",380,12.79809,0.1269812,0.1534349,13.31666,0.1821216,0.3856565,13.41152,0.2536828,0.6434932,12.81263
"2024-04-19 00:00:00",381,13.01214,0.13127,0.1678785,16.67861,0.1799513,0.3847426,13.74349,0.2503069,0.6367331,12.79362
"2024-04-19 12:00:00",382,12.81991,0.1273211,0.1554592,14.22176,0.1798769,0.3867753,14.01725,0.2505318,0.6445259,13.27621
"2024-04-20 00:00:00",383,13.0071,0.1297094,0.1661132,16.82329,0.1785364,0.3860637,14.26073,0.2473911,0.6432331,13.28688
"2024-04-20 12:00:00",384,12.81571,0.1638036,0.2162397,14.47036,0.2084838,0.450836,14.51011,0.2645803,0.6600376,13.83466
"2024-04-21 00:00:00",385,13.02473,0.4257735,0.6345739,15.6831,0.4141937,0.726799,15.15022,0.3857701,0.4757247,14.86048
"2024-04-21 12:00:00",386,12.78298,0.3548207,0.4928646,12.35901,0.3638162,0.5942996,13.8443,0.3708575,0.4598568,14.0213
"2024-04-22 00:00:00",387,13.02222,0.3346452,0.5168257,15.96658,0.3505161,0.5845738,13.75569,0.3604657,0.4726826,13.36652
"2024-04-22 12:00:00",388,12.78214,0.3243998,0.4653547,12.84165,0.3414767,0.5732448,13.82078,0.3521251,0.4799336,13.62171
"2024-04-23 00:00:00",389,12.97437,0.316849,0.494709,15.98847,0.3346986,0.5685849,13.83985,0.3439824,0.4744308,13.34146
"2024-04-23 12:00:00",390,12.82495,0.3086258,0.4562219,13.93423,0.3289441,0.5654921,14.08823,0.3386365,0.4770997,13.67853
"2024-04-24 00:00:00",391,12.95842,0.3014427,0.4778004,16.87663,0.3228818,0.567145,14.50204,0.3323902,0.474494,13.67196
"2024-04-24 12:00:00",392,12.78885,0.2923622,0.4227164,13.50368,0.3188317,0.5586095,14.30923,0.328699,0.4768223,13.99788
"2024-04-25 00:00:00",393,12.9794,0.2862232,0.4503344,16.98878,0.313097,0.5558506,14.49615,0.3233204,0.4712694,13.78519
"2024-04-25 12:00:00",394,12.8006,0.2768744,0.39945,13.84503,0.3104073,0.5518847,14.57146,0.3209193,0.4746812,14.1705
"2024-04-26 00:00:00",395,13.09105,0.2708063,0.3942655,14.539,0.3057553,0.5379613,14.00121,0.3170859,0.4685784,13.82334
"2024-04-26 12:00:00",396,12.83418,0.2647857,0.3645287,12.79318,0.3031504,0.5288421,13.6151,0.3149968,0.4666179,13.71192
"2024-04-27 00:00:00",397,13.23543,0.2609606,0.3654663,13.58319,0.300083,0.5207307,13.36855,0.312308,0.4596112,13.38677
"2024-04-27 12:00:00",398,12.84761,0.2617755,0.3452008,11.6957,0.2987243,0.5111683,12.86134,0.3110205,0.4568501,13.2131
"2024-04-28 00:00:00",399,13.18255,0.26697,0.3571857,12.36996,0.2976503,0.5059021,12.428,0.3093237,0.4502924,12.77341
"2024-04-28 12:00:00",400,12.81152,0.2720924,0.347795,10.83747,0.2970267,0.5010561,12.09932,0.3081905,0.4472249,12.60923
"2024-04-29 00:00:00",401,13.13722,0.2729122,0.3835802,14.17319,0.2957833,0.507064,12.43454,0.3059232,0.4422667,12.36895
"2024-04-29 12:00:00",402,12.81403,0.267022,0.3537385,11.90401,0.2952585,0.5094455,12.71503,0.3055751,0.4466737,12.74543
"2024-04-30 00:00:00",403,13.07258,0.2635858,0.3806546,15.26743,0.2921792,0.5117583,13.0623,0.3032305,0.4447793,12.66088
"2024-04-30 12:00:00",404,12.82411,0.2565762,0.34959,12.9971,0.2911429,0.5137275,13.42168,0.3032234,0.4505858,13.13963
"2024-05-01 00:00:00",405,13.0155,0.2466793,0.3647822,16.02858,0.2849526,0.511054,13.79991,0.3000846,0.4479066,13.15346
"2024-05-01 12:00:00",406,12.809,0.2362795,0.3257166,13.26492,0.2822917,0.5070561,13.94231,0.2999607,0.4531522,13.60954
"2024-05-02 00:00:00",407,13.07594,0.2258178,0.3199364,14.55873,0.2750163,0.4922707,13.65666,0.2971309,0.4489746,13.39715
"2024-05-02 12:00:00",408,12.78214,0.2156665,0.2835311,11.6007,0.2710715,0.4792607,13.25832,0.2967318,0.4489647,13.43979
"2024-05-03 00:00:00",409,13.08685,0.2059902,0.2922918,15.06535,0.261656,0.4662519,13.32957,0.2928357,0.4426703,13.10584
"2024-05-03 12:00:00",410,12.79137,0.1993934,0.2676761,12.17872,0.2578094,0.4581394,13.38896,0.2925328,0.4461123,13.41217
"2024-05-04 00:00:00",411,13.1112,0.1898377,0.2759308,15.92546,0.2469469,0.4434354,13.73314,0.2878691,0.4414023,13.27046
"2024-05-04 12:00:00",412,12.77458,0.179073,0.2405516,12.33183,0.2428036,0.4328163,13.67662,0.287961,0.4455315,13.63796
"2024-05-05 00:00:00",413,12.98444,0.1725832,0.2503847,16.8622,0.2316796,0.416573,14.05837,0.2824321,0.4396109,13.46186
"2024-05-05 12:00:00",414,12.80984,0.1662736,0.2281412,14.33974,0.2277163,0.4110571,14.50281,0.2820368,0.4460849,14.0147
"2024-05-06 00:00:00",415,13.0113,0.1602911,0.2212874,15.42787,0.2193092,0.3914822,14.38727,0.2779188,0.4434917,13.95441
"2024-05-06 12:00:00",416,12.75108,0.1555191,0.1998483,12.64554,0.2166159,0.3799109,14.00916,0.2778211,0.4470457,14.01573
"2024-05-07 00:00:00",417,13.16324,0.1503119,0.1936287,13.24715,0.208837,0.3587636,13.34402,0.2741668,0.4362505,13.56336
"2024-05-07 12:00:00",418,12.8132,0.1462133,0.1798427,11.30109,0.20541,0.3463156,12.76782,0.2740438,0.4327822,13.30825
"2024-05-08 00:00:00",419,13.18758,0.1453072,0.1872195,14.01914,0.1986097,0.3367889,12.96006,0.2687712,0.4269228,13.00173
"2024-05-08 12:00:00",420,12.76451,0.1398655,0.1694709,10.95508,0.195855,0.3285852,12.70107,0.2689056,0.428409,13.11228
"2024-05-09 00:00:00",421,13.18926,0.14094,0.1815361,14.60426,0.1894065,0.3187067,12.86333,0.2630571,0.4214061,12.81863
"2024-05-09 12:00:00",422,12.809,0.1362156,0.1663112,11.91963,0.1873319,0.3144813,12.93674,0.2628933,0.4255823,13.09531
"2024-05-10 00:00:00",423,13.12798,0.1385688,0.1797245,15.96024,0.1817635,0.3100675,13.51909,0.2560032,0.4222096,13.05281
"2024-05-10 12:00:00",424,12.79976,0.1336355,0.1639501,12.8934,0.1806991,0.30865,13.68418,0.2565855,0.4286774,13.52664
"2024-05-11 00:00:00",425,13.35379,0.1335596,0.1662582,13.97005,0.1776408,0.3014834,13.46252,0.2527777,0.4244583,13.34585
"2024-05-11 12:00:00",426,13.07174,0.1297998,0.1537129,11.49602,0.1770956,0.2964542,12.92368,0.2541977,0.4252419,13.26226
"2024-05-12 00:00:00",427,13.39912,0.1313354,0.1620666,13.87819,0.1742104,0.291753,12.81398,0.2488455,0.4174103,12.90243
"2024-05-12 12:00:00",428,13.11539,0.2440119,0.2848383,11.97477,0.2611814,0.4090482,12.62558,0.2975034,0.4480863,12.81671
"2024-05-13 00:00:00",429,13.24634,0.4085411,0.4900409,13.42241,0.3936523,0.539306,13.00396,0.3799168,0.405886,12.86313
"2024-05-13 12:00:00",430,12.99283,0.3564076,0.438461,12.5103,0.3685268,0.5193084,12.89944,0.3611704,0.399065,12.96684
"2024-05-14 00:00:00",431,13.20521,0.3382064,0.4647587,16.13018,0.3526872,0.5193084,13.569,0.3442539,0.4011673,13.00348
"2024-05-14 12:00:00",432,12.96597,0.3268292,0.4350681,14.37846,0.3439076,0.5206165,14.21218,0.3344839,0.40459,13.67296
"2024-05-15 00:00:00",433,13.20102,0.3139504,0.4438316,16.45447,0.3332139,0.5175008,14.59904,0.3245298,0.401659,13.84371
"2024-05-15 12:00:00",434,12.94918,0.3118838,0.4150218,14.08493,0.3301342,0.5171527,14.51894,0.3195191,0.4028249,14.17582
"2024-05-16 00:00:00",435,13.2774,0.3036643,0.4329233,16.41021,0.3228579,0.515287,14.6352,0.3125491,0.3985435,14.0662
"2024-05-16 12:00:00",436,13.01382,0.294142,0.395951,14.04251,0.3191929,0.513783,14.6419,0.3099832,0.401045,14.3675
"2024-05-17 00:00:00",437,13.18591,0.2810196,0.4099363,17.14941,0.3095983,0.508406,14.88786,0.3037539,0.3974687,14.25099
"2024-05-17 12:00:00",438,12.93491,0.2694524,0.3666397,14.26001,0.3056738,0.5048745,14.99192,0.3023438,0.4019768,14.65485
"2024-05-18 00:00:00",439,13.1708,0.2528803,0.3676162,17.07022,0.2925862,0.4899276,15.06958,0.295716,0.3967631,14.49377
"2024-05-18 12:00:00",440,12.93407,0.2297531,0.3256319,15.01248,0.2873864,0.4834586,15.3098,0.2947306,0.4008736,14.8775
"2024-05-19 00:00:00",441,13.22368,0.2012587,0.3021218,16.90587,0.272306,0.4623308,15.32096,0.2887288,0.396421,14.7767
"2024-05-19 12:00:00",442,12.97353,0.1889207,0.2720968,15.47643,0.2664413,0.4529991,15.53849,0.2879563,0.3993773,15.08719
"2024-05-20 00:00:00",443,13.20689,0.1751398,0.264268,18.05619,0.2462719,0.426788,15.91595,0.2797767,0.3943618,15.11494
"2024-05-20 12:00:00",444,12.96597,0.1683455,0.2397888,15.93366,0.2392232,0.4142775,16.15548,0.2790483,0.3983669,15.56931
"2024-05-21 00:00:00",445,13.22284,0.160389,0.2291849,17.5039,0.2209677,0.3836049,16.11634,0.2706701,0.3909105,15.4833
"2024-05-21 12:00:00",446,12.96177,0.1557232,0.2155122,15.70397,0.2167977,0.3715662,16.07599,0.2709998,0.3929135,15.69032
"2024-05-22 00:00:00",447,13.38653,0.1522777,0.2117846,16.01925,0.2070925,0.3506786,15.65529,0.265742,0.3854677,15.4392
"2024-05-22 12:00:00",448,13.10532,0.1498875,0.1927975,13.59216,0.2030496,0.3357684,14.96935,0.2658574,0.3826684,15.24832
"2024-05-23 00:00:00",449,13.24718,0.1464573,0.1950871,15.95656,0.1917556,0.3150747,14.85275,0.2562418,0.3703423,14.81534
"2024-05-23 12:00:00",450,12.9878,0.1421506,0.1789273,13.99004,0.1889805,0.3088477,14.95702,0.2557193,0.3714634,15.00118
"2024-05-24 00:00:00",451,13.39493,0.1391397,0.1738417,15.74151,0.1813307,0.2948122,14.97062,0.2461555,0.3609208,14.80687
"2024-05-24 12:00:00",452,13.10784,0.1303778,0.1576723,13.33797,0.1802879,0.2899507,14.7371,0.2471631,0.3624676,14.93208
"2024-05-25 00:00:00",453,13.30762,0.1283073,0.1606968,14.98054,0.1745411,0.2781694,14.44148,0.2367947,0.3502523,14.54181
"2024-05-25 12:00:00",454,13.01634,0.1239054,0.1526248,13.96402,0.1742485,0.2779117,14.58045,0.2375938,0.3517506,14.64486
"2024-05-26 00:00:00",455,13.47048,0.1235282,0.1561372,15.41487,0.1711992,0.2737316,14.72156,0.2297629,0.3450082,14.55313
"2024-05-26 12:00:00",456,13.18171,0.1200285,0.145018,13.31959,0.1715648,0.2725191,14.47804,0.2337129,0.3497797,14.65964
"2024-05-27 00:00:00",457,13.27321,0.121293,0.154846,15.90847,0.1686135,0.2694008,14.58235,0.2240171,0.3397658,14.41479
"2024-05-27 12:00:00",458,12.99871,0.1185468,0.143943,13.98221,0.1687761,0.2705354,14.77381,0.2257229,0.3451375,14.72244
"2024-05-28 00:00:00",459,13.16492,0.1208646,0.1559753,17.34674,0.1652823,0.2676558,15.17111,0.2138099,0.3346601,14.65552
"2024-05-28 12:00:00",460,12.90973,0.1169845,0.1449641,15.32387,0.1656879,0.2706191,15.63266,0.215377,0.3421719,15.20061
"2024-05-29 00:00:00",461,13.11036,0.1193198,0.1564543,18.58615,0.1625412,0.2676557,16.06277,0.2033208,0.33135,15.24398
"2024-05-29 12:00:00",462,12.87951,0.1153714,0.14569,16.57848,0.1632243,0.2717061,16.5691,0.2046036,0.3410134,15.86085
"2024-05-30 00:00:00",463,13.11875,0.1170584,0.1539989,19.28997,0.1604008,0.2689302,16.86417,0.1936692,0.3316705,15.91487
"2024-05-30 12:00:00",464,12.89126,0.1151969,0.1422249,17.06597,0.1609487,0.2706701,17.12511,0.1951719,0.340168,16.40732
"2024-05-31 00:00:00",465,13.12379,0.1197455,0.1349129,19.58921,0.1608502,0.2631207,17.28801,0.1894922,0.3347115,16.37168
"2024-05-31 12:00:00",466,12.89462,0.1159902,0.1254726,17.15687,0.1616347,0.2660659,17.43457,0.1936672,0.3458017,16.77635
"2024-06-01 00:00:00",467,13.18674,0.1182703,0.1334713,19.55373,0.1609879,0.2655447,17.42365,0.1894021,0.341973,16.6466
"2024-06-01 12:00:00",468,12.91645,0.1150441,0.1239734,17.15859,0.1614872,0.2672825,17.45734,0.1930197,0.3516678,16.92348
"2024-06-02 00:00:00",469,13.08769,0.2835459,0.3211276,19.98459,0.2688846,0.4332915,18.0511,0.266721,0.4162651,17.50849
"2024-06-02 12:00:00",470,12.86104,0.4795866,0.4658515,16.92662,0.4114982,0.5872793,17.27633,0.3850282,0.4219703,17.58626
"2024-06-03 00:00:00",471,13.14561,0.3474007,0.4174139,19.24397,0.3853547,0.559969,17.59884,0.3724494,0.3983904,17.13739
"2024-06-03 12:00:00",472,12.89042,0.3200148,0.3951721,17.55774,0.3691346,0.553544,17.74854,0.3488838,0.3957949,17.32772
"2024-06-04 00:00:00",473,13.13302,0.2998254,0.4011298,18.94879,0.3575122,0.5426053,17.66383,0.3292536,0.3844155,17.16409
"2024-06-04 12:00:00",474,12.8921,0.2887325,0.3783026,17.45551,0.352211,0.541247,17.61751,0.3180073,0.3816482,17.27251
"2024-06-05 00:00:00",475,13.12966,0.2781734,0.3915215,19.82512,0.3458302,0.5547771,17.84425,0.3063908,0.3763705,17.17646
"2024-06-05 12:00:00",476,12.89546,0.2702115,0.3665036,17.51607,0.3453288,0.5655167,17.94783,0.3015981,0.3796895,17.49729
"2024-06-06 00:00:00",477,12.98864,0.2561167,0.374322,20.46881,0.3359014,0.5658041,18.11777,0.2934646,0.3763574,17.37064
"2024-06-06 12:00:00",478,12.76619,0.2475015,0.3447154,18.33929,0.3329751,0.5728335,18.47308,0.2915835,0.382705,17.81449
"2024-06-07 00:00:00",479,12.97353,0.2267438,0.3376187,21.24149,0.3206001,0.5651596,18.7576,0.2837239,0.380034,17.78873
"2024-06-07 12:00:00",480,12.82579,0.2139647,0.2965523,18.64206,0.316467,0.5631555,18.93271,0.2824724,0.3862345,18.23758
"2024-06-08 00:00:00",481,13.02557,0.1982882,0.2971952,20.88421,0.3006575,0.5420491,18.91399,0.2755894,0.381891,18.11716
"2024-06-08 12:00:00",482,12.8283,0.189302,0.2693135,19.02987,0.2948761,0.5372357,19.07059,0.27509,0.3858895,18.41986
"2024-06-09 00:00:00",483,13.04488,0.1700875,0.2509952,21.84286,0.2750358,0.5080529,19.34642,0.2665223,0.3801896,18.38706
"2024-06-09 12:00:00",484,12.83502,0.1603018,0.2263705,19.56105,0.2690633,0.4969972,19.57596,0.2666116,0.3845516,18.81044
"2024-06-10 00:00:00",485,13.00459,0.1489649,0.2252336,22.18494,0.248674,0.4641429,19.79054,0.2570134,0.3769065,18.7806
"2024-06-10 12:00:00",486,12.84761,0.1394412,0.2026775,20.17583,0.2431601,0.4543765,19.96502,0.2575212,0.3806362,19.15651
"2024-06-11 00:00:00",487,13.01298,0.1335882,0.1971395,22.52987,0.225396,0.4247662,20.19598,0.2464554,0.3713795,19.14867
"2024-06-11 12:00:00",488,12.85013,0.1237597,0.1783919,20.37193,0.2200418,0.4133317,20.30542,0.2469373,0.3742545,19.49678
"2024-06-12 00:00:00",489,12.98612,0.1205856,0.1787444,23.63564,0.2043081,0.3887161,20.69591,0.2344542,0.3631266,19.49888
"2024-06-12 12:00:00",490,12.82495,0.1131846,0.1604435,20.94486,0.2008081,0.3818821,20.89968,0.2355158,0.3674202,19.96616
"2024-06-13 00:00:00",491,12.98696,0.1126273,0.1642516,24.05494,0.1884941,0.3598463,21.17514,0.2209978,0.3523867,19.94077
"2024-06-13 12:00:00",492,12.82159,0.1012748,0.1399391,20.24811,0.1862086,0.351645,21.02617,0.2223858,0.3547407,20.30737
"2024-06-14 00:00:00",493,12.99955,0.1053402,0.1509646,24.35571,0.1787266,0.338057,21.28309,0.2091926,0.3390783,20.14474
"2024-06-14 12:00:00",494,12.82914,0.1035914,0.142544,22.18565,0.1789477,0.3397358,21.66334,0.2118431,0.3452786,20.61774
"2024-06-15 00:00:00",495,13.12798,0.1038471,0.143399,22.84136,0.1770414,0.3325903,21.49718,0.2065982,0.3382615,20.56106
"2024-06-15 12:00:00",496,12.88287,0.0983918,0.1309175,19.90167,0.1767646,0.3269261,20.80566,0.2107551,0.3421729,20.48156
"2024-06-16 00:00:00",497,13.00543,0.1018135,0.1423988,23.94543,0.1728274,0.3199694,21.08241,0.1987767,0.3271882,20.18335
"2024-06-16 12:00:00",498,12.83922,0.09467652,0.1253765,20.40356,0.1728425,0.3193078,21.11729,0.2016301,0.3330596,20.52796
"2024-06-17 00:00:00",499,12.99367,0.09637784,0.1350546,24.32575,0.1695374,0.3127217,21.37174,0.1908584,0.31941,20.35446
"2024-06-17 12:00:00",500,12.81823,0.08985308,0.1180024,20.7403,0.1697857,0.3133736,21.39483,0.1934326,0.3269559,20.73657
"2024-06-18 00:00:00",501,13.0071,0.0956776,0.1301334,24.69505,0.1674312,0.3095373,21.65032,0.1841374,0.3161024,20.57814
"2024-06-18 12:00:00",502,12.83586,0.09013303,0.1170321,21.25172,0.1680537,0.3103148,21.71753,0.1873844,0.3239892,20.96817
"2024-06-19 00:00:00",503,13.13722,0.09453372,0.1255839,23.81582,0.1669664,0.3075611,21.59537,0.1818048,0.3177058,20.72889
"2024-06-19 12:00:00",504,12.88539,0.08563188,0.1087118,20.00615,0.16689,0.3053961,21.23705,0.1852193,0.3252275,20.8634
"2024-06-20 00:00:00",505,13.06335,0.09060052,0.1227166,24.56299,0.1653882,0.3046151,21.52074,0.1774682,0.316834,20.60111
"2024-06-20 12:00:00",506,12.82495,0.0857299,0.1089467,21.12306,0.1660287,0.3075635,21.68069,0.1810346,0.3278194,21.0043
"2024-06-21 00:00:00",507,13.12882,0.09311373,0.1176286,23.12983,0.1651304,0.3065281,21.54372,0.1776295,0.326234,20.80709
"2024-06-21 12:00:00",508,12.89966,0.09570003,0.1127852,21.06038,0.1655438,0.3053929,21.26645,0.1818585,0.3353168,20.823
"2024-06-22 00:00:00",509,13.20857,0.09979073,0.1169152,21.39841,0.1649328,0.3048865,20.90419,0.1810073,0.336041,20.5259
"2024-06-22 12:00:00",510,12.90134,0.2199488,0.249319,19.36483,0.2438329,0.4039322,20.24495,0.2377495,0.3957555,20.17906
"2024-06-23 00:00:00",511,13.02137,0.4518015,0.5190893,20.30037,0.424579,0.5623267,19.60961,0.3817761,0.428101,19.68607
"2024-06-23 12:00:00",512,12.86356,0.3327679,0.3838027,19.75287,0.3861483,0.537981,20.04038,0.3653487,0.4060128,19.89379
"2024-06-24 00:00:00",513,13.0197,0.3134468,0.4016297,23.00418,0.3666925,0.5439254,20.48969,0.3387168,0.3997455,19.82207
"2024-06-24 12:00:00",514,12.81571,0.3022356,0.3753504,21.32719,0.3573929,0.5516288,21.1103,0.3249625,0.4018698,20.37465
"2024-06-25 00:00:00",515,12.98948,0.2875153,0.3898369,24.14061,0.3449654,0.5473109,21.41546,0.3107092,0.3969853,20.42906
"2024-06-25 12:00:00",516,12.84677,0.2771511,0.3634989,21.7339,0.3395567,0.5533214,21.67922,0.3062649,0.4032843,20.88181
"2024-06-26 00:00:00",517,12.99451,0.2600783,0.3761909,24.34268,0.3268862,0.5415344,21.78472,0.2962405,0.3996644,20.79789
"2024-06-26 12:00:00",518,12.86104,0.2497002,0.3575488,22.58516,0.3223589,0.5413897,22.10761,0.2950662,0.4058654,21.20268
"2024-06-27 00:00:00",519,13.05999,0.2362737,0.3545948,23.2654,0.311642,0.5269447,21.89637,0.289511,0.404056,21.09861
"2024-06-27 12:00:00",520,12.86524,0.2305522,0.3429148,22.00212,0.3072366,0.5240426,21.77494,0.2896667,0.4089586,21.15953
"2024-06-28 00:00:00",521,13.12043,0.2178952,0.3425847,23.63501,0.2971397,0.5103588,21.88054,0.284504,0.4072402,21.04391
"2024-06-28 12:00:00",522,12.88706,0.213015,0.3240562,21.62297,0.2942342,0.5034106,21.71709,0.2860207,0.4119003,21.17997
"2024-06-29 00:00:00",523,13.03817,0.2052254,0.3349057,24.15829,0.2844232,0.493584,21.85254,0.2818352,0.4099139,21.01358
"2024-06-29 12:00:00",524,12.85852,0.192634,0.3082847,22.37602,0.2798155,0.4875623,22.15113,0.2832039,0.4158452,21.36204
"2024-06-30 00:00:00",525,13.04488,0.1773788,0.2944541,23.83831,0.2656557,0.4638086,22.04938,0.277347,0.411029,21.23757
"2024-06-30 12:00:00",526,12.85433,0.1703077,0.2734596,22.07387,0.260123,0.455593,22.00516,0.2789568,0.4161404,21.39109
"2024-07-01 00:00:00",527,13.03648,0.1666711,0.2937309,24.00712,0.2492666,0.4410686,22.0942,0.2746632,0.414741,21.26365
"2024-07-01 12:00:00",528,12.85349,0.1641766,0.2833343,22.48739,0.2478167,0.4407091,22.18663,0.2783971,0.4229169,21.48501
"2024-07-02 00:00:00",529,13.05243,0.1616723,0.2769834,24.31928,0.2400986,0.4305314,22.32777,0.2752248,0.422178,21.42261
"2024-07-02 12:00:00",530,12.84929,0.1557548,0.2568783,22.09863,0.2379275,0.4229857,22.20908,0.2783699,0.4279773,21.6089
"2024-07-03 00:00:00",531,13.02725,0.14475,0.2481806,24.19217,0.2242829,0.3991968,22.18335,0.2697061,0.4193335,21.39608
"2024-07-03 12:00:00",532,12.80564,0.1384206,0.2201536,20.98868,0.2202025,0.3869637,21.88001,0.2722554,0.4239268,21.51994
"2024-07-04 00:00:00",533,13.02977,0.1312596,0.2122314,23.69239,0.2048725,0.3585275,21.72299,0.2577553,0.4074443,21.14016
"2024-07-04 12:00:00",534,12.81236,0.1247689,0.1895638,20.6359,0.2003241,0.3495287,21.64918,0.2592581,0.4123366,21.33742
"2024-07-05 00:00:00",535,13.04488,0.1215746,0.1922971,23.66981,0.1891112,0.3295866,21.608,0.2434058,0.3935238,21.03618
"2024-07-05 12:00:00",536,12.81739,0.1177052,0.1743645,20.61329,0.1870117,0.3250936,21.59588,0.2457321,0.3987613,21.2883
"2024-07-06 00:00:00",537,13.02222,0.1168478,0.1810239,23.97565,0.17938,0.3114372,21.69237,0.2278854,0.3776113,21.0483
"2024-07-06 12:00:00",538,12.75191,0.112404,0.1631803,20.63324,0.178783,0.3082907,21.64036,0.2318364,0.3843119,21.33261
"2024-07-07 00:00:00",539,13.01382,0.111665,0.1697633,24.12165,0.1735339,0.2990519,21.73324,0.2129484,0.361375,21.08672
"2024-07-07 12:00:00",540,12.78633,0.1064452,0.1500786,20.79825,0.1734781,0.2979613,21.75706,0.2173613,0.3703643,21.40442
"2024-07-08 00:00:00",541,13.01718,0.1075759,0.1590345,24.42474,0.1695564,0.2914676,21.90323,0.1993898,0.3485872,21.19659
"2024-07-08 12:00:00",542,12.80648,0.1026571,0.142868,21.36902,0.1699236,0.2920653,22.01138,0.2039945,0.3597812,21.5571
"2024-07-09 00:00:00",543,12.97185,0.1046995,0.153494,24.93858,0.1671743,0.2885433,22.24954,0.1891924,0.342447,21.41454
"2024-07-09 12:00:00",544,12.79809,0.1010626,0.1406539,21.87416,0.1678145,0.2899302,22.34638,0.1948569,0.3562187,21.80451
"2024-07-10 00:00:00",545,12.98864,0.1029776,0.1502068,25.34489,0.1652675,0.2866763,22.52452,0.1821051,0.340966,21.64099
"2024-07-10 12:00:00",546,12.82495,0.09952469,0.1385165,22.49406,0.165979,0.289003,22.69449,0.1872157,0.3553702,22.0439
"2024-07-11 00:00:00",547,12.98192,0.101977,0.1472371,26.03399,0.1638161,0.287414,23.01041,0.1766282,0.3438612,21.96127
"2024-07-11 12:00:00",548,12.85349,0.09862087,0.136765,23.47951,0.164611,0.2905675,23.24879,0.1809954,0.3592322,22.41578
"2024-07-12 00:00:00",549,12.96261,0.1009532,0.1458358,26.73829,0.1630766,0.2894699,23.57635,0.1727621,0.3512481,22.3894
"2024-07-12 12:00:00",550,12.8006,0.09765013,0.1335932,23.52442,0.1637543,0.2914825,23.63837,0.1775152,0.3679696,22.82115
"2024-07-13 00:00:00",551,12.9878,0.09959194,0.1425528,26.92471,0.1622014,0.2895096,23.81083,0.1693892,0.3594545,22.67917
"2024-07-13 12:00:00",552,12.83082,0.09615083,0.1313489,23.93874,0.1629924,0.2924251,23.95328,0.1738441,0.3769791,23.10015
"2024-07-14 00:00:00",553,12.96933,0.0980373,0.1390479,26.8674,0.1616736,0.2906734,24.03575,0.1669036,0.3709458,22.95414
"2024-07-14 12:00:00",554,12.83334,0.09485553,0.128727,23.98969,0.1623801,0.2924586,24.03323,0.1710782,0.3892134,23.2648
"2024-07-15 00:00:00",555,12.97101,0.09741424,0.1372638,27.1597,0.1612,0.2915421,24.19907,2416667,0.3837905,23.11138
"2024-07-15 12:00:00",556,12.83418,0.09450214,0.127716,24.41391,0.1619717,0.2945624,24.32426,861111.1,0.4041327,23.48023
"2024-07-16 00:00:00",557,13.01298,0.09619569,0.1334752,26.45548,0.1610014,0.2925065,24.21662,9444362,0.4007849,23.29357
"2024-07-16 12:00:00",558,12.85433,0.09349107,0.1257051,24.36601,0.1616883,0.2949141,24.27533,8999923,0.4196408,23.52967
"2024-07-17 00:00:00",559,13.01634,0.09579526,0.1335071,27.1111,0.1608583,0.2949321,24.44513,9999910,0.4160039,23.41386
"2024-07-17 12:00:00",560,12.84845,0.09255031,0.1235249,24.33803,0.1614616,0.2967836,24.44816,9999910,0.4358475,23.71653
"2024-07-18 00:00:00",561,12.97437,0.09483731,0.1317041,27.43247,0.1605374,0.296443,24.5926,9999910,0.430085,23.55048
"2024-07-18 12:00:00",562,12.83082,0.09158503,0.1217409,24.49539,0.1611984,0.2988052,24.63622,9999910,0.4508443,23.89049
"2024-07-19 00:00:00",563,12.98276,0.0935372,0.1281486,26.92842,0.1602464,0.297358,24.60726,9999910,0.4452624,23.68696
"2024-07-19 12:00:00",564,12.83754,0.08963266,0.1177966,24.13924,0.1606859,0.2981583,24.45808,9999910,0.4659549,23.86634
"2024-07-20 00:00:00",565,12.99703,0.09196652,0.1247203,26.57076,0.1599003,0.2968974,24.37991,9999910,0.4589086,23.60719
"2024-07-20 12:00:00",566,12.8409,0.1809649,0.2697722,24.62854,0.2243611,0.4168237,24.63618,7624941,0.5416914,24.00727
"2024-07-21 00:00:00",567,13.01214,0.4725965,0.7254623,24.70088,0.4455542,0.7378252,24.50831,0.393534,0.5826808,24.37882
"2024-07-21 12:00:00",568,12.84006,0.3335113,0.4440329,22.97903,0.4063267,0.622492,23.91406,0.3764549,0.5076183,23.93083
"2024-07-22 00:00:00",569,13.04824,0.3037627,0.4270355,24.75026,0.3683484,0.5900775,23.6285,0.3436767,0.4779147,23.36241
"2024-07-22 12:00:00",570,12.84258,0.2917306,0.3898906,22.51649,0.3573046,0.5784965,23.45694,0.3268672,0.4693466,23.34294
"2024-07-23 00:00:00",571,13.10616,0.2764161,0.4017715,24.38658,0.3458532,0.5721145,23.20156,0.3106831,0.4580988,22.95578
"2024-07-23 12:00:00",572,12.91309,0.267065,0.3734174,22.3305,0.3406331,0.5757067,23.17928,0.3048042,0.4608073,23.03741
"2024-07-24 00:00:00",573,13.08685,0.2489707,0.3753827,24.0734,0.3302408,0.5667744,22.88278,0.2947535,0.4549274,22.66655
"2024-07-24 12:00:00",574,12.92484,0.2432787,0.3473356,22.64084,0.32669,0.566855,23.03598,0.292813,0.4598964,22.79711
"2024-07-25 00:00:00",575,13.06503,0.2279813,0.3474202,24.37231,0.3158763,0.5544313,22.91143,0.2844023,0.4545909,22.55394
"2024-07-25 12:00:00",576,12.924,0.2211583,0.321436,22.96887,0.3116984,0.5520518,23.1649,0.2834288,0.459894,22.78846
"2024-07-26 00:00:00",577,13.06419,0.1962651,0.3098869,24.67429,0.2982123,0.5342053,23.16396,0.275176,0.4545783,22.65523
"2024-07-26 12:00:00",578,12.91057,0.1882482,0.2908013,23.37505,0.2937076,0.5273974,23.35513,0.2759765,0.4601724,22.89447
"2024-07-27 00:00:00",579,13.06922,0.1841972,0.2987305,25.7289,0.2867844,0.5102111,23.65144,0.2732411,0.4568655,22.8681
"2024-07-27 12:00:00",580,12.90973,0.180331,0.2773842,23.80536,0.2842962,0.508853,23.92953,0.2752138,0.4648015,23.28452
"2024-07-28 00:00:00",581,13.05999,0.1711489,0.2881803,26.10105,0.276165,0.5006007,24.08302,0.2720985,0.4625762,23.22098
"2024-07-28 12:00:00",582,12.88287,0.1649156,0.2647509,22.95468,0.2723909,0.4905653,23.91959,0.2738939,0.4678102,23.49671
"2024-07-29 00:00:00",583,13.08182,0.1591168,0.2742905,25.47099,0.262802,0.4751996,23.76274,0.2693343,0.4607201,23.16635
"2024-07-29 12:00:00",584,12.89546,0.1506837,0.2406778,22.02248,0.2581744,0.4597079,23.54822,0.270917,0.4656019,23.3529
"2024-07-30 00:00:00",585,13.07594,0.1440959,0.2499503,25.1464,0.2477939,0.443209,23.43774,0.2646751,0.4564137,22.96707
"2024-07-30 12:00:00",586,12.88539,0.1338038,0.21476,21.71785,0.2439169,0.434735,23.33197,0.2662021,0.4613768,23.19414
"2024-07-31 00:00:00",587,13.07426,0.134364,0.2285229,25.43306,0.2332463,0.4178973,23.37295,0.2586383,0.4517264,22.86612
"2024-07-31 12:00:00",588,12.88539,0.1281674,0.204031,22.08776,0.229666,0.4101692,23.32425,0.2603046,0.4571358,23.13413
"2024-08-01 00:00:00",589,13.07678,0.1263075,0.2127376,25.59941,0.2197905,0.3948043,23.40261,0.2525334,0.4470426,22.83888
"2024-08-01 12:00:00",590,12.88623,0.1190048,0.1851137,22.21041,0.2169324,0.3882388,23.42175,0.2546474,0.4540665,23.17309
"2024-08-02 00:00:00",591,13.0432,0.1192116,0.1971344,26.12282,0.2081844,0.3745639,23.5836,0.2463722,0.4432473,22.91747
"2024-08-02 12:00:00",592,12.87112,0.1121999,0.1723196,22.83555,0.2060701,0.3714492,23.80954,0.2489492,0.4515591,23.35799
"2024-08-03 00:00:00",593,13.02893,0.1129651,0.1837639,26.64132,0.1983267,0.3600861,24.02852,0.239865,0.441058,23.20163
"2024-08-03 12:00:00",594,12.86272,0.1067262,0.1596108,23.47976,0.1968954,0.3569922,24.2256,0.2429755,0.4498141,23.65947
"2024-08-04 00:00:00",595,13.01214,0.1091476,0.1721511,27.30056,0.1902983,0.3484371,24.52016,0.2326079,0.438534,23.55583
"2024-08-04 12:00:00",596,12.86776,0.1040887,0.1539245,24.57384,0.1894041,0.3468351,24.78818,0.2357721,0.4483857,24.0369
"2024-08-05 00:00:00",597,13.10364,0.1058851,0.1601436,26.87108,0.1854265,0.3413147,24.86843,0.2283064,0.4409217,23.95541
"2024-08-05 12:00:00",598,12.89798,0.1006867,0.1442956,24.19507,0.1849076,0.3379296,24.68635,0.2324644,0.4499965,24.16082
"2024-08-06 00:00:00",599,13.039,0.1033612,0.1537757,27.69399,0.1802894,0.3330858,24.99939,0.2205586,0.4367689,24.02433
"2024-08-06 12:00:00",600,12.8728,0.09843343,0.1388386,25.0083,0.1799318,0.332503,25.1883,0.2239546,0.4479735,24.45444
"2024-08-07 00:00:00",601,13.03732,0.101929,0.1489268,28.2641,0.1764107,0.3288332,25.44578,0.2126336,0.4354782,24.37341
"2024-08-07 12:00:00",602,12.87531,0.09782068,0.136712,25.70842,0.1763668,0.3293168,25.63692,0.2170123,0.4492984,24.79508
"2024-08-08 00:00:00",603,13.0709,0.09980084,0.1426516,27.68799,0.1739193,0.3255219,25.61967,0.2084155,0.4401345,24.67522
"2024-08-08 12:00:00",604,12.87615,0.09541825,0.1301434,24.85747,0.1736288,0.323142,25.39114,0.2133091,0.4533162,24.84642
"2024-08-09 00:00:00",605,13.07006,0.09723087,0.1361607,27.56703,0.1714122,0.3195602,25.43587,0.203937,0.4404092,24.60918
"2024-08-09 12:00:00",606,12.88455,0.0928409,0.1239396,24.91113,0.1715814,0.31826,25.32421,0.2105708,0.4562259,24.81607
"2024-08-10 00:00:00",607,13.03229,0.09592192,0.1311739,27.03638,0.1700582,0.3159154,25.30037,0.2027834,0.4475256,24.5857
"2024-08-10 12:00:00",608,12.82327,0.1893768,0.3119978,24.11913,0.2355304,0.4441127,24.93088,0.2526752,0.5083287,24.70406
"2024-08-11 00:00:00",609,13.01466,0.4943163,0.8431268,24.7251,0.4493895,0.7831179,24.68106,0.3975247,0.5441131,24.68554
"2024-08-11 12:00:00",610,12.81823,0.3529118,0.5292103,22.57244,0.4236428,0.6753818,23.78646,0.3953484,0.5318161,24.17308
"2024-08-12 00:00:00",611,13.03648,0.3046816,0.4768583,24.94928,0.3875281,0.6062053,23.90386,0.3707886,0.5072213,23.78569
"2024-08-12 12:00:00",612,12.80312,0.2936539,0.4407338,22.97432,0.3663725,0.5856571,23.90687,0.3576114,0.5015432,23.88404
"2024-08-13 00:00:00",613,12.99116,0.2820638,0.4529708,24.70017,0.3569196,0.5779158,23.74594,0.3466475,0.4950611,23.57847
"2024-08-13 12:00:00",614,12.83334,0.287498,0.4433097,23.17346,0.3552512,0.5822352,23.81655,0.3405477,0.4962981,23.68829
"2024-08-14 00:00:00",615,13.0516,0.3064529,0.4914558,23.62315,0.3635878,0.6091141,23.40105,0.3361405,0.4952746,23.39192
"2024-08-14 12:00:00",616,12.88119,0.2970752,0.4577618,22.00122,0.3620822,0.6069927,23.0968,0.334105,0.4989591,23.25913
"2024-08-15 00:00:00",617,13.01886,0.2836658,0.473493,24.27275,0.3558919,0.6051528,23.07312,0.3293366,0.4989824,22.94435
"2024-08-15 12:00:00",618,12.84761,0.2758721,0.4305787,21.94552,0.3507394,0.5992621,23.05821,0.3277494,0.5050822,23.0931
"2024-08-16 00:00:00",619,12.99199,0.2626783,0.4452335,24.24321,0.3424403,0.5930135,22.97354,0.3231046,0.5038466,22.80638
"2024-08-16 12:00:00",620,12.76535,0.2573476,0.4045316,21.88728,0.3387075,0.5892781,22.99442,0.3223127,0.5095303,22.99282
"2024-08-17 00:00:00",621,12.97605,0.2404523,0.4118235,24.11377,0.3291759,0.5798628,22.88309,0.3175176,0.5073968,22.70703
"2024-08-17 12:00:00",622,12.76954,0.2325031,0.3688229,21.4686,0.3252672,0.5719824,22.74909,0.3173382,0.5124773,22.83589
"2024-08-18 00:00:00",623,13.02557,0.2185509,0.3683127,22.90768,0.3170356,0.5586258,22.40368,0.3139259,0.5099999,22.46465
"2024-08-18 12:00:00",624,12.82998,0.21506,0.3458218,21.44054,0.314536,0.5524049,22.22968,0.3141781,0.5124406,22.4093
"2024-08-19 00:00:00",625,12.89378,0.2023899,0.3525174,23.66349,0.3058633,0.5454498,22.40201,0.3106414,0.5117091,22.22596
"2024-08-19 12:00:00",626,12.7813,0.1985061,0.3270751,21.86703,0.3033167,0.5420917,22.46585,0.3116161,0.5178422,22.41362
"2024-08-20 00:00:00",627,13.01886,0.1840142,0.3296429,24.26735,0.2925967,0.5305381,22.67572,0.306574,0.5162138,22.30771
"2024-08-20 12:00:00",628,12.83166,0.1777448,0.2983235,21.94986,0.2886602,0.5229291,22.76477,0.3074352,0.5231453,22.60611
"2024-08-21 00:00:00",629,12.96597,0.1601225,0.296919,24.46412,0.2736671,0.4997274,22.85181,0.3007951,0.5184883,22.45171
"2024-08-21 12:00:00",630,12.78717,0.1540154,0.2738034,22.69655,0.2680666,0.4919861,23.05187,0.3016974,0.5235865,22.75933
"2024-08-22 00:00:00",631,12.9517,0.145394,0.2664447,23.46074,0.2573769,0.4699987,22.83623,0.2981696,0.5219094,22.60603
"2024-08-22 12:00:00",632,12.75527,0.1433609,0.2517992,22.03026,0.255411,0.4603522,22.62803,0.3001089,0.5286574,22.60093
"2024-08-23 00:00:00",633,13.03648,0.1393275,0.2486194,22.5072,0.2487168,0.4473355,22.33174,0.2977788,0.5256532,22.33851
"2024-08-23 12:00:00",634,12.90134,0.1378337,0.2380153,21.3927,0.2471162,0.4409847,22.10909,0.2999646,0.5282698,22.24833
"2024-08-24 00:00:00",635,13.06083,0.1394856,0.2472888,22.4402,0.2458543,0.4387516,21.99712,0.2996373,0.5261784,22.00969
"2024-08-24 12:00:00",636,12.86608,0.1687345,0.3005594,21.27802,0.2459274,0.4384722,21.89621,0.3008429,0.5291607,22.01233
"2024-08-25 00:00:00",637,13.06587,0.1912185,0.3759403,22.90535,0.2427796,0.4373079,21.97682,0.2993511,0.5294077,21.83356
"2024-08-25 12:00:00",638,12.88203,0.1904267,0.3720349,21.25336,0.242614,0.4365034,21.88246,0.3008072,0.5339182,21.91779
"2024-08-25 12:00:00",638,12.88203,0.1904267,0.3720349,21.25336,0.242614,0.4365034,21.88246,0.3008072,0.5339182,21.91779
"2024-08-25 12:00:00",638,12.88203,0.1904267,0.3720349,21.25336,0.242614,0.4365034,21.88246,0.3008072,0.5339182,21.91779
"2024-08-26 00:00:00",639,13.07258,0.1893506,0.3796698,22.02176,0.2408788,0.4344003,21.62617,0.2998747,0.5330957,21.66021
"2024-08-26 12:00:00",640,12.85013,0.2136919,0.4068741,20.2074,0.2409462,0.4321926,21.24067,0.300955,0.5362586,21.55137
"2024-08-27 00:00:00",641,13.03648,0.2090313,0.4353653,22.65508,0.2389437,0.4323295,21.32536,0.2991233,0.5333627,21.26633
"2024-08-27 12:00:00",642,12.84006,0.2031863,0.3881239,19.91159,0.239135,0.430888,21.21861,0.3004256,0.5385937,21.40561
"2024-08-28 00:00:00",643,13.00375,0.1946783,0.4021128,22.39132,0.2367402,0.4299473,21.10184,0.2984495,0.535394,21.08191
"2024-08-28 12:00:00",644,12.84006,0.1860988,0.365692,20.02575,0.2368631,0.4300251,21.09442,0.2996963,0.5420565,21.22999
"2024-08-29 00:00:00",645,12.99451,0.1752673,0.3740331,22.48209,0.2343246,0.4266201,21.03992,0.2970746,0.5382569,20.94905
"2024-08-29 12:00:00",646,12.82243,0.1688103,0.3313704,19.7842,0.2338286,0.424308,21.00427,0.2985911,0.5441322,21.12271
"2024-08-30 00:00:00",647,13.02306,0.1611232,0.3410006,22.49687,0.2300938,0.4199665,21.0063,0.2956354,0.5400546,20.86683
"2024-08-30 12:00:00",648,12.80984,0.1561655,0.3072951,19.94508,0.2294426,0.4184147,21.0205,0.297424,0.5469,21.07748
"2024-08-31 00:00:00",649,12.98108,0.1479771,0.3194542,22.50589,0.2236087,0.4106789,21.04251,0.2932601,0.5422493,20.85664
"2024-08-31 12:00:00",650,12.79809,0.1421841,0.2804629,19.33905,0.2225121,0.4046288,20.88683,0.295061,0.5477591,21.04041
"2024-09-01 00:00:00",651,12.98024,0.1345952,0.297725,22.49192,0.2157667,0.3938481,20.90342,0.2896942,0.5408337,20.75575
"2024-09-01 12:00:00",652,12.83418,0.1303873,0.2746491,20.51437,0.2146119,0.3946187,21.11098,0.2912499,0.548924,21.0368
"2024-09-02 00:00:00",653,13.01466,0.1265178,0.2773963,22.60731,0.2084711,0.3848017,21.26643,0.2856385,0.5451891,20.95136
"2024-09-02 12:00:00",654,12.77962,0.1223626,0.2562581,20.39972,0.2072865,0.3818146,21.27435,0.287378,0.5524238,21.20558
"2024-09-03 00:00:00",655,12.97017,0.1188701,0.2593749,22.86225,0.1998051,0.369369,21.36552,0.2800871,0.5455152,21.03968
"2024-09-03 12:00:00",656,12.76199,0.1148893,0.2383926,20.53119,0.1987164,0.3653825,21.40184,0.2817104,0.5528567,21.31817
"2024-09-04 00:00:00",657,12.97017,0.1127966,0.2358135,22.96498,0.1912988,0.3527322,21.43131,0.2731831,0.5431646,21.11555
"2024-09-04 12:00:00",658,12.84677,0.1119675,0.2246536,21.52859,0.1905387,0.352742,21.73722,0.2742715,0.5517441,21.45595
"2024-09-05 00:00:00",659,12.98444,0.110182,0.2209229,23.63483,0.1844912,0.3431765,21.99461,0.2656129,0.544678,21.45057
"2024-09-05 12:00:00",660,12.81403,0.1058474,0.2022157,21.22332,0.1839761,0.3410141,21.99314,0.2679074,0.5542514,21.76696
"2024-09-06 00:00:00",661,13.00627,0.1050617,0.2021051,23.08545,0.178521,0.330308,21.83907,0.258942,0.5434602,21.5308
"2024-09-06 12:00:00",662,12.82495,0.1021075,0.1848638,20.65742,0.1780116,0.3269779,21.66346,0.2610153,0.5504785,21.66786
"2024-09-07 00:00:00",663,12.9878,0.1026932,0.1909427,23.02366,0.1735764,0.3195463,21.67891,0.2510965,0.538847,21.42221
"2024-09-07 12:00:00",664,12.80732,0.2064635,0.37904,20.76788,0.2469684,0.4569557,21.6352,0.2937356,0.5664682,21.6045
"2024-09-08 00:00:00",665,12.99535,0.428095,0.767652,22.25083,0.4349699,0.7387165,22.06571,0.4037134,0.5389941,21.92397
"2024-09-08 12:00:00",666,12.80564,0.3091002,0.4930049,19.73836,0.3814946,0.597446,21.19342,0.3797579,0.5142102,21.53297
"2024-09-09 00:00:00",667,12.99703,0.2897244,0.489942,21.49615,0.3632208,0.5806071,20.81784,0.3619665,0.4908612,20.99708
"2024-09-09 12:00:00",668,12.81991,0.2809146,0.4552095,19.75822,0.355285,0.5715325,20.84657,0.3544353,0.4896906,21.05529
"2024-09-10 00:00:00",669,12.96597,0.2660686,0.4567426,21.34328,0.3458205,0.5593154,20.64393,0.3464049,0.4843741,20.75891
"2024-09-10 12:00:00",670,12.78717,0.2585402,0.4229548,19.82755,0.341237,0.5562944,20.71318,0.3421501,0.4857351,20.86789
"2024-09-11 00:00:00",671,13.00375,0.2445008,0.4247665,21.47503,0.332806,0.5476745,20.65959,0.335848,0.4825804,20.66914
"2024-09-11 12:00:00",672,12.83754,0.2380551,0.3960268,19.88248,0.329338,0.5446697,20.71436,0.3333291,0.4852695,20.8222
"2024-09-12 00:00:00",673,13.00375,0.2258222,0.3916317,20.67137,0.3220091,0.5339615,20.44619,0.3283764,0.4821553,20.58848
"2024-09-12 12:00:00",674,12.84761,0.2207142,0.3654723,19.01189,0.3182992,0.5268468,20.2175,0.3265081,0.4828707,20.55914
"2024-09-13 00:00:00",675,13.01298,0.201329,0.3521883,20.08801,0.3087892,0.5141297,19.99021,0.3205132,0.4781912,20.25315
"2024-09-13 12:00:00",676,12.82495,0.1955141,0.3248426,18.04434,0.3045154,0.5053358,19.66678,0.3194597,0.4791434,20.186
"2024-09-14 00:00:00",677,13.03481,0.1801536,0.3161422,19.4109,0.2950797,0.489951,19.38221,0.3142536,0.473637,19.79685
"2024-09-14 12:00:00",678,12.81655,0.1750038,0.284759,16.93622,0.2913775,0.4786061,19.0252,0.313925,0.4737002,19.72841
"2024-09-15 00:00:00",679,12.98864,0.1594698,0.281619,19.10033,0.2803525,0.4626633,18.86806,0.3082607,0.4667609,19.32792
"2024-09-15 12:00:00",680,12.78885,0.1533187,0.2565698,16.9999,0.2771873,0.4550067,18.80403,0.308507,0.4684859,19.40159
"2024-09-16 00:00:00",681,13.04488,0.1447137,0.2543744,18.22762,0.2688334,0.4399831,18.49864,0.3051129,0.4634181,19.06584
"2024-09-16 12:00:00",682,12.86692,0.1424368,0.2449331,17.51719,0.2660651,0.4352896,18.52974,0.3054798,0.4640247,19.06142
"2024-09-17 00:00:00",683,13.03145,0.1308461,0.2334668,18.64953,0.254645,0.418954,18.59987,0.3000323,0.4597044,18.93598
"2024-09-17 12:00:00",684,12.85181,0.1275021,0.2234326,18.01252,0.2512943,0.4140912,18.72815,0.3005752,0.4619891,19.05395
"2024-09-18 00:00:00",685,12.99871,0.1199426,0.215506,18.77323,0.2407955,0.3989145,18.79044,0.2957095,0.4593673,19.00423
"2024-09-18 12:00:00",686,12.80228,0.1155164,0.1940014,16.15758,0.2369039,0.3846983,18.23207,0.2964152,0.4596143,18.94679
"2024-09-19 00:00:00",687,13.02473,0.1099841,0.1931588,17.99691,0.2252416,0.3650849,18.03844,0.2899708,0.451266,18.55215
"2024-09-19 12:00:00",688,12.809,0.1078375,0.1752733,15.74463,0.2221282,0.3562881,17.76877,0.2911616,0.4525658,18.54292
"2024-09-20 00:00:00",689,12.96933,0.1046514,0.1779389,18.04939,0.21137,0.3392568,17.77541,0.2841392,0.444728,18.24401
"2024-09-20 12:00:00",690,12.80396,0.1013314,0.1633322,16.13672,0.2089939,0.3338982,17.75312,0.2856527,0.44784,18.37247
"2024-09-21 00:00:00",691,12.92652,0.1002812,0.1677446,18.48659,0.1987947,0.3200281,17.9454,0.2780248,0.4410056,18.22061
"2024-09-21 12:00:00",692,12.7729,0.09679212,0.1522011,16.32955,0.1972425,0.3156376,17.93437,0.2797945,0.4453136,18.43109
"2024-09-22 00:00:00",693,13.04572,0.09654647,0.1548753,17.73237,0.1913173,0.3047525,17.78669,0.2749558,0.4397155,18.21388
"2024-09-22 12:00:00",694,12.84929,0.09609488,0.1505525,16.81317,0.1917743,0.3032461,17.76294,0.277633,0.4427448,18.23847
"2024-09-23 00:00:00",695,13.02137,0.09627818,0.1540311,18.09748,0.1866588,0.2972347,17.90824,0.2725638,0.4386265,18.16202
"2024-09-23 12:00:00",696,12.81152,0.09332421,0.1403848,15.96588,0.185694,0.2931461,17.65167,0.2747056,0.44198,18.23128
"2024-09-24 00:00:00",697,13.0155,0.09404636,0.1459806,17.9823,0.1798348,0.285215,17.6696,0.267265,0.4343334,18.00381
"2024-09-24 12:00:00",698,12.8006,0.09122261,0.1334768,15.92432,0.1792611,0.2830935,17.57464,0.2696094,0.4385452,18.12982
"2024-09-25 00:00:00",699,12.96261,0.09239275,0.1402853,18.03491,0.1743837,0.2765864,17.61514,0.2615774,0.4305289,17.92742
"2024-09-25 12:00:00",700,12.78633,0.08951056,0.1290039,16.18003,0.1742301,0.2758681,17.63388,0.2641974,0.4356672,18.10476
"2024-09-26 00:00:00",701,12.94499,0.09107644,0.1362122,18.40904,0.1701004,0.271248,17.79976,0.2553387,0.427754,17.98715
"2024-09-26 12:00:00",702,12.77206,0.08827298,0.1253464,16.5438,0.1701869,0.271062,17.83644,0.25831,0.4338172,18.21356
"2024-09-27 00:00:00",703,12.95254,0.08998922,0.1329219,18.71667,0.1667452,0.2674418,18.018,0.2485492,0.4251762,18.11981
"2024-09-27 12:00:00",704,12.7771,0.08702424,0.121817,16.73829,0.1670682,0.2673605,18.04423,0.2518647,0.4319736,18.36523
"2024-09-28 00:00:00",705,12.94666,0.08891989,0.1293896,18.84398,0.1641195,0.2639356,18.13102,0.2417886,0.4227735,18.23892
"2024-09-28 12:00:00",706,12.79725,0.08640949,0.1204564,17.22596,0.1646307,0.2649618,18.2445,0.2454232,0.4303128,18.47729
"2024-09-29 00:00:00",707,12.93407,0.08839817,0.1283631,19.31858,0.1626346,0.2633039,18.44534,0.2354289,0.4219034,18.42273
"2024-09-29 12:00:00",708,12.77374,0.0857454,0.1183024,17.35259,0.1633593,0.264105,18.47157,0.2402094,0.4311633,18.67449
"2024-09-30 00:00:00",709,12.95086,0.08711977,0.1244036,18.90647,0.1614195,0.2613872,18.43029,0.2310216,0.4222577,18.52795
"2024-09-30 12:00:00",710,12.77542,0.08505245,0.1169589,17.61808,0.1623182,0.2628266,18.52389,0.2355251,0.4313965,18.7174
"2024-10-01 00:00:00",711,12.93659,0.08685037,0.1239655,19.39342,0.1603984,0.2615898,18.66626,0.2256297,0.4229739,18.65023
"2024-10-01 12:00:00",712,12.75275,0.08364092,0.1122792,17.02093,0.160802,0.2609339,18.49114,0.2308302,0.4329725,18.81606
"2024-10-02 00:00:00",713,12.82327,0.08513163,0.1184145,18.61391,0.159198,0.2578875,18.33558,0.221569,0.4230318,18.56254
"2024-10-02 12:00:00",714,12.73093,0.08247566,0.1083897,16.26938,0.1594931,0.256434,18.05225,0.2271726,0.4326968,18.60456
"2024-10-03 00:00:00",715,12.98696,0.08415145,0.1151448,18.03271,0.1578804,0.2536841,17.87174,0.2181902,0.422192,18.27311
"2024-10-03 12:00:00",716,12.8006,0.08173852,0.1061308,15.99578,0.1582855,0.2532032,17.72376,0.2238118,0.4324886,18.32769
"2024-10-04 00:00:00",717,12.9794,0.08365926,0.1134741,17.82108,0.1570554,0.2514583,17.62888,0.2153616,0.4233581,18.04958
"2024-10-04 12:00:00",718,12.78885,0.08144996,0.1052565,15.81488,0.1575604,0.251335,17.49748,0.2212808,0.4342615,18.1241
"2024-10-05 00:00:00",719,12.97521,0.08312306,0.1121386,17.68351,0.1563925,0.2501087,17.44942,0.21305,0.4255657,17.87074
"2024-10-05 12:00:00",720,12.78717,0.08130729,0.1052684,15.90937,0.1569541,0.250756,17.39636,0.2189186,0.4377898,17.98002
"2024-10-06 00:00:00",721,12.98948,0.08295748,0.1118031,17.58213,0.1558463,0.2498456,17.36301,0.2110706,0.429781,17.76677
"2024-10-06 12:00:00",722,12.80144,0.08114848,0.1049918,15.81815,0.1564796,0.250178,17.30735,0.2171916,0.4423775,17.88064
"2024-10-07 00:00:00",723,13.01466,0.08251781,0.1099593,17.2133,0.15554,0.2488994,17.17529,0.2103547,0.4354624,17.64264
"2024-10-07 12:00:00",724,12.8325,0.08120709,0.1073174,15.52059,0.1559468,0.2488367,17.06664,0.2163723,0.4475394,17.69932
"2024-10-08 00:00:00",725,12.99451,0.08300959,0.1317389,17.2956,0.1551159,0.2492306,17.1335,0.2111648,0.4429309,17.50014
"2024-10-08 12:00:00",726,12.80732,0.07883287,0.1189615,14.83147,0.1554491,0.2491588,16.94877,0.2163754,0.4559135,17.60529
"2024-10-09 00:00:00",727,12.99199,0.08163912,0.1326215,17.3225,0.155271,0.2503835,17.04994,0.212949,0.4519997,17.37869
"2024-10-09 12:00:00",728,12.81403,0.07810243,0.122978,15.14627,0.1557629,0.2513667,16.99703,0.2168565,0.463132,17.54619
"2024-10-10 00:00:00",729,12.98444,0.08151868,0.1370486,17.83288,0.1559189,0.2531434,17.14329,0.2133424,0.4595797,17.36996
"2024-10-10 12:00:00",730,12.78298,0.07928872,0.1246579,15.378,0.1563141,0.2534856,17.0729,0.2170776,0.4700176,17.55542
"2024-10-11 00:00:00",731,12.89378,0.07850305,0.1321645,17.86946,0.1559437,0.2542236,17.11917,0.2137927,0.4657627,17.34371
"2024-10-11 12:00:00",732,12.75695,0.07408862,0.1192902,15.54607,0.1564112,0.2546207,17.07847,0.2172438,0.4752931,17.52022
"2024-10-12 00:00:00",733,12.97772,0.07566459,0.1368899,17.81419,0.156013,0.2553444,17.14236,0.213966,0.4718361,17.34066
"2024-10-12 12:00:00",734,12.82075,0.07303736,0.12247,15.29262,0.1563103,0.2551332,17.02289,0.217288,0.4813184,17.49346
"2024-10-13 00:00:00",735,12.99703,0.07531857,0.1256724,17.67714,0.1562544,0.2563663,17.06499,0.2159714,0.4792671,17.28601
"2024-10-13 12:00:00",736,12.83082,0.07241733,0.1129233,14.83567,0.1562441,0.2551455,16.81306,0.2180275,0.485913,17.38803
"2024-10-14 00:00:00",737,12.99032,0.07484737,0.1212952,17.52065,0.1563547,0.2562417,16.8194,0.2167389,0.4828348,17.10908
"2024-10-14 12:00:00",738,12.84929,0.0735364,0.1106833,16.08201,0.1569297,0.258567,16.99645,0.2187177,0.4901568,17.30886
"2024-10-15 00:00:00",739,12.99283,0.07511777,0.1140712,18.24531,0.1571549,0.2614878,17.31982,0.2168645,0.4896356,17.29501
"2024-10-15 12:00:00",740,12.81236,0.07246532,0.1105631,15.5724,0.1571878,0.260726,17.12204,0.2189781,0.4973035,17.48158
"2024-10-16 00:00:00",741,12.99451,0.07458879,0.1181545,17.78645,0.156994,0.2604355,16.99656,0.2174318,0.493645,17.20553
"2024-10-16 12:00:00",742,12.82914,0.07297923,0.1078836,15.69085,0.1571165,0.2602503,16.90215,0.219152,0.4992714,17.31791
"2024-10-17 00:00:00",743,12.99283,0.07386465,0.1081168,17.75166,0.1570421,0.2615919,17.03856,0.2177913,0.4974144,17.17595
"2024-10-17 12:00:00",744,12.84761,0.0718705,0.09855493,16.1626,0.1573062,0.2620904,17.02993,0.2191271,0.5033512,17.32572
"2024-10-18 00:00:00",745,13.00962,0.07111118,0.09411676,17.18125,0.1571171,0.2619505,16.9963,0.2182307,0.5024607,17.21301
"2024-10-18 12:00:00",746,12.84006,0.06949304,0.08663747,14.88185,0.1574111,0.2600635,16.7039,0.2195692,0.5075095,17.23429
"2024-10-19 00:00:00",747,13.19346,0.06982648,0.08785784,14.65091,0.1567308,0.2552346,15.98753,0.2219352,0.506812,16.80632
"2024-10-19 12:00:00",748,12.88371,0.06863786,0.08378802,13.01048,0.1561846,0.2507369,15.35775,0.2241029,0.5074537,16.43977
"2024-10-20 00:00:00",749,13.06251,0.07020111,0.0896966,14.52466,0.1563365,0.2504436,15.16836,0.2255747,0.5060012,16.01659
"2024-10-20 12:00:00",750,12.82579,0.0692894,0.08617969,12.84274,0.1562182,0.2487674,14.88702,0.2271608,0.508936,15.90196
"2024-10-21 00:00:00",751,13.04404,0.07132612,0.09164786,14.54827,0.1568925,0.2507746,14.89844,0.2279736,0.5089526,15.62599
"2024-10-21 12:00:00",752,12.82075,0.06986731,0.08592278,12.9649,0.1569517,0.2491613,14.7113,0.229547,0.5123801,15.59854
"2024-10-22 00:00:00",753,13.06335,0.07140047,0.09235372,14.36849,0.1571527,0.2511906,14.71688,0.2310694,0.5129431,15.39133
"2024-10-22 12:00:00",754,12.80312,0.06878884,0.08225931,11.41084,0.1565993,0.2466556,14.18014,0.2325346,0.5151422,15.29782
"2024-10-23 00:00:00",755,13.02977,0.07144514,0.09148224,13.85649,0.1566967,0.2466668,14.02775,0.2331996,0.5118974,14.87957
"2024-10-23 12:00:00",756,12.7813,0.06936134,1.195613,11.27955,0.1566276,0.2448939,13.8114,0.2343428,0.5151221,14.88062
"2024-10-24 00:00:00",757,13.0071,0.07208163,0.09277778,13.69011,0.1567801,0.2459371,13.75479,0.2349557,0.5128751,14.55557
"2024-10-24 12:00:00",758,12.76954,0.06928004,0.08234685,10.87407,0.1566463,0.2439922,13.51769,0.2359132,0.5163383,14.58989
"2024-10-25 00:00:00",759,12.98024,0.07210585,0.09220269,13.35568,0.1568324,0.2449616,13.44982,0.2361338,0.5136671,14.26237
"2024-10-25 12:00:00",760,12.74268,0.06908103,0.08141863,10.35559,0.1565017,0.2423436,13.15315,0.2373794,0.5166299,14.28021
"2024-10-26 00:00:00",761,13.03145,0.07155327,0.09038822,12.76818,0.1564496,0.2426355,13.01648,0.2369385,0.5131114,13.9141
"2024-10-26 12:00:00",762,12.75024,0.06874477,0.07988027,9.94978,0.1563091,0.240336,12.74912,0.2379017,0.5158793,13.92012
"2024-10-27 00:00:00",763,13.00794,0.0716184,0.09008072,12.62682,0.1564036,0.2414128,12.73406,0.237073,0.5126227,13.60278
"2024-10-27 12:00:00",764,12.75443,0.06893162,0.07981409,9.892663,0.1562276,0.2399054,12.54986,0.2383071,0.5162814,13.66575
"2024-10-28 00:00:00",765,13.04992,0.07184213,0.0899964,12.55613,0.1559055,0.2405493,12.5387,0.2370302,0.5130032,13.38096
"2024-10-28 12:00:00",766,12.79053,0.07094513,0.08737824,11.38118,0.1563382,0.2426399,12.77423,0.2380967,0.5180973,13.54959
"2024-10-29 00:00:00",767,13.00962,0.07484184,0.09236595,12.45127,0.1561125,0.2427939,12.78633,0.2371612,0.5174604,13.46523
"2024-10-29 12:00:00",768,12.80648,0.0743776,0.08989883,11.80238,0.156579,0.243914,12.86744,0.2376777,0.5210547,13.55748
"2024-10-30 00:00:00",769,13.15317,0.07361457,0.08834153,11.88947,0.1567965,0.244135,12.828,0.2380563,0.5218866,13.50411
"2024-10-30 12:00:00",770,12.82998,0.07228933,0.08284529,10.42203,0.156528,0.2410689,12.43605,0.2388364,0.5227828,13.41553
"2024-10-31 00:00:00",771,13.23627,0.07374001,0.08625986,11.21426,0.1565643,0.2406802,12.25303,0.2397268,0.5212166,13.15763
"2024-10-31 12:00:00",772,12.79892,0.07132722,0.07933739,8.408338,0.1558607,0.2349398,11.49477,0.2405846,0.5200511,12.91506
"2024-11-01 00:00:00",773,13.14477,0.07293823,0.08567025,10.17892,0.1555511,0.2337627,11.18938,0.2405071,0.5144988,12.41506
"2024-11-01 12:00:00",774,12.75108,0.07086936,0.07804667,7.448831,0.1552468,0.2301171,10.71017,0.2413036,0.5143806,12.24535
"2024-11-02 00:00:00",775,13.13806,0.07276662,0.0855911,9.41092,0.1551697,0.2289847,10.40821,0.2411508,0.508966,11.76267
"2024-11-02 12:00:00",776,12.76367,0.07087766,0.07859641,7.036557,0.1548126,0.2267239,10.09793,0.2419253,0.5095343,11.64502
"2024-11-03 00:00:00",777,13.13806,0.0731535,0.0876791,9.434708,0.1549131,0.2270027,9.990102,0.2418504,0.5055947,11.26584
"2024-11-03 12:00:00",778,12.80228,0.07295755,0.08631542,9.016494,0.1556976,0.2302683,10.36942,0.2426273,0.5096517,11.39466
"2024-11-04 00:00:00",779,13.24467,0.07389642,0.0890466,9.797132,0.1560087,0.2325168,10.56062,0.2428313,0.5118126,11.4179
"2024-11-04 12:00:00",780,12.81739,0.07210571,0.081916,8.429801,0.1559978,0.231115,10.38538,0.2438871,0.5140231,11.45182
"2024-11-05 00:00:00",781,13.1901,0.07297581,0.08650221,9.467303,0.1560115,0.2315101,10.32772,0.2442106,0.5131195,11.2932
"2024-11-05 12:00:00",782,12.77458,0.07099691,0.07885481,6.773481,0.1553124,0.2268237,9.705096,0.2449269,0.512689,11.14379
"2024-11-06 00:00:00",783,13.3135,0.07222763,0.08143132,7.746069,0.1553451,0.2249637,9.355404,0.2445545,0.5078425,10.71469
"2024-11-06 12:00:00",784,12.82663,0.07066386,0.07644975,6.339137,0.1548342,0.2220568,8.95558,0.2457375,0.5062248,10.49171
"2024-11-07 00:00:00",785,13.23711,0.07170925,0.08036516,7.444429,0.1547885,0.2222433,8.848454,0.2456706,0.5032724,10.20043
"2024-11-07 12:00:00",786,12.71918,0.06981453,0.07514373,5.314565,0.1544665,0.2196705,8.490918,0.2461252,0.503022,10.07952
"2024-11-08 00:00:00",787,13.23963,0.07136678,0.07967475,6.623861,0.154256,0.2175558,8.089925,0.2461548,0.4976887,9.640359
"2024-11-08 12:00:00",788,12.76451,0.07000346,0.075745,5.191167,0.1539778,0.2159779,7.859909,0.2467164,0.4970428,9.488576
"2024-11-09 00:00:00",789,13.1985,0.07216369,0.08349402,7.427893,0.1545323,0.218396,8.049357,0.2469926,0.4953452,9.287395
"2024-11-09 12:00:00",790,12.77374,0.07195941,0.08390271,7.216943,0.1551809,0.2219398,8.458952,0.2477658,0.4998064,9.484544
"2024-11-10 00:00:00",791,13.07342,0.07328047,0.08896315,8.459851,0.1557547,0.2257511,8.836348,0.2480752,0.5027519,9.604238
"2024-11-10 12:00:00",792,12.7175,0.07112901,0.08033241,5.888383,0.1554473,0.2228906,8.475979,0.2483842,0.5053282,9.693828
"2024-11-11 00:00:00",793,13.14645,0.07288064,0.08832861,7.75031,0.1553812,0.222651,8.307114,0.2484754,0.5019507,9.398281
"2024-11-11 12:00:00",794,12.7368,0.0710508,0.08052289,5.419524,0.1552114,0.2209038,8.079472,0.2493255,0.5034128,9.401358
"2024-11-12 00:00:00",795,13.09944,0.07290555,0.08865149,7.406858,0.1552557,0.2210355,7.961256,0.2490422,0.500096,9.105773
"2024-11-12 12:00:00",796,12.71498,0.07103943,0.08085901,5.358607,0.1551719,0.2199469,7.834661,0.2496234,0.5020012,9.139885
"2024-11-13 00:00:00",797,13.21193,0.07205339,0.08509039,7.103787,0.1552203,0.2199244,7.757372,0.2499674,0.4972881,8.899941
"2024-11-13 12:00:00",798,12.76283,0.07114939,0.08105553,5.674722,0.1553514,0.2205037,7.811157,0.2507014,0.4999392,8.971801
"2024-11-14 00:00:00",799,13.20857,0.0721982,0.08676066,6.93343,0.1554095,0.220424,7.68723,0.2505105,0.4984181,8.790856
"2024-11-14 12:00:00",800,12.73597,0.07005931,0.07835291,4.273248,0.1547983,0.217102,7.273404,0.2511297,0.4989103,8.727182
"2024-11-15 00:00:00",801,13.13806,0.07205339,0.08545065,6.097075,0.1546057,0.21611,7.009947,0.250769,0.4941851,8.339554
"2024-11-15 12:00:00",802,12.71078,0.06995787,0.0778932,4.027754,0.1545177,0.2143576,6.792035,0.2513227,0.4945699,8.285122
"2024-11-16 00:00:00",803,13.11371,0.07092325,0.08277696,6.608346,0.1548823,0.2160572,6.89899,0.2508262,0.4929613,8.048323
"2024-11-16 12:00:00",804,12.70407,0.06882253,0.07509051,4.466727,0.1548212,0.2160637,6.919569,0.2515053,0.4959709,8.179353
"2024-11-17 00:00:00",805,13.25642,0.07056587,0.08066835,5.9139,0.154731,0.2156252,6.758869,0.251338,0.4932045,7.952894
"2024-11-17 12:00:00",806,12.73597,0.0686011,0.07401089,3.434897,0.1543255,0.212585,6.388936,0.2519816,0.4933075,7.886902
"2024-11-18 00:00:00",807,13.19262,0.07038024,0.08031318,5.170707,0.1542912,0.2119231,6.170842,0.2515316,0.4889972,7.534834
"2024-11-18 12:00:00",808,12.70994,0.06848624,0.07353476,2.924271,0.1539579,0.2095335,5.8772,0.2519299,0.4894042,7.468409
"2024-11-19 00:00:00",809,13.20689,0.07060882,0.08135487,5.122362,0.1542207,0.2104169,5.874843,0.2516629,0.486033,7.184897
"2024-11-19 12:00:00",810,12.73345,0.06967191,0.07750596,4.11526,0.1545667,0.2121695,6.09478,0.2519659,0.489273,7.317402
"2024-11-20 00:00:00",811,13.26145,0.06869966,0.07644475,4.667864,0.1545459,0.2120005,5.997159,0.2520973,0.4890323,7.217555
"2024-11-20 12:00:00",812,12.71498,0.06634921,0.06847089,1.833012,0.1536184,0.2065827,5.32269,0.2525246,0.4874026,7.046612
"2024-11-21 00:00:00",813,13.19178,0.06751608,0.07262281,3.316411,0.1534029,0.2044415,4.922401,0.2520907,0.4809606,6.569117
"2024-11-21 12:00:00",814,12.69567,0.06625822,0.0681496,1.436063,0.1530341,0.2022438,4.621934,0.2523073,0.4794618,6.410687
"2024-11-22 00:00:00",815,13.08265,0.0682072,0.07370625,3.279868,0.1531487,0.2023323,4.505866,0.2522043,0.4752573,6.07768
"2024-11-22 12:00:00",816,12.64279,0.06646311,0.06822921,1.367717,0.1529777,0.201281,4.373612,0.2526612,0.4758721,6.056216
"2024-11-23 00:00:00",817,13.19094,0.06852295,0.07459446,3.290311,0.1531617,0.2016738,4.308411,0.2524639,0.4724989,5.790562
"2024-11-23 12:00:00",818,12.67217,0.06668651,0.06905377,1.446348,0.1529799,0.2010616,4.238949,0.2529013,0.4737935,5.823344
"2024-11-24 00:00:00",819,13.1666,0.06861442,0.07572263,3.696259,0.1533622,0.2026453,4.329219,0.252659,0.4714783,5.638225
"2024-11-24 12:00:00",820,12.69819,0.06753267,0.07093489,2.345637,0.1534405,0.2036276,4.466636,0.2528669,0.4745727,5.791916
"2024-11-25 00:00:00",821,13.14813,0.06889684,0.07722247,4.937631,0.1541319,0.20695,4.823757,0.2531166,0.474903,5.780312
"2024-11-25 12:00:00",822,12.68896,0.06774148,0.07256,2.997757,0.1544197,0.2086141,5.037268,0.2537938,0.4799019,6.070722
"2024-11-26 00:00:00",823,13.22032,0.06952537,0.07882071,4.726808,0.1545565,0.2085807,4.941672,0.2536137,0.4786942,5.956412
"2024-11-26 12:00:00",824,12.73764,0.06918965,0.07682133,4.05356,0.1551127,0.2113778,5.28486,0.2535664,0.4825381,6.16291
"2024-11-27 00:00:00",825,13.32945,0.06959788,0.07573695,3.67907,0.1559246,0.2100508,5.115926,0.2535093,0.4830281,6.163343
"2024-11-27 12:00:00",826,12.80144,0.09702528,0.1581627,3.300736,0.1556631,0.2086388,4.890544,0.25361,0.4821616,6.062841
"2024-11-28 00:00:00",827,13.23795,0.1659801,0.2681943,4.373401,0.1560804,0.2110662,5.038,0.2539513,0.4819686,6.001381
"2024-11-28 12:00:00",828,12.73429,0.1734657,0.241578,2.625133,0.1557986,0.2092454,4.80684,0.2543509,0.4829353,6.038021
"2024-11-29 00:00:00",829,13.28832,0.1753198,0.2429754,2.979924,0.1555611,0.206766,4.39478,0.2544017,0.4788306,5.73863
"2024-11-29 12:00:00",830,12.73429,0.1733705,0.2301071,1.97862,0.1552997,0.2051384,4.129104,0.2547115,0.4769371,5.577146
"2024-11-30 00:00:00",831,13.28664,0.1723758,0.2284511,2.079815,0.1552246,0.2032067,3.795007,0.2546234,0.4731628,5.297668
"2024-11-30 12:00:00",832,12.72421,0.170915,0.2218669,1.526447,0.1548895,0.2021929,3.589389,0.2548669,0.4709904,5.118084
"2024-12-01 00:00:00",833,13.28076,0.169225,0.2199057,1.576025,0.1547149,0.2009666,3.354948,0.2545713,0.468036,4.892959
"2024-12-01 12:00:00",834,12.70407,0.1678055,0.2157682,1.255932,0.1547865,0.2004303,3.207916,0.2545691,0.4662232,4.737749
"2024-12-02 00:00:00",835,13.26397,0.1660431,0.2147119,1.334946,0.1548732,0.1997506,3.045686,0.2548048,0.4640885,4.565384
"2024-12-02 12:00:00",836,12.70491,0.1651267,0.2122721,1.155481,0.1548767,0.1997509,2.964953,0.2549448,0.4628111,4.449154
"2024-12-03 00:00:00",837,13.16996,0.1641017,0.2127334,1.38712,0.1548617,0.1998457,2.890141,0.2550925,0.4614809,4.332751
"2024-12-03 12:00:00",838,12.68056,0.1634163,0.2101562,1.172881,0.1548094,0.2002589,2.867246,0.2551351,0.4610873,4.274709
"2024-12-04 00:00:00",839,13.25306,0.1627146,0.2120685,1.483726,0.1552734,0.2006846,2.82857,0.2552283,0.4602359,4.192364
"2024-12-04 12:00:00",840,12.7175,0.1620262,0.2097163,1.235572,0.155474,0.2013017,2.839387,0.2552134,0.4603898,4.172589
"2024-12-05 00:00:00",841,13.14897,0.1617954,0.2134967,1.69509,0.1557568,0.2021703,2.845393,0.2552645,0.4599161,4.116496
"2024-12-05 12:00:00",842,12.67553,0.1610759,0.2088605,1.283388,0.1560715,0.2028376,2.874282,0.2551733,0.4607378,4.140442
"2024-12-06 00:00:00",843,13.18339,0.1606931,0.2124473,1.717902,0.1562411,0.2033473,2.845311,0.2552454,0.4600567,4.078343
"2024-12-06 12:00:00",844,12.67133,0.1598115,0.207307,1.256696,0.1562514,0.2038191,2.854373,0.2551906,0.4607538,4.097991
"2024-12-07 00:00:00",845,13.20353,0.1594128,0.2095836,1.570975,0.1564568,0.2038732,2.774632,0.2552746,0.4597967,4.016658
"2024-12-07 12:00:00",846,12.6856,0.158469,0.2050866,1.15552,0.1566919,0.2042115,2.758786,0.2557321,0.4600404,4.006781
"2024-12-08 00:00:00",847,13.19094,0.1578171,0.2061175,1.337381,0.1567266,0.203948,2.649296,0.2553792,0.4588991,3.915919
"2024-12-08 12:00:00",848,12.67049,0.1569986,0.2029939,1.067917,0.1566902,0.2042182,2.624311,0.2560605,0.4587171,3.879126
"2024-12-09 00:00:00",849,13.25558,0.1563898,0.2039916,1.219482,0.1573097,0.204394,2.551738,0.2556672,0.4574813,3.801325
"2024-12-09 12:00:00",850,12.6814,0.1555614,0.2014151,1.042102,0.1574094,0.2048467,2.546601,0.2563252,0.4576287,3.782513
"2024-12-10 00:00:00",851,13.35967,0.1547863,0.2015432,1.137878,0.157678,0.2050128,2.494959,0.2557904,0.4574767,3.722461
"2024-12-10 12:00:00",852,12.73597,0.153508,0.198401,0.8403019,0.1578927,0.2049808,2.434455,0.2563639,0.4573119,3.688195
"2024-12-11 00:00:00",853,13.34288,0.1524057,0.1963492,0.7348145,0.1574977,0.2041554,2.265156,0.2557271,0.4558188,3.57938
"2024-12-11 12:00:00",854,12.7494,0.1511734,0.1940826,0.5547566,0.157617,0.2032267,2.139175,0.2558492,0.4545121,3.467148
"2024-12-12 00:00:00",855,13.33868,0.1486448,0.1914616,0.4746889,0.1576746,0.2027851,1.985564,0.256029,0.4528589,3.343988
"2024-12-12 12:00:00",856,12.66629,0.1464578,0.1882868,0.3263084,0.157858,0.2025595,1.889358,0.2561833,0.4514404,3.236424
"2024-12-13 00:00:00",857,13.32609,0.1414662,0.1834895,0.244638,0.1580253,0.2019288,1.746364,0.2563965,0.4494352,3.119132
"2024-12-13 12:00:00",858,12.73177,0.1411732,0.1830138,0.2429217,0.1585466,0.2022048,1.707704,0.2565037,0.4484468,3.031777
"2024-12-14 00:00:00",859,13.30259,0.1379357,0.180398,0.2308246,0.1585068,0.2025287,1.655427,0.2565888,0.4476319,2.960724
"2024-12-14 12:00:00",860,12.70827,0.1365799,0.1783854,0.1565508,0.1585049,0.2025147,1.623356,0.2566412,0.44712,2.912388
"2024-12-15 00:00:00",861,13.02389,0.1307289,0.1739679,0.1237885,0.1589067,0.2024163,1.540586,0.2562285,0.4462785,2.837563
"2024-12-15 12:00:00",862,12.66042,0.1331024,0.1755633,0.1616774,0.1592535,0.2029239,1.541711,0.2566279,0.4458507,2.78993
"2024-12-16 00:00:00",863,13.17835,0.1320084,0.1749306,0.1745691,0.1592092,0.2032587,1.518297,0.2563955,0.445522,2.754021
"2024-12-16 12:00:00",864,12.70323,0.1325073,0.1747053,0.1203917,0.1591569,0.203671,1.50582,0.2567151,0.4453119,2.726527
"2024-12-17 00:00:00",865,13.18423,0.130202,0.1735682,0.1236854,0.1599046,0.2038652,1.449416,0.2564029,0.4447302,2.677682
"2024-12-17 12:00:00",866,12.72421,0.1319336,0.1752382,0.2024082,0.1598763,0.204289,1.472702,0.2567268,0.444605,2.651305
"2024-12-18 00:00:00",867,13.16828,0.1328302,0.176448,0.2359687,0.1601481,0.2050564,1.486905,0.2566009,0.4446498,2.642064
"2024-12-18 12:00:00",868,12.69315,0.1335855,0.1767403,0.1974536,0.1605337,0.2053944,1.483989,0.2568941,0.4446613,2.632385
"2024-12-19 00:00:00",869,13.14981,0.1324817,0.1763625,0.205094,0.1604685,0.2059104,1.458873,0.2568313,0.4445258,2.607095
"2024-12-19 12:00:00",870,12.7091,0.1328867,0.1763608,0.1911325,0.1609057,0.2061271,1.463551,0.2569289,0.4444245,2.595067
"2024-12-20 00:00:00",871,13.13806,0.1324674,0.1762046,0.1927579,0.1612003,0.2064458,1.433607,0.2569487,0.4442673,2.571358
"2024-12-20 12:00:00",872,12.66797,0.1317437,0.1747264,0.107888,0.1611621,0.2067581,1.421214,0.2569629,0.4441099,2.553252
"2024-12-21 00:00:00",873,12.98276,0.130178,0.1738005,0.1033634,0.1611687,0.2068542,1.364151,0.2565904,0.4436878,2.514789
"2024-12-21 12:00:00",874,12.61928,0.1292999,0.1720286,0.006500201,0.1615879,0.2071456,1.345437,0.2567908,0.4433806,2.483632
"2024-12-22 00:00:00",875,13.1666,0.1267414,0.1704053,0.02906164,0.161918,0.2070763,1.278615,0.2562956,0.4427532,2.436022
"2024-12-22 12:00:00",876,12.6579,0.1260565,0.1689937,-0.07035278,0.1618793,0.2073717,1.264732,0.2563297,0.4424043,2.405239
"2024-12-23 00:00:00",877,13.17835,0.1230268,0.1673815,0.008044584,0.1618664,0.2074682,1.217255,0.2563844,0.4418885,2.361393
"2024-12-23 12:00:00",878,12.74268,0.1257995,0.1697019,0.1249961,0.1625614,0.2082093,1.263404,0.2563977,0.441786,2.350147
"2024-12-24 00:00:00",879,13.13302,0.1271717,0.1713314,0.194679,0.1624611,0.2091177,1.312491,0.2563631,0.4421094,2.361484
"2024-12-24 12:00:00",880,12.70155,0.1288788,0.1727564,0.220956,0.1630918,0.209648,1.346883,0.2563266,0.4424568,2.378891
"2024-12-25 00:00:00",881,13.14645,0.129855,0.1748338,0.2819079,0.1630869,0.2104915,1.372791,0.2562949,0.4427406,2.389701
"2024-12-25 12:00:00",882,12.73177,0.1314967,0.1767659,0.3483068,0.1636992,0.2110381,1.414268,0.2562535,0.4431359,2.406763
"2024-12-26 00:00:00",883,13.12295,0.1339232,0.1875429,1.056057,0.1643361,0.2150954,1.684195,0.2564046,0.4448695,2.498356
"2024-12-26 12:00:00",884,12.69483,0.1346689,0.1844431,1.013265,0.1647279,0.2176523,1.955889,0.2564846,0.4486395,2.73561
"2024-12-27 00:00:00",885,13.2304,0.1361543,0.1883582,1.515072,0.1655789,0.2189958,2.086211,0.2562953,0.4503938,2.834305
"2024-12-27 12:00:00",886,12.72505,0.1372294,0.1882602,1.547867,0.166025,0.2201844,2.263607,0.2560669,0.4525246,2.981386
"2024-12-28 00:00:00",887,13.21445,0.1428243,0.1979857,2.208805,0.1667599,0.2229735,2.483485,0.2563184,0.454277,3.092526
"2024-12-28 12:00:00",888,12.73597,0.1639074,0.2226479,2.181856,0.1668759,0.2250848,2.695711,0.2564692,0.4569681,3.271699
"2024-12-29 00:00:00",889,13.12295,0.1717084,0.238997,3.152332,0.1676128,0.2287834,3.007562,0.2569675,0.4593311,3.417309
"2024-12-29 12:00:00",890,12.70827,0.1729471,0.2295566,2.184645,0.1679443,0.2293889,3.063986,0.2570668,0.4625235,3.622194
"2024-12-30 00:00:00",891,13.13638,0.174646,0.2366394,3.018709,0.1684042,0.2306767,3.0905,0.2570156,0.4625446,3.613672
"2024-12-30 12:00:00",892,12.72925,0.1746581,0.2280694,2.254724,0.1686014,0.2311021,3.114614,0.2572332,0.4644473,3.735322
"2024-12-31 00:00:00",893,13.14477,0.1746963,0.2319618,2.885486,0.1689411,0.23243,3.150815,0.2572919,0.4639236,3.716061
"2024-12-31 12:00:00",894,12.68224,0.1727412,0.2188039,1.495568,0.1688637,0.2303665,2.897091,0.257274,0.4640712,3.720804
"2025-01-01 00:00:00",895,13.21193,0.1719527,0.2168355,1.382496,0.1689361,0.227911,2.524038,0.2573882,0.4607117,3.498843
