"TOA5","S2T","CR200X","23594","CR200X.Std.04","CSU_3depths_M3.CR2","60237","Table3"
"TIMESTAMP","RECORD","VWC_1_Avg","EC_1_Avg","T_1_Avg","VWC_2_Avg","EC_2_Avg","T_2_Avg","VWC_3_Avg","EC_3_Avg","T_3_Avg"
"TS","RN","m^3/m^3","dS/m","Deg C","m^3/m^3","dS/m","Deg C","m^3/m^3","dS/m","Deg C"
"","","Avg","Avg","Avg","Avg","Avg","Avg","Avg","Avg","Avg"
"2023-10-12 00:00:00",0,0.1464816,0.1901212,14.28193,0.2011873,0.3597999,14.88628,0.2819365,0.4802828,15.50197
"2023-10-13 00:00:00",1,0.1450368,0.1829935,13.01523,0.2007446,0.3541676,14.31892,0.2834252,0.4793238,15.22602
"2023-10-14 00:00:00",2,0.1433311,0.1781231,12.17053,0.1989211,0.3467511,13.65807,0.2834733,0.4756128,14.71826
"2023-10-15 00:00:00",3,0.1409384,0.1697399,10.95311,0.1968332,0.3364577,12.77896,0.2832339,0.4703736,14.09875
"2023-10-16 00:00:00",4,0.1400157,0.1681466,10.89779,0.1949266,0.3308176,12.30656,0.2820814,0.4656641,13.55115
"2023-10-17 00:00:00",5,0.1391308,0.1688817,11.38806,0.1928635,0.329795,12.42154,0.2807131,0.4663178,13.41306
"2023-10-18 00:00:00",6,0.1374224,0.1673527,11.51938,0.1905141,0.3273584,12.50947,0.2791638,0.4686267,13.40756
"2023-10-19 00:00:00",7,0.1356224,0.1659767,11.72396,0.1880573,0.3248929,12.624,0.2774895,0.4711125,13.433
"2023-10-20 00:00:00",8,0.1339656,0.1654191,12.12589,0.1856063,0.3233316,12.83581,0.2754581,0.4743071,13.51988
"2023-10-21 00:00:00",9,0.131657,0.1620646,11.9843,0.1831387,0.320409,12.9009,0.2731656,0.4772448,13.60358
"2023-10-22 00:00:00",10,0.1291052,0.1575455,11.63951,0.1805178,0.3151239,12.70415,0.2708487,0.4774713,13.51569
"2023-10-23 00:00:00",11,0.1270687,0.1548627,11.60405,0.1782827,0.311549,12.60494,0.2685091,0.4777015,13.41265
"2023-10-24 00:00:00",12,0.1261927,0.1554118,12.14116,0.1766976,0.3116082,12.80266,0.2663422,0.4799935,13.44169
"2023-10-25 00:00:00",13,0.1239686,0.1505044,11.484,0.1750065,0.3082181,12.61224,0.2646537,0.4817668,13.40853
"2023-10-26 00:00:00",14,0.122163,0.1469062,11.06661,0.1734571,0.3038815,12.23932,0.2631613,0.4808203,13.15113
"2023-10-27 00:00:00",15,0.1213574,0.1448605,10.91086,0.1726397,0.3026149,12.08649,0.2622399,0.4817177,12.97797
"2023-10-28 00:00:00",16,0.1201782,0.1416336,10.40875,0.1719515,0.2999054,11.67898,0.2622287,0.482071,12.69245
"2023-10-29 00:00:00",17,0.120976,0.1455026,11.3141,0.1720123,0.3033685,11.88259,0.2620872,0.4844482,12.60121
"2023-10-30 00:00:00",18,0.1175634,0.1355761,9.173978,0.1715413,0.2990991,11.29815,0.2627526,0.4875615,12.45624
"2023-10-31 00:00:00",19,0.1141466,0.1213165,6.216744,0.1695837,0.2808731,9.250285,0.2634381,0.4748747,11.24002
"2023-11-01 00:00:00",20,0.1128494,0.1184083,5.664836,0.1691332,0.2735135,8.229045,0.2639502,0.4643063,10.19657
"2023-11-02 00:00:00",21,0.1131864,0.1194481,5.942278,0.1690858,0.2731633,7.952142,0.2643012,0.4605559,9.671663
"2023-11-03 00:00:00",22,0.1135965,0.1209041,6.261425,0.1692595,0.2748038,7.934082,0.2645379,0.4606386,9.441792
"2023-11-04 00:00:00",23,0.1144558,0.1240142,6.97384,0.1695593,0.2792152,8.264148,0.2647398,0.4640728,9.465383
"2023-11-05 00:00:00",24,0.1143242,0.1243649,7.10111,0.1695667,0.280418,8.337424,0.2648329,0.4674515,9.492606
"2023-11-06 00:00:00",25,0.1149015,0.1270042,7.775653,0.1698851,0.284417,8.67229,0.2650776,0.4724853,9.62259
"2024-01-05 00:00:00",85,0.1284288,0.1014765,-0.4013011,0.1840938,0.2614244,0.3772925,0.274862,0.416667,1.496485
"2024-01-06 00:00:00",86,0.1361273,0.1119852,-0.2894118,0.1840777,0.2630854,0.5101256,0.2747442,0.4179626,1.564187
"2024-01-07 00:00:00",87,0.14013,0.1167719,-0.2845062,0.183941,0.2642322,0.5930701,0.2746793,0.4190021,1.617199
"2024-01-08 00:00:00",88,0.1417234,0.1190432,-0.2372162,0.1846041,0.264952,0.6307498,0.2747902,0.419524,1.635746
"2024-01-09 00:00:00",89,0.1466394,0.1263515,-0.1844559,0.1845648,0.2658031,0.6732686,0.2747266,0.4199565,1.650688
"2024-01-10 00:00:00",90,0.1297765,0.101106,-0.6725537,0.1846285,0.2651775,0.5720521,0.2749864,0.4195296,1.608219
"2024-01-11 00:00:00",91,0.1229563,0.08916291,-0.8330673,0.1842047,0.2628516,0.3300593,0.2748214,0.4171084,1.426533
"2024-01-12 00:00:00",92,0.1268571,0.09455924,-0.5454757,0.1847678,0.2631566,0.303567,0.2748958,0.4161947,1.338135
"2024-01-13 00:00:00",93,0.1185521,0.0834584,-1.179947,0.1845871,0.2617814,0.1890216,0.2746187,0.4153201,1.267809
"2024-01-14 00:00:00",94,0.1179585,0.08304475,-1.016795,0.1839284,0.2578525,0.005045747,0.2744375,0.4127691,1.082644
"2024-01-15 00:00:00",95,0.1296417,0.09914833,-0.3501784,0.1834793,0.2584873,0.101293,0.2743889,0.4133075,1.084611
"2024-01-16 00:00:00",96,0.1413822,0.1169333,-0.1843266,0.1840566,0.2615215,0.2675124,0.2741958,0.4153695,1.204752
"2024-01-17 00:00:00",97,0.1304277,0.1000557,-0.6578198,0.1840746,0.263116,0.3586655,0.2741099,0.4166741,1.288607
"2024-01-18 00:00:00",98,0.1217235,0.08576586,-0.9095083,0.1842733,0.2614638,0.2052513,0.2741897,0.4154607,1.198731
"2024-01-19 00:00:00",99,0.1249638,0.08944166,-0.6017345,0.1844977,0.261014,0.1491519,0.2742804,0.414466,1.118204
"2024-01-20 00:00:00",100,0.1276227,0.09420821,-0.5373353,0.1850372,0.2618696,0.1991748,0.2742381,0.414939,1.128722
"2024-01-21 00:00:00",101,0.1344019,0.10414,-0.3065069,0.1849217,0.2628614,0.2684847,0.274167,0.4156753,1.160966
"2024-01-22 00:00:00",102,0.1452643,0.1218215,-0.1499052,0.1852541,0.2641945,0.3594265,0.274051,0.4169382,1.22603
"2024-01-23 00:00:00",103,0.166396,0.1484054,-0.08687261,0.1857651,0.2659399,0.4688686,0.2739273,0.418317,1.3061
"2024-01-24 00:00:00",104,0.2217979,0.2091282,0.09991561,0.1866643,0.2714451,0.8318801,0.2738009,0.4218923,1.519327
"2024-01-25 00:00:00",105,0.22899,0.2222981,1.778415,0.1882496,0.2807021,1.753996,0.2743702,0.4301288,2.079765
"2024-01-26 00:00:00",106,0.2282438,0.223285,2.277229,0.1891914,0.2861926,2.282727,0.2745341,0.4370097,2.561081
"2024-01-27 00:00:00",107,0.2276686,0.2277021,2.927462,0.1902263,0.2926874,2.789897,0.2746561,0.4429474,2.942983
"2024-01-28 00:00:00",108,0.2248147,0.2170221,1.817527,0.1903815,0.2906289,2.540386,0.2745913,0.4448327,3.068713
"2024-01-29 00:00:00",109,0.2233027,0.2141955,1.680655,0.1905964,0.2880691,2.222339,0.2743814,0.4418469,2.856813
"2024-01-30 00:00:00",110,0.222338,0.2151375,1.945395,0.1913263,0.2900608,2.302182,0.2740721,0.4421123,2.858768
"2024-01-31 00:00:00",111,0.2214381,0.2167933,2.313816,0.1930683,0.294904,2.555546,0.2743642,0.4445398,3.00676
"2024-02-01 00:00:00",112,0.2200681,0.2154789,2.31088,0.1939674,0.2988626,2.681616,0.2743791,0.4468705,3.153854
"2024-02-02 00:00:00",113,0.2190494,0.2163509,2.689406,0.1943828,0.3018152,2.835527,0.2742282,0.4486389,3.258142
"2024-02-03 00:00:00",114,0.2207576,0.2295013,4.46456,0.1964866,0.3146421,3.816712,0.274595,0.4564214,3.756661
"2024-02-04 00:00:00",115,0.2203226,0.2294942,4.51728,0.1976132,0.3215239,4.27608,0.2750635,0.4642611,4.276133
"2024-02-05 00:00:00",116,0.2182322,0.221405,3.523598,0.1977445,0.3200144,3.997664,0.2748214,0.4653174,4.337144
"2024-02-06 00:00:00",117,0.2165012,0.2168468,3.136879,0.1976807,0.3157665,3.519726,0.2747802,0.4614122,4.059358
"2024-02-07 00:00:00",118,0.2163601,0.2217624,3.953177,0.1989744,0.3236132,3.928467,0.2746035,0.4637645,4.193863
"2024-02-08 00:00:00",119,0.2164285,0.2271013,4.749,0.2001632,0.3325515,4.44841,0.2747474,0.4690137,4.521023
"2024-02-09 00:00:00",120,0.2149201,0.2237707,4.428483,0.2013124,0.3371778,4.53546,0.2750441,0.4724683,4.735535
"2024-02-10 00:00:00",121,0.217637,0.22085,3.515091,0.2013864,0.3343183,4.231931,0.2747654,0.4719461,4.687169
"2024-02-11 00:00:00",122,0.2332658,0.2293251,2.769471,0.2010462,0.3274208,3.530099,0.2744583,0.4655966,4.263892
"2024-02-12 00:00:00",123,0.2320217,0.2213075,1.956732,0.2009815,0.3231404,3.04445,0.274176,0.4607228,3.922985
"2024-02-13 00:00:00",124,0.2298936,0.2173128,1.733583,0.201219,0.3199347,2.636019,0.2738329,0.4553018,3.542693
"2024-02-14 00:00:00",125,0.2281234,0.2153999,1.685866,0.2016149,0.3197828,2.495305,0.2735157,0.4527422,3.350767
"2024-02-15 00:00:00",126,0.2282213,0.2216305,2.61364,0.2024599,0.3241406,2.733466,0.2736044,0.4528438,3.333955
"2024-02-16 00:00:00",127,0.2276669,0.2249835,3.189112,0.2037752,0.3321968,3.31355,0.2738171,0.4584775,3.683878
"2024-02-17 00:00:00",128,0.2269308,0.2274663,3.621769,0.2047733,0.336533,3.579044,0.2737593,0.461917,3.90179
"2024-02-18 00:00:00",129,0.2257987,0.2268843,3.662449,0.2058209,0.3418863,3.910111,0.2740261,0.4666482,4.191815
"2024-02-19 00:00:00",130,0.2230058,0.2172294,2.665245,0.2058745,0.3366879,3.420213,0.2738057,0.4646337,4.05355
"2024-02-20 00:00:00",131,0.2216633,0.2171668,2.773404,0.2061909,0.335394,3.209483,0.2735368,0.4616291,3.846304
"2024-02-21 00:00:00",132,0.2222493,0.2259811,3.851332,0.207417,0.3432199,3.759626,0.2735266,0.4652014,4.04967
"2024-02-22 00:00:00",133,0.222611,0.2333709,4.741669,0.2085877,0.3520046,4.416005,0.2739417,0.4720272,4.482124
"2024-02-23 00:00:00",134,0.2208278,0.2296602,4.411321,0.2091967,0.3534713,4.48589,0.2740494,0.4755234,4.70422
"2024-02-24 00:00:00",135,0.2169269,0.2221587,3.72016,0.209318,0.3511256,4.208533,0.2738131,0.4747935,4.640435
"2024-02-25 00:00:00",136,0.21348,0.2174768,3.429975,0.2094193,0.3492422,3.960136,0.2737924,0.4728105,4.495186
"2024-02-26 00:00:00",137,0.2123886,0.2189632,3.771401,0.2098339,0.350887,4.023248,0.273785,0.4727867,4.469201
"2024-02-27 00:00:00",138,0.2118056,0.2248474,4.79917,0.2108941,0.3580977,4.54653,0.2738597,0.4772482,4.731605
"2024-02-28 00:00:00",139,0.210703,0.2288443,5.488417,0.2118666,0.3684514,5.348875,0.274131,0.4854483,5.277811
"2024-02-29 00:00:00",140,0.2056575,0.2084249,3.114069,0.210951,0.3547612,4.274985,0.2740631,0.4803312,5.001307
"2024-03-01 00:00:00",141,0.2035901,0.2055671,2.934934,0.2107763,0.3491535,3.74258,0.2737788,0.4726906,4.516074
"2024-03-02 00:00:00",142,0.2031428,0.2107294,3.914556,0.2113498,0.3532469,4.00181,0.2737898,0.4726989,4.480681
"2024-03-03 00:00:00",143,0.2037434,0.22363,5.899206,0.2128232,0.3671329,5.067549,0.2737757,0.4815377,4.991549
"2024-03-04 00:00:00",144,0.2044514,0.224492,5.487574,0.2138152,0.3732278,5.554861,0.2738981,0.491562,5.563608
"2024-03-05 00:00:00",145,0.2142161,0.2293261,4.714325,0.2131368,0.3684485,5.146363,0.27382,0.4886276,5.487145
"2024-03-06 00:00:00",146,0.2227743,0.2359382,4.919066,0.2131072,0.3680811,5.009763,0.2736113,0.4853438,5.35321
"2024-03-07 00:00:00",147,0.2237101,0.2391336,5.372478,0.2139759,0.3732422,5.25264,0.2735656,0.4874392,5.472696
"2024-03-08 00:00:00",148,0.2246506,0.2437752,6.144115,0.2161701,0.3820917,5.777452,0.2742513,0.4938505,5.781608
"2024-03-09 00:00:00",149,0.2234426,0.2421582,6.149357,0.2172432,0.3867375,6.04273,0.2743946,0.4996338,6.070191
"2024-03-10 00:00:00",150,0.2200884,0.2321435,5.0242,0.2171218,0.380837,5.509213,0.274234,0.4974558,5.92671
"2024-03-11 00:00:00",151,0.2180071,0.2311898,5.118159,0.2174049,0.3805341,5.384318,0.2740593,0.4954897,5.775243
"2024-03-12 00:00:00",152,0.2170675,0.236913,5.934401,0.2180957,0.3858559,5.718194,0.2740945,0.4970757,5.902496
"2024-03-13 00:00:00",153,0.2183957,0.2446809,6.769949,0.220471,0.3956629,6.354802,0.274381,0.5035079,6.29105
"2024-03-14 00:00:00",154,0.2166255,0.2423738,6.629837,0.220616,0.400119,6.634578,0.2742022,0.508782,6.613689
"2024-03-15 00:00:00",155,0.2190979,0.239541,5.876363,0.2198364,0.3924999,6.053028,0.2738104,0.5045189,6.386614
"2024-03-16 00:00:00",156,0.2208371,0.2441094,6.29775,0.2203995,0.3970862,6.265208,0.2738574,0.5058105,6.427898
"2024-03-17 00:00:00",157,0.2218966,0.2411025,5.937765,0.2215484,0.3954214,6.102332,0.2739153,0.5072759,6.403574
"2024-03-18 00:00:00",158,0.2293837,0.2614346,7.447432,0.2220042,0.4056508,6.728963,0.2739338,0.5106475,6.615499
"2024-03-19 00:00:00",159,0.2313237,0.2662336,7.544539,0.2227516,0.4131664,7.160489,0.274127,0.5176173,7.050576
"2024-03-20 00:00:00",160,0.2300787,0.2671669,7.865745,0.223756,0.4178728,7.405457,0.2744138,0.5232981,7.291412
"2024-03-21 00:00:00",161,0.2278358,0.267535,8.334966,0.2249453,0.4239013,7.795595,0.274752,0.5304006,7.59725
"2024-03-22 00:00:00",162,0.223394,0.266158,8.685226,0.2249727,0.4280799,8.121528,0.2747794,0.5356914,7.898048
"2024-03-23 00:00:00",163,0.2176356,0.2634889,9.088008,0.2243032,0.4320461,8.489313,0.2746504,0.5407524,8.218812
"2024-03-24 00:00:00",164,0.2117935,0.2589223,9.519958,0.2235843,0.436095,8.935956,0.2745079,0.5473649,8.588873
"2024-03-25 00:00:00",165,0.2084191,0.2470337,8.849939,0.2236663,0.434558,8.940331,0.2747019,0.5535644,8.80109
"2024-03-26 00:00:00",166,0.2077522,0.2407173,7.929631,0.2230312,0.4233992,8.119745,0.2744783,0.5464524,8.373759
"2024-03-27 00:00:00",167,0.205943,0.23736,7.681758,0.2221087,0.4199943,7.853524,0.2740783,0.543126,8.131056
"2024-03-28 00:00:00",168,0.2037202,0.2344909,7.589504,0.2217462,0.4170699,7.653684,0.2739973,0.5406566,7.942155
"2024-03-29 00:00:00",169,0.1996939,0.2336508,8.116361,0.2205592,0.4193543,7.851857,0.2734762,0.5410236,7.982459
"2024-03-30 00:00:00",170,0.197514,0.2373959,9.193174,0.2205592,0.4289274,8.620561,0.2735589,0.5484056,8.400139
"2024-03-31 00:00:00",171,0.1949448,0.234998,9.376938,0.2202354,0.4310156,8.843219,0.2734882,0.5534267,8.664157
"2024-04-01 00:00:00",172,0.1910578,0.2273202,8.949645,0.2198672,0.4307847,8.949703,0.2735312,0.5585824,8.876678
"2024-04-02 00:00:00",173,0.1883637,0.2228072,8.828764,0.2190914,0.4256074,8.64047,0.2731647,0.5571164,8.711434
"2024-04-03 00:00:00",174,0.186081,0.2220833,9.287292,0.2181538,0.4261781,8.741218,0.2727159,0.5590469,8.727828
"2024-04-04 00:00:00",175,0.1833228,0.2192673,9.819783,0.2178361,0.4296176,9.146399,0.2723409,0.5674896,8.971093
"2024-04-05 00:00:00",176,0.1788779,0.2164608,10.60956,0.2161053,0.4333116,9.759224,0.2718287,0.5759305,9.387545
"2024-04-06 00:00:00",177,0.173452,0.2126308,11.39605,0.2137632,0.4356501,10.4384,0.2711761,0.5847949,9.889895
"2024-04-07 00:00:00",178,0.1660991,0.1958886,9.743845,0.2112533,0.4260498,10.16363,0.2707604,0.5906689,10.07485
"2024-04-08 00:00:00",179,0.1599116,0.1830902,8.567553,0.207799,0.4053884,8.869744,0.2695414,0.5781081,9.312306
"2024-04-09 00:00:00",180,0.1556609,0.1792892,8.883284,0.205592,0.4018392,8.911508,0.2683829,0.5761644,9.1318
"2024-04-10 00:00:00",181,0.1527344,0.1760232,9.492881,0.2035223,0.3971901,9.085048,0.2671543,0.5772067,9.151837
"2024-04-11 00:00:00",182,0.1500497,0.1762676,10.76376,0.2016079,0.3988251,9.838687,0.2660941,0.5843315,9.539601
"2024-04-12 00:00:00",183,0.1464977,0.173792,11.41296,0.1990357,0.3981401,10.44072,0.2649671,0.5926905,10.02
"2024-04-13 00:00:00",184,0.1431926,0.1722697,12.32447,0.1960716,0.3965253,11.05749,0.2636294,0.60022,10.48765
"2024-04-14 00:00:00",185,0.1413905,0.1751489,13.99506,0.1934927,0.4003458,12.18643,0.262016,0.6130972,11.22936
"2024-04-15 00:00:00",186,0.1374766,0.1699512,14.25113,0.1900469,0.3971835,12.7793,0.2600856,0.626222,11.89431
"2024-04-16 00:00:00",187,0.1328345,0.1613014,13.32436,0.1871662,0.3919052,12.90867,0.2580244,0.6370026,12.29884
"2024-04-17 00:00:00",188,0.1312277,0.1592564,13.52194,0.1849589,0.384057,12.48278,0.256668,0.6345692,12.0815
"2024-04-18 00:00:00",189,0.1299522,0.159607,14.22936,0.1830087,0.3844102,12.95862,0.2545306,0.6375809,12.3509
"2024-04-19 00:00:00",190,0.1291258,0.1606566,14.99764,0.1810359,0.3851996,13.5775,0.2519952,0.6401134,12.80311
"2024-04-20 00:00:00",191,0.1285153,0.1607862,15.5225,0.1792063,0.3864195,14.13899,0.248961,0.6438795,13.28156
"2024-04-21 00:00:00",192,0.2947889,0.4254077,15.07673,0.3113387,0.5888172,14.83017,0.3251754,0.5678818,14.34759
"2024-04-22 00:00:00",193,0.3447336,0.5048449,14.16278,0.3571667,0.5894367,13.80001,0.3656622,0.4662697,13.6939
"2024-04-23 00:00:00",194,0.3206237,0.4800321,14.41506,0.338087,0.5709143,13.83032,0.3480534,0.4771824,13.48158
"2024-04-24 00:00:00",195,0.3050341,0.4670111,15.40542,0.3259126,0.5663184,14.29513,0.3355144,0.4757968,13.67523
"2024-04-25 00:00:00",196,0.2892925,0.4365249,15.24621,0.3159645,0.5572302,14.40267,0.326008,0.4740455,13.89153
"2024-04-26 00:00:00",197,0.2738402,0.3968575,14.19201,0.3080819,0.5449232,14.28631,0.3190026,0.4716301,13.99691
"2024-04-27 00:00:00",198,0.262874,0.3649975,13.18817,0.3016174,0.5247862,13.49181,0.3136554,0.4631148,13.54934
"2024-04-28 00:00:00",199,0.2643725,0.3511935,12.03283,0.2981883,0.5085347,12.64467,0.310169,0.4535707,12.99326
"2024-04-29 00:00:00",200,0.272503,0.365688,12.50533,0.2964039,0.50406,12.26693,0.3070563,0.4447455,12.4891
"2024-04-30 00:00:00",201,0.2653037,0.3671962,13.58572,0.2937195,0.5106022,12.88865,0.3044029,0.4457267,12.70315
"2024-05-01 00:00:00",202,0.2516273,0.3571861,14.51284,0.2880481,0.512391,13.6108,0.3016539,0.4492462,13.14654
"2024-05-02 00:00:00",203,0.2310489,0.3228265,13.91182,0.2786538,0.4996638,13.79949,0.2985443,0.4510632,13.50333
"2024-05-03 00:00:00",204,0.2108282,0.2879118,13.33302,0.2663639,0.4727564,13.29394,0.2947821,0.4458176,13.27282
"2024-05-04 00:00:00",205,0.1946155,0.2718034,14.0521,0.2523788,0.4507875,13.56105,0.2902021,0.4437572,13.34134
"2024-05-05 00:00:00",206,0.1758281,0.2454679,14.597,0.2372415,0.4246945,13.86748,0.2851954,0.4425709,13.54991
"2024-05-06 00:00:00",207,0.1632825,0.2247143,14.88381,0.223513,0.4012694,14.44505,0.279978,0.4447881,13.98456
"2024-05-07 00:00:00",208,0.1529152,0.1967383,12.94634,0.2127261,0.3693373,13.67659,0.275996,0.4416482,13.78954
"2024-05-08 00:00:00",209,0.1457602,0.1835312,12.66011,0.2020101,0.341552,12.86394,0.2714068,0.4298524,13.15499
"2024-05-09 00:00:00",210,0.1404029,0.1755035,12.77966,0.1926302,0.3236458,12.78219,0.2659812,0.4249074,12.96546
"2024-05-10 00:00:00",211,0.1373926,0.1730177,13.93993,0.1845479,0.3122741,13.22791,0.2594481,0.4238955,13.07406
"2024-05-11 00:00:00",212,0.1335971,0.1651039,13.43174,0.179171,0.3050661,13.57334,0.2546799,0.4265674,13.43623
"2024-05-12 00:00:00",213,0.1305673,0.1578898,12.6871,0.1756522,0.2941034,12.86885,0.2515223,0.4213257,13.08234
"2024-05-13 00:00:00",214,0.3262763,0.3874398,12.69859,0.3274168,0.4741766,12.81477,0.3387101,0.4269859,12.83992
"2024-05-14 00:00:00",215,0.3473071,0.4516101,14.32023,0.3606068,0.519308,13.23421,0.3527128,0.4001167,12.98516
"2024-05-15 00:00:00",216,0.3203897,0.4394501,15.41647,0.3385606,0.5190576,14.40561,0.3295069,0.4031245,13.75832
"2024-05-16 00:00:00",217,0.3077738,0.4239724,15.24757,0.3264956,0.5162201,14.57706,0.3160338,0.4006842,14.12099
"2024-05-17 00:00:00",218,0.2875802,0.4029438,15.59597,0.3143963,0.5110948,14.76489,0.3068668,0.3992566,14.30926
"2024-05-18 00:00:00",219,0.2611662,0.3671276,15.66511,0.2991306,0.4974013,15.03075,0.2990302,0.3993705,14.57432
"2024-05-19 00:00:00",220,0.2155056,0.3138771,15.95918,0.2798473,0.4728943,15.31538,0.2917313,0.3986474,14.8271
"2024-05-20 00:00:00",221,0.1820301,0.2681829,16.76631,0.2563577,0.439893,15.72722,0.2838674,0.3968698,15.10107
"2024-05-21 00:00:00",222,0.1643672,0.2344868,16.71877,0.2300944,0.3989409,16.1359,0.2748584,0.3946386,15.52631
"2024-05-22 00:00:00",223,0.1540003,0.2136487,15.86161,0.2119453,0.3611228,15.86565,0.2683735,0.3891909,15.56476
"2024-05-23 00:00:00",224,0.1481724,0.1939424,14.77437,0.1974028,0.3254213,14.91105,0.2610504,0.3765056,15.03183
"2024-05-24 00:00:00",225,0.1406447,0.1763846,14.86579,0.185155,0.3018296,14.96381,0.2509367,0.3661924,14.90404
"2024-05-25 00:00:00",226,0.1293432,0.1591846,14.15926,0.1774144,0.28406,14.58929,0.2419801,0.3563603,14.73691
"2024-05-26 00:00:00",227,0.1237165,0.154381,14.68945,0.1727244,0.2758217,14.65098,0.2336796,0.3483793,14.59898
"2024-05-27 00:00:00",228,0.1206606,0.1499319,14.61402,0.1700889,0.2709599,14.53019,0.2288645,0.3447731,14.53722
"2024-05-28 00:00:00",229,0.1197058,0.1499592,15.66447,0.1670295,0.2690956,14.97244,0.2197665,0.3398986,14.68896
"2024-05-29 00:00:00",230,0.1181521,0.1507092,16.95502,0.1641145,0.2691374,15.84771,0.2093496,0.3367609,15.22229
"2024-05-30 00:00:00",231,0.1162144,0.1498446,17.93421,0.1618124,0.2703182,16.71663,0.199137,0.3363419,15.88786
"2024-05-31 00:00:00",232,0.1174715,0.138569,18.32758,0.1608996,0.2668951,17.20656,0.1923322,0.3374401,16.38951
"2024-06-01 00:00:00",233,0.1171306,0.1294718,18.35532,0.1613113,0.2658056,17.42912,0.1915346,0.343887,16.71147
"2024-06-02 00:00:00",234,0.1992946,0.2225506,18.5716,0.2151862,0.3502869,17.75425,0.2298705,0.3839662,17.21599
"2024-06-03 00:00:00",235,0.4134933,0.4416324,18.08528,0.3984252,0.573624,17.43759,0.3787385,0.4101801,17.36186
"2024-06-04 00:00:00",236,0.3099201,0.3981509,18.25326,0.3633227,0.5480742,17.70619,0.3390699,0.3901055,17.24593
"2024-06-05 00:00:00",237,0.2834521,0.384912,18.64031,0.349021,0.5480123,17.73087,0.3121982,0.3790096,17.22447
"2024-06-06 00:00:00",238,0.2631649,0.3704129,18.99244,0.3406156,0.5656604,18.03282,0.2975317,0.3780234,17.43394
"2024-06-07 00:00:00",239,0.2371226,0.3411669,19.79039,0.3267874,0.568996,18.61535,0.2876546,0.3813695,17.80161
"2024-06-08 00:00:00",240,0.2061268,0.2968739,19.76314,0.308562,0.5526023,18.92337,0.2790304,0.3840624,18.17733
"2024-06-09 00:00:00",241,0.1796942,0.2601543,20.43638,0.2849559,0.5226445,19.2085,0.270806,0.3830392,18.40346
"2024-06-10 00:00:00",242,0.1546332,0.2258021,20.873,0.258867,0.4805692,19.68325,0.2618136,0.3807288,18.79555
"2024-06-11 00:00:00",243,0.1365149,0.1999086,21.35284,0.2342775,0.4395715,20.08049,0.2519875,0.3760077,19.15261
"2024-06-12 00:00:00",244,0.1221731,0.1785682,22.00378,0.2121754,0.4010241,20.50067,0.2406956,0.368691,19.49779
"2024-06-13 00:00:00",245,0.112906,0.1623477,22.49991,0.1946507,0.3708641,21.03739,0.2282562,0.3599036,19.95347
"2024-06-14 00:00:00",246,0.1033073,0.1454518,22.30192,0.1824675,0.3448507,21.15463,0.21579,0.3469096,20.22608
"2024-06-15 00:00:00",247,0.103719,0.1429713,22.51327,0.1779963,0.3361659,21.58031,0.2092232,0.3417726,20.58946
"2024-06-16 00:00:00",248,0.1001029,0.1366581,21.92354,0.1747962,0.3234477,20.94404,0.2047663,0.3346805,20.33248
"2024-06-17 00:00:00",249,0.09552716,0.1302157,22.36464,0.1711895,0.3160149,21.24452,0.1962447,0.3262347,20.44121
"2024-06-18 00:00:00",250,0.09276516,0.124068,22.71768,0.1686089,0.3114551,21.5226,0.1887843,0.3215292,20.65736
"2024-06-19 00:00:00",251,0.09233329,0.121308,22.53378,0.1675098,0.308938,21.65645,0.1845946,0.3208478,20.84852
"2024-06-20 00:00:00",252,0.08811629,0.1157142,22.28456,0.1661395,0.3050061,21.37888,0.181344,0.3210309,20.73224
"2024-06-21 00:00:00",253,0.08942158,0.1132876,22.12644,0.165579,0.3070456,21.61222,0.1793326,0.3270271,20.90569
"2024-06-22 00:00:00",254,0.09774545,0.1148502,21.2294,0.1652389,0.3051396,21.08533,0.1814327,0.335679,20.67451
"2024-06-23 00:00:00",255,0.3358748,0.3842036,19.8326,0.334206,0.4831291,19.9273,0.3097614,0.4119281,19.93256
"2024-06-24 00:00:00",256,0.3231081,0.3927166,21.37852,0.3764182,0.540953,20.26505,0.3520331,0.4028788,19.85791
"2024-06-25 00:00:00",257,0.294875,0.3825935,22.7339,0.3511786,0.5494702,21.26287,0.3178361,0.3994275,20.40183
"2024-06-26 00:00:00",258,0.2686141,0.3698451,23.03829,0.3332217,0.5474273,21.73197,0.3012525,0.4014743,20.83984
"2024-06-27 00:00:00",259,0.242988,0.3560721,22.92525,0.3169973,0.5341675,22.00201,0.2922886,0.4049612,21.15064
"2024-06-28 00:00:00",260,0.2242235,0.34275,22.81856,0.3021892,0.5172007,21.82773,0.2870851,0.4080993,21.10171
"2024-06-29 00:00:00",261,0.2091203,0.3294809,22.89066,0.2893285,0.4984978,21.78481,0.2839289,0.4109069,21.09675
"2024-06-30 00:00:00",262,0.1850065,0.301369,23.10717,0.2727367,0.4756846,22.10025,0.2802755,0.4134376,21.29984
"2024-07-01 00:00:00",263,0.1684894,0.2835953,23.04052,0.2546958,0.4483306,22.04968,0.27681,0.4154409,21.32742
"2024-07-02 00:00:00",264,0.1629242,0.2801587,23.40334,0.243957,0.4356198,22.2572,0.2768113,0.4225478,21.45386
"2024-07-03 00:00:00",265,0.1502522,0.2525294,23.14542,0.231106,0.4110916,22.19619,0.274039,0.4236555,21.50252
"2024-07-04 00:00:00",266,0.13484,0.2161924,22.34053,0.2125376,0.3727464,21.8015,0.2650054,0.415686,21.33006
"2024-07-05 00:00:00",267,0.1231718,0.1909306,22.15284,0.194717,0.3395575,21.62858,0.251332,0.4029301,21.18677
"2024-07-06 00:00:00",268,0.1172763,0.1776939,22.29448,0.1831964,0.3182653,21.64413,0.2368082,0.3881863,21.16828
"2024-07-07 00:00:00",269,0.1120341,0.1664719,22.37746,0.1761575,0.3036707,21.68682,0.2223928,0.3728437,21.20966
"2024-07-08 00:00:00",270,0.1070103,0.1545564,22.61151,0.1715173,0.2947141,21.83017,0.2083754,0.3594757,21.3005
"2024-07-09 00:00:00",271,0.1036783,0.1481809,23.15381,0.1685485,0.2903045,22.13044,0.1965933,0.3511145,21.48583
"2024-07-10 00:00:00",272,0.1020199,0.1454303,23.60953,0.1665415,0.2883033,22.43545,0.1884809,0.3485924,21.72275
"2024-07-11 00:00:00",273,0.1007509,0.1428767,24.26401,0.164898,0.2882083,22.85244,0.1819217,0.3496158,22.00257
"2024-07-12 00:00:00",274,0.09978691,0.1413005,25.10892,0.1638437,0.2900189,23.41258,0.1768782,0.3552405,22.40259
"2024-07-13 00:00:00",275,0.09862092,0.1380732,25.22456,0.1629778,0.2904958,23.72458,0.1734524,0.3637119,22.75015
"2024-07-14 00:00:00",276,0.09709463,0.1351984,25.40308,0.1623334,0.2915494,23.99451,0.170374,0.3739625,23.02716
"2024-07-15 00:00:00",277,0.09613501,0.1329955,25.5747,0.16179,0.2920006,24.11615,1208333,0.3865019,23.18809
"2024-07-16 00:00:00",278,0.09534903,0.1305956,25.43469,0.1614867,0.2935342,24.27044,5152731,0.4024587,23.38691
"2024-07-17 00:00:00",279,0.09464276,0.1296061,25.73857,0.1612733,0.2949233,24.3602,9500078,0.4178227,23.47176
"2024-07-18 00:00:00",280,0.09369425,0.1276146,25.88525,0.161,0.2966133,24.52038,1.00001E+07,0.4329665,23.63351
"2024-07-19 00:00:00",281,0.09256097,0.1249448,25.7119,0.1607226,0.2980815,24.62174,1.00001E+07,0.4480535,23.7887
"2024-07-20 00:00:00",282,0.09079969,0.1212585,25.355,0.1602937,0.2975277,24.41901,1.00001E+07,0.4624318,23.73677
"2024-07-21 00:00:00",283,0.3267815,0.497617,24.66469,0.334958,0.5773242,24.57223,3812470,0.5621859,24.19304
"2024-07-22 00:00:00",284,0.3186375,0.4355341,23.86463,0.3873371,0.6062845,23.77127,0.3600664,0.4927666,23.64663
"2024-07-23 00:00:00",285,0.2840731,0.3958313,23.45153,0.3515778,0.5753057,23.32924,0.3187754,0.4637223,23.14935
"2024-07-24 00:00:00",286,0.2580178,0.3744008,23.20196,0.3354378,0.5712407,23.03101,0.2997803,0.4578675,22.85197
"2024-07-25 00:00:00",287,0.2356297,0.3473778,23.50657,0.3212824,0.5606432,22.9737,0.2886071,0.4572434,22.67553
"2024-07-26 00:00:00",288,0.2087105,0.3156613,23.8216,0.3049557,0.5431291,23.16444,0.2793021,0.4572363,22.72185
"2024-07-27 00:00:00",289,0.1862229,0.2947659,24.552,0.2902455,0.5188045,23.50326,0.274609,0.4585192,22.88126
"2024-07-28 00:00:00",290,0.1757396,0.282782,24.95318,0.2802308,0.5047267,24.0063,0.2736557,0.463689,23.25276
"2024-07-29 00:00:00",291,0.1620165,0.2695209,24.21284,0.2675952,0.4828834,23.84119,0.2716132,0.464265,23.33154
"2024-07-30 00:00:00",292,0.1473895,0.245314,23.58443,0.2529855,0.4514587,23.49299,0.2677958,0.4610081,23.15996
"2024-07-31 00:00:00",293,0.1340841,0.2216415,23.57546,0.2385812,0.4263159,23.35246,0.2624189,0.4565515,23.0301
"2024-08-01 00:00:00",294,0.1272375,0.2083843,23.84356,0.2247283,0.4024865,23.36343,0.256419,0.4520887,22.9865
"2024-08-02 00:00:00",295,0.1191078,0.1911239,24.16662,0.2125596,0.3814012,23.50268,0.2505096,0.4486575,23.04526
"2024-08-03 00:00:00",296,0.1125825,0.1780418,24.73841,0.2021979,0.3657677,23.91907,0.2444068,0.4463085,23.27981
"2024-08-04 00:00:00",297,0.1079367,0.165881,25.39016,0.1935974,0.3527148,24.37289,0.2377916,0.4441742,23.60768
"2024-08-05 00:00:00",298,0.1049871,0.1570339,25.72245,0.1874143,0.3440748,24.82831,0.2320394,0.4446541,23.99616
"2024-08-06 00:00:00",299,0.1020237,0.1490357,25.94454,0.1825986,0.3355079,24.84287,0.2265114,0.4433827,24.09258
"2024-08-07 00:00:00",300,0.1001811,0.1438826,26.63621,0.1781711,0.3306683,25.31707,0.2182936,0.4417259,24.41393
"2024-08-08 00:00:00",301,0.0988113,0.1396818,26.6982,0.1751429,0.3274198,25.62826,0.2127138,0.4447168,24.73516
"2024-08-09 00:00:00",302,0.09632447,0.133152,26.21226,0.1725198,0.3213513,25.41351,0.2086234,0.4468629,24.72783
"2024-08-10 00:00:00",303,0.09438106,0.1275569,25.97375,0.17082,0.3170877,25.31228,0.2066773,0.4518754,24.70086
"2024-08-11 00:00:00",304,0.3418463,0.5775622,24.42208,0.3424599,0.6136154,24.80595,0.3251002,0.5262206,24.69481
"2024-08-12 00:00:00",305,0.3287963,0.5030343,23.76087,0.4055848,0.6407936,23.84517,0.383069,0.5195185,23.97936
"2024-08-13 00:00:00",306,0.287859,0.4468523,23.83724,0.3616472,0.5817867,23.8264,0.3521306,0.4983022,23.73124
"2024-08-14 00:00:00",307,0.2969753,0.4673828,23.39832,0.3594187,0.5956742,23.6088,0.338343,0.4957867,23.5401
"2024-08-15 00:00:00",308,0.2903697,0.4656269,23.137,0.3589873,0.606073,23.08494,0.3317218,0.498971,23.10172
"2024-08-16 00:00:00",309,0.2692752,0.4379066,23.09439,0.3465911,0.5961372,23.0159,0.3254261,0.5044644,22.94973
"2024-08-17 00:00:00",310,0.2489002,0.4081776,23.0005,0.3339433,0.5845708,22.93877,0.3199145,0.5084645,22.8499
"2024-08-18 00:00:00",311,0.2255265,0.3685678,22.1881,0.3211511,0.5653042,22.5764,0.3156309,0.5112388,22.65026
"2024-08-19 00:00:00",312,0.2087248,0.3491697,22.55201,0.3101996,0.5489269,22.31586,0.3124086,0.5120747,22.31761
"2024-08-20 00:00:00",313,0.1912607,0.3283589,23.06719,0.2979575,0.5363151,22.57077,0.3090949,0.5170283,22.36066
"2024-08-21 00:00:00",314,0.1689333,0.297621,23.20701,0.2811644,0.5113285,22.80828,0.304115,0.5208166,22.52892
"2024-08-22 00:00:00",315,0.1497051,0.270124,23.07865,0.2627209,0.4809922,22.94405,0.2999341,0.5227484,22.68269
"2024-08-23 00:00:00",316,0.1413444,0.2502093,22.26871,0.2520637,0.4538436,22.47989,0.2989441,0.5271549,22.46972
"2024-08-24 00:00:00",317,0.1386594,0.2426522,21.91643,0.2464868,0.4398686,22.05311,0.2998014,0.5272235,22.12897
"2024-08-25 00:00:00",318,0.1799766,0.3382497,22.09168,0.2443519,0.43789,21.93652,0.3000983,0.5292849,21.92292
"2024-08-25 00:00:00",318,0.1799766,0.3382497,22.09168,0.2443519,0.43789,21.93652,0.3000983,0.5292849,21.92292
"2024-08-25 00:00:00",318,0.1799766,0.3382497,22.09168,0.2443519,0.43789,21.93652,0.3000983,0.5292849,21.92292
"2024-08-26 00:00:00",319,0.1898885,0.3758525,21.63757,0.2417468,0.4354518,21.75433,0.3003414,0.5335069,21.78901
"2024-08-27 00:00:00",320,0.211362,0.4211202,21.43124,0.2399447,0.4322613,21.28302,0.3000391,0.5348099,21.40885
"2024-08-28 00:00:00",321,0.1989328,0.3951184,21.15143,0.2379384,0.4304177,21.16024,0.2994374,0.5369939,21.24375
"2024-08-29 00:00:00",322,0.1806832,0.3698623,21.25388,0.2355936,0.428323,21.06717,0.2983856,0.5401565,21.08951
"2024-08-30 00:00:00",323,0.1649666,0.3361856,21.14051,0.2319618,0.4221373,21.00525,0.297113,0.5420928,20.99479
"2024-08-31 00:00:00",324,0.1520715,0.3133746,21.22546,0.2265262,0.4145468,21.03152,0.2953417,0.5445741,20.96709
"2024-09-01 00:00:00",325,0.1383899,0.2890939,20.91549,0.21914,0.3992385,20.89511,0.2923776,0.5442962,20.89806
"2024-09-02 00:00:00",326,0.1284529,0.2760227,21.56085,0.211541,0.3897102,21.18868,0.2884437,0.547056,20.99407
"2024-09-03 00:00:00",327,0.1206163,0.2578167,21.63096,0.2035444,0.3755917,21.31991,0.2837326,0.5489692,21.12261
"2024-09-04 00:00:00",328,0.1138429,0.237103,21.74808,0.1950084,0.3590576,21.41658,0.2774479,0.5480108,21.21688
"2024-09-05 00:00:00",329,0.111075,0.2227883,22.58171,0.1875148,0.3479592,21.86591,0.2699426,0.548211,21.45328
"2024-09-06 00:00:00",330,0.1054543,0.2021603,22.15442,0.1812488,0.3356611,21.91611,0.2634249,0.5488554,21.64888
"2024-09-07 00:00:00",331,0.1024008,0.187903,21.84056,0.1757943,0.3232622,21.67118,0.2560554,0.5446624,21.54507
"2024-09-08 00:00:00",332,0.3172798,0.5733461,21.50935,0.3409696,0.597836,21.85044,0.3487248,0.5527312,21.76422
"2024-09-09 00:00:00",333,0.2994126,0.4914735,20.61725,0.3723582,0.5890263,21.00564,0.3708617,0.5025353,21.26499
"2024-09-10 00:00:00",334,0.2734918,0.4559761,20.55076,0.3505524,0.5654237,20.74526,0.3504216,0.487032,20.90708
"2024-09-11 00:00:00",335,0.2515206,0.4238604,20.65128,0.3370224,0.5519844,20.68639,0.3389987,0.4841577,20.76853
"2024-09-12 00:00:00",336,0.2319387,0.3938294,20.27692,0.3256734,0.5393159,20.58027,0.3308553,0.4837125,20.70535
"2024-09-13 00:00:00",337,0.2110213,0.3588306,19.54995,0.3135433,0.5204882,20.10386,0.323509,0.4805312,20.40614
"2024-09-14 00:00:00",338,0.1878336,0.3204926,18.72763,0.2997966,0.4976429,19.52448,0.3168564,0.4763904,19.99135
"2024-09-15 00:00:00",339,0.1672367,0.2831889,18.01827,0.2858651,0.4706349,18.94664,0.3110934,0.4702304,19.52816
"2024-09-16 00:00:00",340,0.149017,0.2554723,17.61379,0.2730098,0.4474948,18.65137,0.3068095,0.4659517,19.23373
"2024-09-17 00:00:00",341,0.1366415,0.2392,18.0834,0.2603537,0.4271221,18.56485,0.3027568,0.4618642,18.99871
"2024-09-18 00:00:00",342,0.1237223,0.2194693,18.39287,0.2460445,0.4065036,18.7593,0.2981423,0.4606781,19.02911
"2024-09-19 00:00:00",343,0.1127496,0.1935803,17.07727,0.2310736,0.3748915,18.13524,0.2931916,0.4554405,18.74953
"2024-09-20 00:00:00",344,0.1062445,0.1766061,16.89702,0.2167487,0.3477725,17.77208,0.2876506,0.4486468,18.39344
"2024-09-21 00:00:00",345,0.1008065,0.1655384,17.31166,0.203895,0.3269632,17.84925,0.2818387,0.4444227,18.29654
"2024-09-22 00:00:00",346,0.09666893,0.1535382,17.03098,0.1942816,0.3101956,17.86053,0.2773759,0.4425147,18.32243
"2024-09-23 00:00:00",347,0.09618641,0.1522918,17.45534,0.1892165,0.3002403,17.83556,0.2750972,0.4406853,18.20022
"2024-09-24 00:00:00",348,0.09368553,0.1431826,16.97409,0.1827642,0.2891807,17.66064,0.2709853,0.4381566,18.11753
"2024-09-25 00:00:00",349,0.09180767,0.1368811,16.97964,0.1768229,0.2798398,17.59489,0.2655929,0.4345369,18.02863
"2024-09-26 00:00:00",350,0.09029406,0.1326081,17.29453,0.1721647,0.2735577,17.71678,0.2597682,0.4317104,18.04596
"2024-09-27 00:00:00",351,0.08913107,0.1291341,17.63024,0.1684654,0.2692521,17.92724,0.2534295,0.4294969,18.16667
"2024-09-28 00:00:00",352,0.08797193,0.1256034,17.79114,0.1655934,0.2656478,18.08763,0.2468274,0.4273736,18.30208
"2024-09-29 00:00:00",353,0.08740356,0.1244098,18.27224,0.1636322,0.2641328,18.34494,0.2404274,0.4261081,18.45007
"2024-09-30 00:00:00",354,0.0864325,0.1213531,18.12953,0.1623898,0.2627462,18.45095,0.2356151,0.4267104,18.60127
"2024-10-01 00:00:00",355,0.08595149,0.1204622,18.50577,0.1613586,0.2622083,18.59511,0.2305778,0.4271849,18.68386
"2024-10-02 00:00:00",356,0.08438656,0.115347,17.81744,0.1600006,0.2594108,18.41338,0.2261988,0.4280022,18.68934
"2024-10-03 00:00:00",357,0.08331382,0.1117671,17.15105,0.1586873,0.2550589,17.96199,0.2226817,0.4274445,18.43884
"2024-10-04 00:00:00",358,0.08269936,0.1098024,16.90844,0.1576699,0.2523307,17.67631,0.2195869,0.4279233,18.18861
"2024-10-05 00:00:00",359,0.08228673,0.1086976,16.7492,0.156976,0.2507217,17.47347,0.2171655,0.4299136,17.99744
"2024-10-06 00:00:00",360,0.08213237,0.1085356,16.74574,0.1563998,0.2503009,17.37966,0.2149943,0.4337854,17.87339
"2024-10-07 00:00:00",361,0.08183341,0.1074756,16.51575,0.1560101,0.2495387,17.24132,0.2137734,0.4389194,17.76163
"2024-10-08 00:00:00",362,0.08210833,0.1195283,16.40808,0.1555319,0.2490335,17.10008,0.2137683,0.4452347,17.59972
"2024-10-09 00:00:00",363,0.08023588,0.1257916,16.07699,0.1553605,0.2497714,16.99936,0.2146627,0.4539566,17.49199
"2024-10-10 00:00:00",364,0.07981069,0.1300134,16.48957,0.1558416,0.2522549,17.07018,0.2150991,0.461356,17.45808
"2024-10-11 00:00:00",365,0.07889602,0.1284113,16.62371,0.156129,0.2538546,17.09603,0.2154352,0.4678906,17.44956
"2024-10-12 00:00:00",366,0.07487649,0.1280899,16.68014,0.1562117,0.2549823,17.11042,0.2156045,0.4735647,17.43044
"2024-10-13 00:00:00",367,0.07417784,0.1240711,16.4849,0.1562818,0.25575,17.04394,0.21663,0.4802924,17.38972
"2024-10-14 00:00:00",368,0.07363251,0.1171092,16.17816,0.1562993,0.2556937,16.81623,0.2173831,0.4843739,17.24854
"2024-10-15 00:00:00",369,0.07432695,0.1123772,17.16366,0.1570415,0.2600273,17.15812,0.2177912,0.4898964,17.30192
"2024-10-16 00:00:00",370,0.07352722,0.1143589,16.67943,0.1570902,0.2605809,17.05924,0.2182047,0.4954739,17.34356
"2024-10-17 00:00:00",371,0.07342187,0.1080002,16.72124,0.1570783,0.2609213,16.97036,0.2184719,0.498343,17.24694
"2024-10-18 00:00:00",372,0.07149129,0.09633586,16.67191,0.1572114,0.2620198,17.01312,0.2186788,0.5029063,17.26935
"2024-10-19 00:00:00",373,0.06965932,0.08724778,14.76637,0.1570698,0.2576494,16.34571,0.2207526,0.5071607,17.02029
"2024-10-20 00:00:00",374,0.06941941,0.08674231,13.76758,0.1562598,0.25059,15.26307,0.2248382,0.5067278,16.22818
"2024-10-21 00:00:00",375,0.07030769,0.08891378,13.6955,0.1565548,0.2497709,14.89271,0.2275674,0.5089447,15.76395
"2024-10-22 00:00:00",376,0.07063398,0.08913821,13.6667,0.1570512,0.2501761,14.71409,0.230309,0.5126612,15.49494
"2024-10-23 00:00:00",377,0.07011683,0.08687079,12.63367,0.1566482,0.2466611,14.10395,0.2328662,0.5135195,15.08869
"2024-10-24 00:00:00",378,0.0707214,0.6441955,12.48483,0.1567039,0.2454157,13.7831,0.23465,0.5139984,14.71807
"2024-10-25 00:00:00",379,0.07069303,0.08727481,12.11489,0.1567386,0.2444772,13.48376,0.2360232,0.5150025,14.42613
"2024-10-26 00:00:00",380,0.07031723,0.08590347,11.5619,0.1564756,0.2424895,13.08483,0.237159,0.5148706,14.09716
"2024-10-27 00:00:00",381,0.07018159,0.08498052,11.2883,0.156357,0.2408741,12.74161,0.2374874,0.5142505,13.76144
"2024-10-28 00:00:00",382,0.070387,0.0849053,11.2244,0.156067,0.2402268,12.54428,0.2376691,0.5146421,13.52335
"2024-10-29 00:00:00",383,0.07289343,0.08987219,11.91623,0.1562259,0.2427168,12.78026,0.2376296,0.5177786,13.50741
"2024-10-30 00:00:00",384,0.07399558,0.08912019,11.84593,0.1566883,0.244024,12.84771,0.237866,0.5214707,13.5308
"2024-10-31 00:00:00",385,0.07301471,0.08455265,10.81815,0.1565448,0.240875,12.34454,0.2392805,0.5219997,13.28659
"2024-11-01 00:00:00",386,0.07213258,0.08250383,9.29364,0.1557059,0.2343512,11.3421,0.2405471,0.5172758,12.66508
"2024-11-02 00:00:00",387,0.07181794,0.0818189,8.429884,0.1552075,0.229551,10.55918,0.2412279,0.5116734,12.00401
"2024-11-03 00:00:00",388,0.07201553,0.08313777,8.235637,0.1548626,0.2268634,10.04402,0.2418876,0.5075647,11.45544
"2024-11-04 00:00:00",389,0.07342699,0.08768101,9.406816,0.1558538,0.2313922,10.46504,0.242728,0.5107317,11.4063
"2024-11-05 00:00:00",390,0.07254049,0.08420914,8.948544,0.1560052,0.2313126,10.35655,0.2440494,0.513571,11.37253
"2024-11-06 00:00:00",391,0.07161237,0.08014321,7.259767,0.155328,0.2258938,9.530247,0.2447393,0.5102661,10.92925
"2024-11-07 00:00:00",392,0.07118717,0.07840745,6.891757,0.1548126,0.2221497,8.902024,0.2457031,0.5047484,10.34607
"2024-11-08 00:00:00",393,0.07059085,0.07740931,5.969215,0.1543607,0.2186131,8.290406,0.2461397,0.5003554,9.859965
"2024-11-09 00:00:00",394,0.07108357,0.0796195,6.309474,0.1542551,0.2171868,7.95462,0.2468545,0.4961942,9.387974
"2024-11-10 00:00:00",395,0.07262027,0.08643296,7.838404,0.1554686,0.2238455,8.647653,0.2479207,0.5012797,9.544388
"2024-11-11 00:00:00",396,0.07200496,0.08433055,6.819343,0.1554137,0.2227707,8.391526,0.2484304,0.5036393,9.546063
"2024-11-12 00:00:00",397,0.07197826,0.08458723,6.413177,0.1552338,0.2209695,8.02035,0.249183,0.5017544,9.25357
"2024-11-13 00:00:00",398,0.07154656,0.08297475,6.231208,0.1551966,0.2199354,7.796003,0.249795,0.499644,9.019913
"2024-11-14 00:00:00",399,0.07167409,0.08390811,6.304066,0.155381,0.2204637,7.749229,0.2506057,0.4991789,8.88133
"2024-11-15 00:00:00",400,0.07105657,0.08190177,5.185163,0.1547021,0.2166061,7.141653,0.2509491,0.4965475,8.533384
"2024-11-16 00:00:00",401,0.07044044,0.08033511,5.318059,0.1546997,0.2152072,6.845496,0.2510736,0.4937657,8.166714
"2024-11-17 00:00:00",402,0.06969418,0.07787951,5.19031,0.1547769,0.2158443,6.839223,0.2514218,0.4945879,8.06607
"2024-11-18 00:00:00",403,0.06949057,0.07716212,4.302799,0.1543076,0.2122541,6.279901,0.2517567,0.4911529,7.710824
"2024-11-19 00:00:00",404,0.0695471,0.07744487,4.02331,0.1540883,0.2099754,5.87602,0.2517967,0.4877192,7.32666
"2024-11-20 00:00:00",405,0.06918576,0.07697533,4.391562,0.1545558,0.2120849,6.045973,0.2520322,0.4891519,7.26748
"2024-11-21 00:00:00",406,0.06693261,0.07054689,2.574713,0.1535115,0.2055119,5.122544,0.2523078,0.4841816,6.807848
"2024-11-22 00:00:00",407,0.06723283,0.07092796,2.357968,0.1530918,0.2022882,4.563896,0.252256,0.4773597,6.244199
"2024-11-23 00:00:00",408,0.06749334,0.07141187,2.329013,0.1530697,0.2014775,4.341019,0.2525632,0.4741856,5.923396
"2024-11-24 00:00:00",409,0.06765045,0.07238825,2.571302,0.1531721,0.2018531,4.28409,0.2527797,0.4726358,5.730798
"2024-11-25 00:00:00",410,0.06821526,0.07407882,3.641632,0.1537865,0.2052885,4.645197,0.2529912,0.4747379,5.786116
"2024-11-26 00:00:00",411,0.06863344,0.07569033,3.862284,0.1544891,0.2085974,4.989472,0.2537048,0.4792983,6.013569
"2024-11-27 00:00:00",412,0.06939335,0.07627918,3.866327,0.1555202,0.2107142,5.200393,0.2535377,0.482783,6.163137
"2024-11-28 00:00:00",413,0.1315027,0.2131783,3.837069,0.1558714,0.2098527,4.964264,0.2537791,0.4820651,6.032119
"2024-11-29 00:00:00",414,0.1743926,0.2422766,2.80253,0.155679,0.2080057,4.600812,0.2543775,0.4808834,5.888331
"2024-11-30 00:00:00",415,0.1728737,0.2292791,2.029218,0.1552624,0.2041726,3.962054,0.2546657,0.4750502,5.437408
"2024-12-01 00:00:00",416,0.1700707,0.2208864,1.551236,0.1548002,0.2015798,3.47217,0.25472,0.4695128,5.005496
"2024-12-02 00:00:00",417,0.1669232,0.2152401,1.29544,0.1548318,0.2000905,3.126797,0.2546875,0.4651552,4.651569
"2024-12-03 00:00:00",418,0.1646153,0.2125025,1.271302,0.1548702,0.1997983,2.927545,0.2550209,0.4621463,4.390948
"2024-12-04 00:00:00",419,0.1630648,0.2111124,1.328304,0.1550407,0.2004717,2.847909,0.2551829,0.4606619,4.23354
"2024-12-05 00:00:00",420,0.1619105,0.2116064,1.465331,0.1556165,0.2017361,2.842394,0.2552395,0.4601526,4.144536
"2024-12-06 00:00:00",421,0.1608848,0.2106536,1.500646,0.156156,0.2030926,2.859801,0.2552105,0.4603976,4.109403
"2024-12-07 00:00:00",422,0.1596123,0.2084455,1.413837,0.1563534,0.2038461,2.814497,0.2552328,0.4602744,4.057321
"2024-12-08 00:00:00",423,0.1581433,0.205602,1.246451,0.1567079,0.2040799,2.70404,0.2555539,0.4594693,3.961358
"2024-12-09 00:00:00",424,0.1566942,0.2034927,1.1437,0.1569983,0.2043061,2.588028,0.2558646,0.4580992,3.84023
"2024-12-10 00:00:00",425,0.1551732,0.2014791,1.089992,0.1575432,0.2049294,2.520765,0.2560577,0.4575534,3.752489
"2024-12-11 00:00:00",426,0.1529563,0.1973749,0.7875575,0.1576945,0.2045683,2.349805,0.2560458,0.4565656,3.633792
"2024-12-12 00:00:00",427,0.1499087,0.192772,0.5147228,0.1576443,0.2030058,2.06237,0.2559383,0.4536851,3.405569
"2024-12-13 00:00:00",428,0.1439631,0.1858882,0.2854729,0.1579416,0.202244,1.817853,0.2562881,0.450438,3.177773
"2024-12-14 00:00:00",429,0.1395551,0.1817057,0.236873,0.1585249,0.2023665,1.681567,0.2565471,0.448039,2.996256
"2024-12-15 00:00:00",430,0.1335356,0.1760868,0.1395041,0.1587128,0.2024634,1.580289,0.2564273,0.4466824,2.873453
"2024-12-16 00:00:00",431,0.1325557,0.1752467,0.1681231,0.1592309,0.2030915,1.530002,0.2565105,0.445686,2.771977
"2024-12-17 00:00:00",432,0.1313539,0.1741365,0.1220384,0.1595307,0.2037679,1.477617,0.25656,0.4450212,2.702104
"2024-12-18 00:00:00",433,0.1323815,0.1758432,0.2191885,0.1600136,0.2046727,1.479804,0.2566667,0.4446275,2.646675
"2024-12-19 00:00:00",434,0.1330342,0.1765515,0.2012738,0.1605022,0.2056525,1.471431,0.2568658,0.4445935,2.619746
"2024-12-20 00:00:00",435,0.1326777,0.1762826,0.1919451,0.1610523,0.2062868,1.44858,0.256942,0.444346,2.583223
"2024-12-21 00:00:00",436,0.1309601,0.1742633,0.1056257,0.1611653,0.2068064,1.392681,0.2567794,0.4438993,2.534009
"2024-12-22 00:00:00",437,0.1280209,0.1712169,0.01778091,0.1617528,0.2071111,1.312028,0.2565442,0.443067,2.459822
"2024-12-23 00:00:00",438,0.1245417,0.1681875,-0.03115411,0.1618736,0.2074197,1.240997,0.2563559,0.4421452,2.383322
"2024-12-24 00:00:00",439,0.1264849,0.1705168,0.1598374,0.1625114,0.2086633,1.287949,0.2563798,0.4419467,2.35582
"2024-12-25 00:00:00",440,0.1293666,0.173795,0.2514325,0.1630882,0.2100698,1.359837,0.2563124,0.4425989,2.384309
"2024-12-26 00:00:00",441,0.1327096,0.1821545,0.7021836,0.1640177,0.2130665,1.549234,0.2563285,0.4440028,2.452555
"2024-12-27 00:00:00",442,0.1354113,0.1864006,1.264169,0.1651531,0.2183244,2.021051,0.2563902,0.4495166,2.784955
"2024-12-28 00:00:00",443,0.1400271,0.193123,1.878334,0.1663936,0.2215792,2.373546,0.2561941,0.4534004,3.036959
"2024-12-29 00:00:00",444,0.1678082,0.2308224,2.667095,0.1672436,0.226934,2.851639,0.2567189,0.4581498,3.344515
"2024-12-30 00:00:00",445,0.1737966,0.2330979,2.601676,0.1681747,0.2300329,3.077241,0.2570415,0.462534,3.617934
"2024-12-31 00:00:00",446,0.1746767,0.2300155,2.570103,0.1687719,0.2317656,3.13272,0.2572613,0.4641859,3.725694
"2025-01-01 00:00:00",447,0.172347,0.2178199,1.439032,0.168901,0.2291386,2.710558,0.257331,0.4623911,3.609821
