"TOA5","S3B","CR200X","23123","CR200X.Std.04","CSU_3depths.CR2","4256","Status"
"TIMESTAMP","RECORD","OSversion","OSDate","OSSignature","ProgName","ProgSig","CalOffset","PakBusAddress","RfInstalled","RfNetAddr","RfAddress","RfHopSeq","RfPwrMode","Rf_ForceOn","Rf_Protocol","MaxTXPacket","RfSignalLevel","RfRxPakBusCnt","VarOutOfBounds","SkipScan","TrapCode","WatchDogCnt","ResetTables","BattVoltage","SerialNum"
"TS","RN","","","","","","","","","","","","","","","","","","","","","","","",""
"","","","","","","","","","","","","","","","","","","","","","","","","",""
"2023-11-02 09:08:37",12,"CR200X.Std.04","150820",53066,"CSU_3depths.CR2",4256,3.375,10,12305,1,0,1,"RF1S_LH",0,1,250,68,15657,0,0,0,0,0,14.12692,23123
"2023-11-02 09:27:49",20,"CR200X.Std.04","150820",53066,"CSU_3depths.CR2",4256,3.5,10,12305,1,0,1,"RF1S_LH",0,1,250,68,15807,0,0,0,0,0,14.01695,23123
"2023-11-02 09:29:04",21,"CR200X.Std.04","150820",53066,"CSU_3depths.CR2",4256,3.375,10,12305,1,0,1,"RF1S_LH",0,1,250,68,15817,0,0,0,0,0,14.01359,23123
"2023-11-02 09:32:04",24,"CR200X.Std.04","150820",53066,"CSU_3depths.CR2",4256,3.5,10,12305,1,0,1,"RF1S_LH",0,1,250,68,15845,0,0,0,0,0,14.00856,23123
"2023-11-02 09:33:19",25,"CR200X.Std.04","150820",53066,"CSU_3depths.CR2",4256,3.5,10,12305,1,0,1,"RF1S_LH",0,1,250,68,15855,0,0,0,0,0,14.01023,23123
"2023-11-02 09:34:56",27,"CR200X.Std.04","150820",53066,"CSU_3depths.CR2",4256,3.5,10,12305,1,0,1,"RF1S_LH",0,1,250,68,15871,0,0,0,0,0,14.01023,23123
"2023-11-02 09:36:28",29,"CR200X.Std.04","150820",53066,"CSU_3depths.CR2",4256,3.75,10,12305,1,0,1,"RF1S_LH",0,1,250,68,15885,0,0,0,0,0,13.98001,23123
"2023-11-02 09:45:57",31,"CR200X.Std.04","150820",53066,"CSU_3depths.CR2",4256,3.5,10,12305,1,0,1,"RF1S_LH",0,1,250,68,15969,0,0,0,0,0,13.9649,23123
"2023-11-02 09:47:28",33,"CR200X.Std.04","150820",53066,"CSU_3depths.CR2",4256,3.5,10,12305,1,0,1,"RF1S_LH",0,1,250,68,15991,0,0,0,0,0,13.95987,23123
"2023-11-02 09:48:34",34,"CR200X.Std.04","150820",53066,"CSU_3depths.CR2",4256,3.375,10,12305,1,0,1,"RF1S_LH",0,1,250,68,16004,0,0,0,0,0,13.95735,23123
"2023-11-02 09:51:51",41,"CR200X.Std.04","150820",53066,"CSU_3depths.CR2",4256,3.375,10,12305,1,0,1,"RF1S_LH",0,1,250,68,16029,0,0,0,0,0,13.92377,23123
"2023-11-02 09:52:58",42,"CR200X.Std.04","150820",53066,"CSU_3depths.CR2",4256,3.5,10,12305,1,0,1,"RF1S_LH",0,1,250,68,16038,0,0,0,0,0,13.93972,23123
"2023-11-02 10:03:05",45,"CR200X.Std.04","150820",53066,"CSU_3depths.CR2",4256,3.25,10,12305,1,0,1,"RF1S_LH",0,1,250,68,16067,0,0,0,0,0,13.89439,23123
"2023-11-02 10:09:07",50,"CR200X.Std.04","150820",53066,"CSU_3depths.CR2",4256,3.375,10,12305,1,0,1,"RF1S_LH",0,1,250,68,16109,0,0,0,0,0,13.88684,23123
"2023-11-03 15:21:50",61,"CR200X.Std.04","150820",53066,"CSU_3depths.CR2",4256,3.25,10,12305,1,0,1,"RF1S_LH",0,1,250,68,17042,0,0,0,0,0,13.54351,23123
"2023-11-03 15:24:00",62,"CR200X.Std.04","150820",53066,"CSU_3depths.CR2",4256,3.25,10,12305,1,0,1,"RF1S_LH",0,1,250,68,17065,0,0,0,0,0,13.5519,23123
"2023-11-03 15:26:18",63,"CR200X.Std.04","150820",53066,"CSU_3depths.CR2",4256,3.375,10,12305,1,0,1,"RF1S_LH",0,1,250,68,17082,0,0,0,0,0,13.53427,23123
"2023-11-03 15:27:37",64,"CR200X.Std.04","150820",53066,"CSU_3depths.CR2",4256,3.375,10,12305,1,0,1,"RF1S_LH",0,1,250,68,17096,0,0,0,0,0,13.53427,23123
"2023-11-03 15:30:50",68,"CR200X.Std.04","150820",53066,"CSU_3depths.CR2",4256,3.5,10,12305,1,0,1,"RF1S_LH",0,1,250,68,17125,0,0,0,0,0,13.5284,23123
"2023-11-03 15:31:58",69,"CR200X.Std.04","150820",53066,"CSU_3depths.CR2",4256,3.375,10,12305,1,0,1,"RF1S_LH",0,1,250,68,17136,0,0,0,0,0,13.54099,23123
"2023-11-03 15:33:27",70,"CR200X.Std.04","150820",53066,"CSU_3depths.CR2",4256,3.375,10,12305,1,0,1,"RF1S_LH",0,1,250,68,17148,0,0,0,0,0,13.51581,23123
"2023-11-03 15:35:43",71,"CR200X.Std.04","150820",53066,"CSU_3depths.CR2",4256,3.5,10,12305,1,0,1,"RF1S_LH",0,1,250,68,17168,0,0,0,0,0,13.52336,23123
"2023-11-03 15:38:40",72,"CR200X.Std.04","150820",53066,"CSU_3depths.CR2",4256,3.5,10,12305,1,0,1,"RF1S_LH",0,1,250,68,17190,0,0,0,0,0,13.52,23123
"2023-11-03 15:42:50",78,"CR200X.Std.04","150820",53066,"CSU_3depths.CR2",4256,3.375,10,12305,1,0,1,"RF1S_LH",0,1,250,68,17226,0,0,0,0,0,13.53091,23123
"2023-11-03 15:44:58",80,"CR200X.Std.04","150820",53066,"CSU_3depths.CR2",4256,3.5,10,12305,1,0,1,"RF1S_LH",0,1,250,68,17242,0,0,0,0,0,13.53343,23123
"2023-11-03 15:49:08",84,"CR200X.Std.04","150820",53066,"CSU_3depths.CR2",4256,3.375,10,12305,1,0,1,"RF1S_LH",0,1,250,68,17275,0,0,0,0,0,13.50741,23123
"2023-11-03 15:50:44",86,"CR200X.Std.04","150820",53066,"CSU_3depths.CR2",4256,3.5,10,12305,1,0,1,"RF1S_LH",0,1,250,68,17289,0,0,0,0,0,13.51161,23123
"2023-11-03 15:52:02",87,"CR200X.Std.04","150820",53066,"CSU_3depths.CR2",4256,3.375,10,12305,1,0,1,"RF1S_LH",0,1,250,68,17300,0,0,0,0,0,13.50741,23123
"2023-11-03 15:54:17",88,"CR200X.Std.04","150820",53066,"CSU_3depths.CR2",4256,3.5,10,12305,1,0,1,"RF1S_LH",0,1,250,68,17317,0,0,0,0,0,13.52168,23123
"2023-11-03 15:57:44",89,"CR200X.Std.04","150820",53066,"CSU_3depths.CR2",4256,3.375,10,12305,1,0,1,"RF1S_LH",0,1,250,68,17350,0,0,0,0,0,13.50237,23123
"2023-11-03 15:59:37",90,"CR200X.Std.04","150820",53066,"CSU_3depths.CR2",4256,3.5,10,12305,1,0,1,"RF1S_LH",0,1,250,68,17363,0,0,0,0,0,13.50489,23123
"2023-11-03 16:02:14",91,"CR200X.Std.04","150820",53066,"CSU_3depths.CR2",4256,3.375,10,12305,1,0,1,"RF1S_LH",0,1,250,68,17387,0,0,0,0,0,13.51077,23123
"2023-11-03 16:06:19",96,"CR200X.Std.04","150820",53066,"CSU_3depths.CR2",4256,3.375,10,12305,1,0,1,"RF1S_LH",0,1,250,68,17416,0,0,0,0,0,13.50405,23123
"2023-11-03 16:07:38",98,"CR200X.Std.04","150820",53066,"CSU_3depths.CR2",4256,3.5,10,12305,1,0,1,"RF1S_LH",0,1,250,68,17425,0,0,0,0,0,13.50153,23123
"2023-11-03 16:10:23",99,"CR200X.Std.04","150820",53066,"CSU_3depths.CR2",4256,3.5,10,12305,1,0,1,"RF1S_LH",0,1,250,68,17445,0,0,0,0,0,13.51329,23123
"2023-11-03 16:11:31",100,"CR200X.Std.04","150820",53066,"CSU_3depths.CR2",4256,3.25,10,12305,1,0,1,"RF1S_LH",0,1,250,68,17456,0,0,0,0,0,13.51497,23123
"2023-11-03 16:15:01",104,"CR200X.Std.04","150820",53066,"CSU_3depths.CR2",4256,3.25,10,12305,1,0,1,"RF1S_LH",0,1,250,68,17480,0,0,0,0,0,13.49398,23123
"2023-11-03 16:16:49",106,"CR200X.Std.04","150820",53066,"CSU_3depths.CR2",4256,3.5,10,12305,1,0,1,"RF1S_LH",0,1,250,68,17496,0,0,0,0,0,13.49146,23123
"2023-11-03 16:18:29",108,"CR200X.Std.04","150820",53066,"CSU_3depths.CR2",4256,3.5,10,12305,1,0,1,"RF1S_LH",0,1,250,68,17507,0,0,0,0,0,13.49986,23123
"2023-11-03 16:22:30",114,"CR200X.Std.04","150820",53066,"CSU_3depths.CR2",4256,3.375,10,12305,1,0,1,"RF1S_LH",0,1,250,68,17539,0,0,0,0,0,13.50909,23123
"2023-11-03 16:25:25",118,"CR200X.Std.04","150820",53066,"CSU_3depths.CR2",4256,3.5,10,12305,1,0,1,"RF1S_LH",0,1,250,68,17563,0,0,0,0,0,13.49314,23123
"2023-11-03 16:28:32",119,"CR200X.Std.04","150820",53066,"CSU_3depths.CR2",4256,3.375,10,12305,1,0,1,"RF1S_LH",0,1,250,68,17588,0,0,0,0,0,13.50405,23123
"2023-11-03 16:30:03",120,"CR200X.Std.04","150820",53066,"CSU_3depths.CR2",4256,3.5,10,12305,1,0,1,"RF1S_LH",0,1,250,68,17600,0,0,0,0,0,13.50405,23123
"2023-11-03 16:33:25",121,"CR200X.Std.04","150820",53066,"CSU_3depths.CR2",4256,3.5,10,12305,1,0,1,"RF1S_LH",0,1,250,68,17630,0,0,0,0,0,13.50153,23123
"2023-11-03 16:36:02",122,"CR200X.Std.04","150820",53066,"CSU_3depths.CR2",4256,3.375,10,12305,1,0,1,"RF1S_LH",0,1,250,65,17651,0,0,0,0,0,13.50405,23123
"2023-11-03 16:37:19",124,"CR200X.Std.04","150820",53066,"CSU_3depths.CR2",4256,3.375,10,12305,1,0,1,"RF1S_LH",0,1,250,68,17662,0,0,0,0,0,13.50237,23123
"2023-11-03 16:38:54",125,"CR200X.Std.04","150820",53066,"CSU_3depths.CR2",4256,3.375,10,12305,1,0,1,"RF1S_LH",0,1,250,68,17676,0,0,0,0,0,13.51581,23123
"2023-11-03 16:40:18",126,"CR200X.Std.04","150820",53066,"CSU_3depths.CR2",4256,3.375,10,12305,1,0,1,"RF1S_LH",0,1,250,70,17688,0,0,0,0,0,13.50405,23123
"2023-11-03 16:41:53",127,"CR200X.Std.04","150820",53066,"CSU_3depths.CR2",4256,3.375,10,12305,1,0,1,"RF1S_LH",0,1,250,68,17704,0,0,0,0,0,13.51581,23123
"2023-11-03 16:45:39",128,"CR200X.Std.04","150820",53066,"CSU_3depths.CR2",4256,3.375,10,12305,1,0,1,"RF1S_LH",0,1,250,70,17733,0,0,0,0,0,13.51245,23123
"2023-11-03 16:48:17",129,"CR200X.Std.04","150820",53066,"CSU_3depths.CR2",4256,4.5,10,12305,1,0,1,"RF1S_LH",0,1,250,68,17756,0,0,0,0,0,13.51329,23123
"2023-11-03 16:49:36",130,"CR200X.Std.04","150820",53066,"CSU_3depths.CR2",4256,3.375,10,12305,1,0,1,"RF1S_LH",0,1,250,68,17768,0,0,0,0,0,13.51077,23123
"2023-11-03 16:51:27",132,"CR200X.Std.04","150820",53066,"CSU_3depths.CR2",4256,4.125,10,12305,1,0,1,"RF1S_LH",0,1,250,68,17782,0,0,0,0,0,13.50741,23123
"2023-11-03 16:52:47",133,"CR200X.Std.04","150820",53066,"CSU_3depths.CR2",4256,3.375,10,12305,1,0,1,"RF1S_LH",0,1,250,68,17792,0,0,0,0,0,13.52252,23123
"2023-11-03 17:13:42",134,"CR200X.Std.04","150820",53066,"CSU_3depths.CR2",4256,3.375,10,12305,1,0,1,"RF1S_LH",0,1,250,68,17821,0,0,0,0,0,13.54099,23123
"2023-11-03 17:17:48",137,"CR200X.Std.04","150820",53066,"CSU_3depths.CR2",4256,3.375,10,12305,1,0,1,"RF1S_LH",0,1,250,68,17854,0,0,0,0,0,13.53427,23123
"2023-11-03 17:19:42",138,"CR200X.Std.04","150820",53066,"CSU_3depths.CR2",4256,3.375,10,12305,1,0,1,"RF1S_LH",0,1,250,68,17875,0,0,0,0,0,13.54602,23123
"2023-11-03 17:24:04",140,"CR200X.Std.04","150820",53066,"CSU_3depths.CR2",4256,3.375,10,12305,1,0,1,"RF1S_LH",0,1,250,68,17907,0,0,0,0,0,13.53427,23123
"2023-11-03 17:25:44",141,"CR200X.Std.04","150820",53066,"CSU_3depths.CR2",4256,3.5,10,12305,1,0,1,"RF1S_LH",0,1,250,68,17922,0,0,0,0,0,13.53008,23123
"2023-11-03 17:28:20",143,"CR200X.Std.04","150820",53066,"CSU_3depths.CR2",4256,3.375,10,12305,1,0,1,"RF1S_LH",0,1,250,68,17946,0,0,0,0,0,13.54435,23123
"2023-11-03 18:03:13",145,"CR200X.Std.04","150820",53066,"CSU_3depths.CR2",4256,3.5,10,12305,1,0,1,"RF1S_LH",0,1,250,68,17989,0,0,0,0,0,13.61234,23123
"2023-11-03 18:05:21",146,"CR200X.Std.04","150820",53066,"CSU_3depths.CR2",4256,3.5,10,12305,1,0,1,"RF1S_LH",0,1,250,68,18005,0,0,0,0,0,13.5838,23123
"2023-11-03 18:07:11",147,"CR200X.Std.04","150820",53066,"CSU_3depths.CR2",4256,3.375,10,12305,1,0,1,"RF1S_LH",0,1,250,68,18022,0,0,0,0,0,13.56449,23123
"2023-11-03 18:09:20",148,"CR200X.Std.04","150820",53066,"CSU_3depths.CR2",4256,3.375,10,12305,1,0,1,"RF1S_LH",0,1,250,68,18039,0,0,0,0,0,13.49062,23123
"2023-11-03 18:10:37",150,"CR200X.Std.04","150820",53066,"CSU_3depths.CR2",4256,3.375,10,12305,1,0,1,"RF1S_LH",0,1,250,68,18049,0,0,0,0,0,13.5007,23123
"2023-11-03 18:40:47",154,"CR200X.Std.04","150820",53066,"CSU_3depths.CR2",4256,3.5,10,12305,1,0,1,"RF1S_LH",0,1,250,68,18116,0,0,0,0,0,13.25138,23123
"2023-11-03 18:42:42",156,"CR200X.Std.04","150820",53066,"CSU_3depths.CR2",4256,3.625,10,12305,1,0,1,"RF1S_LH",0,1,250,68,18135,0,0,0,0,0,13.20857,23123
"2023-11-03 18:45:01",157,"CR200X.Std.04","150820",53066,"CSU_3depths.CR2",4256,3.25,10,12305,1,0,1,"RF1S_LH",0,1,250,68,18154,0,0,0,0,0,13.18507,23123
"2023-11-03 18:46:42",158,"CR200X.Std.04","150820",53066,"CSU_3depths.CR2",4256,3.5,10,12305,1,0,1,"RF1S_LH",0,1,250,68,18169,0,0,0,0,0,13.17751,23123
"2023-11-03 18:49:51",159,"CR200X.Std.04","150820",53066,"CSU_3depths.CR2",4256,3.5,10,12305,1,0,1,"RF1S_LH",0,1,250,68,18195,0,0,0,0,0,13.15065,23123
"2023-11-03 18:51:48",162,"CR200X.Std.04","150820",53066,"CSU_3depths.CR2",4256,3.5,10,12305,1,0,1,"RF1S_LH",0,1,250,68,18210,0,0,0,0,0,13.14058,23123
"2023-11-03 18:53:12",163,"CR200X.Std.04","150820",53066,"CSU_3depths.CR2",4256,3.375,10,12305,1,0,1,"RF1S_LH",0,1,250,68,18221,0,0,0,0,0,13.15485,23123
"2023-11-03 18:56:03",164,"CR200X.Std.04","150820",53066,"CSU_3depths.CR2",4256,4.25,10,12305,1,0,1,"RF1S_LH",0,1,250,68,18247,0,0,0,0,0,13.14645,23123
"2023-11-03 19:11:16",166,"CR200X.Std.04","150820",53066,"CSU_3depths.CR2",4256,3.625,10,12305,1,0,1,"RF1S_LH",0,1,250,68,18273,0,0,0,0,0,13.08937,23123
"2023-11-03 19:12:49",168,"CR200X.Std.04","150820",53066,"CSU_3depths.CR2",4256,3.375,10,12305,1,0,1,"RF1S_LH",0,1,250,68,18286,0,0,0,0,0,13.12463,23123
"2023-11-03 19:15:33",170,"CR200X.Std.04","150820",53066,"CSU_3depths.CR2",4256,3.375,10,12305,1,0,1,"RF1S_LH",0,1,250,68,18312,0,0,0,0,0,13.10616,23123
"2023-11-03 19:18:23",171,"CR200X.Std.04","150820",53066,"CSU_3depths.CR2",4256,3.5,10,12305,1,0,1,"RF1S_LH",0,1,250,68,18338,0,0,0,0,0,13.06335,23123
"2023-11-03 19:20:58",173,"CR200X.Std.04","150820",53066,"CSU_3depths.CR2",4256,3.375,10,12305,1,0,1,"RF1S_LH",0,1,250,68,18361,0,0,0,0,0,13.07762,23123
"2023-11-03 19:23:42",176,"CR200X.Std.04","150820",53066,"CSU_3depths.CR2",4256,3.375,10,12305,1,0,1,"RF1S_LH",0,1,250,68,18382,0,0,0,0,0,13.06754,23123
"2023-11-03 19:26:07",178,"CR200X.Std.04","150820",53066,"CSU_3depths.CR2",4256,3.5,10,12305,1,0,1,"RF1S_LH",0,1,250,68,18404,0,0,0,0,0,13.02809,23123
"2023-11-03 19:29:14",179,"CR200X.Std.04","150820",53066,"CSU_3depths.CR2",4256,3.375,10,12305,1,0,1,"RF1S_LH",0,1,250,68,18430,0,0,0,0,0,13.05411,23123
"2023-11-03 19:31:07",180,"CR200X.Std.04","150820",53066,"CSU_3depths.CR2",4256,3.25,10,12305,1,0,1,"RF1S_LH",0,1,250,68,18444,0,0,0,0,0,13.02054,23123
"2023-11-03 20:11:16",181,"CR200X.Std.04","150820",53066,"CSU_3depths.CR2",4256,3.375,10,12305,1,0,1,"RF1S_LH",0,1,250,68,18484,0,0,0,0,0,12.91141,23123
"2023-11-03 20:14:46",182,"CR200X.Std.04","150820",53066,"CSU_3depths.CR2",4256,3.5,10,12305,1,0,1,"RF1S_LH",0,1,250,68,18516,0,0,0,0,0,13.02641,23123
"2023-11-03 20:17:24",185,"CR200X.Std.04","150820",53066,"CSU_3depths.CR2",4256,3.75,10,12305,1,0,1,"RF1S_LH",0,1,250,68,18541,0,0,0,0,0,12.97605,23123
"2023-11-03 20:21:26",188,"CR200X.Std.04","150820",53066,"CSU_3depths.CR2",4256,3.5,10,12305,1,0,1,"RF1S_LH",0,1,250,68,18578,0,0,0,0,0,13.00627,23123
"2023-11-03 20:25:32",193,"CR200X.Std.04","150820",53066,"CSU_3depths.CR2",4256,3.5,10,12305,1,0,1,"RF1S_LH",0,1,250,68,18610,0,0,0,0,0,12.97437,23123
"2023-11-04 03:15:05",194,"CR200X.Std.04","150820",53066,"CSU_3depths.CR2",4256,3.25,10,12305,1,0,1,"RF1S_LH",0,1,250,68,18840,0,0,0,0,0,12.82075,23123
"2023-11-04 03:17:15",195,"CR200X.Std.04","150820",53066,"CSU_3depths.CR2",4256,3.5,10,12305,1,0,1,"RF1S_LH",0,1,250,68,18859,0,0,0,0,0,12.83166,23123
"2023-11-04 07:02:41",196,"CR200X.Std.04","150820",53066,"CSU_3depths.CR2",4256,3.5,10,12305,1,0,1,"RF1S_LH",0,1,250,68,18976,0,0,0,0,0,12.72421,23123
"2023-11-04 07:03:43",197,"CR200X.Std.04","150820",53066,"CSU_3depths.CR2",4256,3.375,10,12305,1,0,1,"RF1S_LH",0,1,250,68,18987,0,0,0,0,0,12.74688,23123
"2023-11-04 07:10:08",201,"CR200X.Std.04","150820",53066,"CSU_3depths.CR2",4256,3.5,10,12305,1,0,1,"RF1S_LH",0,1,250,68,19006,0,0,0,0,0,12.70239,23123
"2023-11-04 07:10:54",202,"CR200X.Std.04","150820",53066,"CSU_3depths.CR2",4256,3.5,10,12305,1,0,1,"RF1S_LH",0,1,250,68,19014,0,0,0,0,0,12.73764,23123
"2023-11-04 07:13:12",203,"CR200X.Std.04","150820",53066,"CSU_3depths.CR2",4256,3.5,10,12305,1,0,1,"RF1S_LH",0,1,250,68,19033,0,0,0,0,0,12.67721,23123
"2023-11-04 07:15:10",204,"CR200X.Std.04","150820",53066,"CSU_3depths.CR2",4256,3.375,10,12305,1,0,1,"RF1S_LH",0,1,250,68,19050,0,0,0,0,0,12.67637,23123
"2023-11-04 07:20:19",205,"CR200X.Std.04","150820",53066,"CSU_3depths.CR2",4256,3.375,10,12305,1,0,1,"RF1S_LH",0,1,250,68,19087,0,0,0,0,0,12.69651,23123
"2023-11-04 07:21:51",207,"CR200X.Std.04","150820",53066,"CSU_3depths.CR2",4256,3.5,10,12305,1,0,1,"RF1S_LH",0,1,250,68,19100,0,0,0,0,0,12.69064,23123
"2023-11-04 07:23:44",210,"CR200X.Std.04","150820",53066,"CSU_3depths.CR2",4256,3.5,10,12305,1,0,1,"RF1S_LH",0,1,250,68,19115,0,0,0,0,0,12.67385,23123
"2023-11-04 07:24:48",211,"CR200X.Std.04","150820",53066,"CSU_3depths.CR2",4256,3.375,10,12305,1,0,1,"RF1S_LH",0,1,250,68,19124,0,0,0,0,0,12.71666,23123
"2023-11-04 07:53:19",213,"CR200X.Std.04","150820",53066,"CSU_3depths.CR2",4256,3.625,10,12305,1,0,1,"RF1S_LH",0,1,250,68,19160,0,0,0,0,0,12.7133,23123
"2023-11-04 07:54:22",214,"CR200X.Std.04","150820",53066,"CSU_3depths.CR2",4256,3.5,10,12305,1,0,1,"RF1S_LH",0,1,250,68,19171,0,0,0,0,0,12.7091,23123
"2023-11-04 07:55:54",216,"CR200X.Std.04","150820",53066,"CSU_3depths.CR2",4256,3.375,10,12305,1,0,1,"RF1S_LH",0,1,250,68,19183,0,0,0,0,0,12.71666,23123
"2023-11-04 07:57:55",218,"CR200X.Std.04","150820",53066,"CSU_3depths.CR2",4256,3,10,12305,1,0,1,"RF1S_LH",0,1,250,68,19198,0,0,0,0,0,12.75108,23123
"2023-11-04 07:59:33",219,"CR200X.Std.04","150820",53066,"CSU_3depths.CR2",4256,3.5,10,12305,1,0,1,"RF1S_LH",0,1,250,68,19210,0,0,0,0,0,12.72421,23123
"2023-11-04 08:01:18",220,"CR200X.Std.04","150820",53066,"CSU_3depths.CR2",4256,3.5,10,12305,1,0,1,"RF1S_LH",0,1,250,68,19224,0,0,0,0,0,12.74772,23123
"2023-11-04 08:03:12",223,"CR200X.Std.04","150820",53066,"CSU_3depths.CR2",4256,3.375,10,12305,1,0,1,"RF1S_LH",0,1,250,68,19239,0,0,0,0,0,12.79892,23123
"2023-11-04 08:05:49",228,"CR200X.Std.04","150820",53066,"CSU_3depths.CR2",4256,3.375,10,12305,1,0,1,"RF1S_LH",0,1,250,68,19260,0,0,0,0,0,12.84425,23123
"2023-11-04 08:07:11",230,"CR200X.Std.04","150820",53066,"CSU_3depths.CR2",4256,3.5,10,12305,1,0,1,"RF1S_LH",0,1,250,68,19272,0,0,0,0,0,12.79809,23123
"2023-11-04 08:09:05",231,"CR200X.Std.04","150820",53066,"CSU_3depths.CR2",4256,3.375,10,12305,1,0,1,"RF1S_LH",0,1,250,68,19289,0,0,0,0,0,12.87028,23123
"2023-11-04 08:11:34",232,"CR200X.Std.04","150820",53066,"CSU_3depths.CR2",4256,3.5,10,12305,1,0,1,"RF1S_LH",0,1,250,68,19309,0,0,0,0,0,12.89042,23123
"2023-11-04 08:13:53",233,"CR200X.Std.04","150820",53066,"CSU_3depths.CR2",4256,3.375,10,12305,1,0,1,"RF1S_LH",0,1,250,68,19329,0,0,0,0,0,12.89462,23123
"2023-11-04 08:16:22",235,"CR200X.Std.04","150820",53066,"CSU_3depths.CR2",4256,3.5,10,12305,1,0,1,"RF1S_LH",0,1,250,68,19351,0,0,0,0,0,12.90889,23123
"2023-11-04 08:18:17",238,"CR200X.Std.04","150820",53066,"CSU_3depths.CR2",4256,3.5,10,12305,1,0,1,"RF1S_LH",0,1,250,68,19365,0,0,0,0,0,12.98948,23123
"2023-11-04 08:20:10",239,"CR200X.Std.04","150820",53066,"CSU_3depths.CR2",4256,3.5,10,12305,1,0,1,"RF1S_LH",0,1,250,68,19378,0,0,0,0,0,12.99955,23123
"2023-11-04 08:22:37",240,"CR200X.Std.04","150820",53066,"CSU_3depths.CR2",4256,3.5,10,12305,1,0,1,"RF1S_LH",0,1,250,68,19399,0,0,0,0,0,13.01298,23123
"2023-11-04 08:25:23",241,"CR200X.Std.04","150820",53066,"CSU_3depths.CR2",4256,3.375,10,12305,1,0,1,"RF1S_LH",0,1,250,68,19422,0,0,0,0,0,13.06754,23123
"2023-11-04 08:28:19",242,"CR200X.Std.04","150820",53066,"CSU_3depths.CR2",4256,3.375,10,12305,1,0,1,"RF1S_LH",0,1,250,68,19445,0,0,0,0,0,13.13974,23123
"2023-11-04 08:29:21",243,"CR200X.Std.04","150820",53066,"CSU_3depths.CR2",4256,3.5,10,12305,1,0,1,"RF1S_LH",0,1,250,68,19454,0,0,0,0,0,13.337,23123
"2023-11-04 08:32:08",245,"CR200X.Std.04","150820",53066,"CSU_3depths.CR2",4256,3.5,10,12305,1,0,1,"RF1S_LH",0,1,250,68,19473,0,0,0,0,0,14.24024,23123
"2023-11-04 08:35:16",248,"CR200X.Std.04","150820",53066,"CSU_3depths.CR2",4256,3.5,10,12305,1,0,1,"RF1S_LH",0,1,250,68,19500,0,0,0,0,0,14.21842,23123
"2023-11-04 08:37:37",249,"CR200X.Std.04","150820",53066,"CSU_3depths.CR2",4256,3.375,10,12305,1,0,1,"RF1S_LH",0,1,250,68,19517,0,0,0,0,0,14.21086,23123
"2023-11-04 08:42:26",250,"CR200X.Std.04","150820",53066,"CSU_3depths.CR2",4256,3.5,10,12305,1,0,1,"RF1S_LH",0,1,250,68,19554,0,0,0,0,0,14.18652,23123
"2023-11-04 08:45:11",254,"CR200X.Std.04","150820",53066,"CSU_3depths.CR2",4256,3.625,10,12305,1,0,1,"RF1S_LH",0,1,250,68,19580,0,0,0,0,0,14.17057,23123
"2023-11-04 16:40:38",255,"CR200X.Std.04","150820",53066,"CSU_3depths.CR2",4256,3.375,10,12305,1,0,1,"RF1S_LH",0,1,250,68,20051,0,0,0,0,0,13.45704,23123
"2023-11-04 16:56:12",256,"CR200X.Std.04","150820",53066,"CSU_3depths.CR2",4256,3.25,10,12305,1,0,1,"RF1S_LH",0,1,250,68,20180,0,0,0,0,0,13.45117,23123
"2023-11-04 16:58:00",258,"CR200X.Std.04","150820",53066,"CSU_3depths.CR2",4256,3.375,10,12305,1,0,1,"RF1S_LH",0,1,250,68,20197,0,0,0,0,0,13.46544,23123
"2023-11-04 16:59:16",259,"CR200X.Std.04","150820",53066,"CSU_3depths.CR2",4256,3.5,10,12305,1,0,1,"RF1S_LH",0,1,250,68,20208,0,0,0,0,0,13.46628,23123
"2023-11-04 17:00:53",261,"CR200X.Std.04","150820",53066,"CSU_3depths.CR2",4256,3.375,10,12305,1,0,1,"RF1S_LH",0,1,250,68,20219,0,0,0,0,0,13.48223,23123
"2023-11-04 17:40:53",262,"CR200X.Std.04","150820",53066,"CSU_3depths.CR2",4256,3.375,10,12305,1,0,1,"RF1S_LH",0,1,250,68,20470,0,0,0,0,0,13.49734,23123
"2023-11-05 08:02:42",263,"CR200X.Std.04","150820",53066,"CSU_3depths.CR2",4256,3.5,10,12305,1,0,1,"RF1S_LH",0,1,250,68,20887,0,0,0,0,0,12.87028,23123
"2023-11-05 09:05:44",266,"CR200X.Std.04","150820",53066,"CSU_3depths.CR2",4256,3.5,10,12305,1,0,1,"RF1S_LH",0,1,250,68,21124,0,0,0,0,0,14.0606,23123
"2023-11-05 09:08:22",269,"CR200X.Std.04","150820",53066,"CSU_3depths.CR2",4256,3.5,10,12305,1,0,1,"RF1S_LH",0,1,250,68,21148,0,0,0,0,0,14.06396,23123
"2023-11-05 09:20:33",272,"CR200X.Std.04","150820",53066,"CSU_3depths.CR2",4256,3.625,10,12305,1,0,1,"RF1S_LH",0,1,250,68,21184,0,0,0,0,0,14.0329,23123
"2023-11-05 09:21:00",274,"CR200X.Std.04","150820",53066,"CSU_3depths.CR2",4256,3.375,10,12305,1,0,1,"RF1S_LH",0,1,250,68,21189,0,0,0,0,0,14.01611,23123
"2023-11-05 10:29:24",276,"CR200X.Std.04","150820",53066,"CSU_3depths.CR2",4256,3.5,10,12305,1,0,1,"RF1S_LH",0,1,250,68,21279,0,0,0,0,0,13.73826,23123
"2023-11-05 10:33:24",282,"CR200X.Std.04","150820",53066,"CSU_3depths.CR2",4256,3.5,10,12305,1,0,1,"RF1S_LH",0,1,250,68,21307,0,0,0,0,0,13.72315,23123
"2023-11-06 09:59:27",285,"CR200X.Std.04","150820",53066,"CSU_3depths.CR2",4256,3.625,10,12305,1,0,1,"RF1S_LH",0,1,250,68,22074,0,0,0,0,0,13.77771,23123
"2023-11-06 10:01:33",286,"CR200X.Std.04","150820",53066,"CSU_3depths.CR2",4256,3.5,10,12305,1,0,1,"RF1S_LH",0,1,250,68,22096,0,0,0,0,0,13.7584,23123
"2023-11-06 10:04:42",289,"CR200X.Std.04","150820",53066,"CSU_3depths.CR2",4256,3.375,10,12305,1,0,1,"RF1S_LH",0,1,250,68,22118,0,0,0,0,0,13.76764,23123
"2023-11-06 10:07:19",292,"CR200X.Std.04","150820",53066,"CSU_3depths.CR2",4256,3.375,10,12305,1,0,1,"RF1S_LH",0,1,250,68,22136,0,0,0,0,0,13.75085,23123
"2023-11-06 10:09:49",297,"CR200X.Std.04","150820",53066,"CSU_3depths.CR2",4256,3.625,10,12305,1,0,1,"RF1S_LH",0,1,250,68,22155,0,0,0,0,0,13.75924,23123
"2023-11-06 10:10:51",298,"CR200X.Std.04","150820",53066,"CSU_3depths.CR2",4256,3.375,10,12305,1,0,1,"RF1S_LH",0,1,250,68,22165,0,0,0,0,0,13.75421,23123
"2023-11-06 10:16:29",300,"CR200X.Std.04","150820",53066,"CSU_3depths.CR2",4256,3.5,10,12305,1,0,1,"RF1S_LH",0,1,250,68,22210,0,0,0,0,0,13.73322,23123
"2023-11-06 10:55:14",302,"CR200X.Std.04","150820",53066,"CSU_3depths.CR2",4256,3.5,10,12305,1,0,1,"RF1S_LH",0,1,250,68,22241,0,0,0,0,0,13.68118,23123
"2023-11-06 10:56:53",303,"CR200X.Std.04","150820",53066,"CSU_3depths.CR2",4256,3.625,10,12305,1,0,1,"RF1S_LH",0,1,250,68,22254,0,0,0,0,0,13.67026,23123
"2023-11-06 11:01:31",307,"CR200X.Std.04","150820",53066,"CSU_3depths.CR2",4256,3.625,10,12305,1,0,1,"RF1S_LH",0,1,250,68,22285,0,0,0,0,0,13.67026,23123
"2023-11-06 11:03:54",309,"CR200X.Std.04","150820",53066,"CSU_3depths.CR2",4256,3.375,10,12305,1,0,1,"RF1S_LH",0,1,250,68,22303,0,0,0,0,0,13.65515,23123
"2023-11-06 11:06:23",311,"CR200X.Std.04","150820",53066,"CSU_3depths.CR2",4256,3.5,10,12305,1,0,1,"RF1S_LH",0,1,250,68,22321,0,0,0,0,0,13.66103,23123
"2024-03-28 17:00:31",314,"CR200X.Std.04","150820",53066,"CSU_3depths.CR2",4256,3.125,10,12305,1,0,1,"RF1S_LH",0,1,250,67,58921,0,0,0,0,0,13.59639,23123
"2024-03-28 17:00:41",315,"CR200X.Std.04","150820",53066,"CSU_3depths.CR2",4256,3.375,10,12305,1,0,1,"RF1S_LH",0,1,250,67,58921,0,0,0,0,0,13.59471,23123
"2024-04-02 14:58:53",316,"CR200X.Std.04","150820",53066,"CSU_3depths.CR2",4256,5.625,10,12305,1,0,1,"RF1S_LH",0,1,250,68,61604,0,0,0,0,0,13.59975,23123
"2024-04-02 14:59:02",317,"CR200X.Std.04","150820",53066,"CSU_3depths.CR2",4256,4,10,12305,1,0,1,"RF1S_LH",0,1,250,68,61604,0,0,0,0,0,13.63417,23123
"2024-04-09 12:08:19",318,"CR200X.Std.04","150820",53066,"CSU_3depths.CR2",4256,3.5,10,12305,1,0,1,"RF1S_LH",0,1,250,68,61604,0,0,0,0,0,13.69628,23123
"2024-04-09 12:08:21",319,"CR200X.Std.04","150820",53066,"CSU_3depths.CR2",4256,3.5,10,12305,1,0,1,"RF1S_LH",0,1,250,68,61604,0,0,0,0,0,13.69628,23123
"2024-04-19 11:37:28",320,"CR200X.Std.04","150820",53066,"CSU_3depths.CR2",4256,3.375,10,12305,1,0,1,"RF1S_LH",0,1,250,68,2780,0,0,0,0,0,13.50237,23123
"2024-04-19 11:37:35",321,"CR200X.Std.04","150820",53066,"CSU_3depths.CR2",4256,3.625,10,12305,1,0,1,"RF1S_LH",0,1,250,68,2780,0,0,0,0,0,13.48726,23123
"2024-05-09 11:39:22",322,"CR200X.Std.04","150820",53066,"CSU_3depths.CR2",4256,3.5,10,12305,1,0,1,"RF1S_LH",0,1,250,64,16814,0,0,0,0,0,13.62409,23123
"2024-05-09 11:39:31",323,"CR200X.Std.04","150820",53066,"CSU_3depths.CR2",4256,4.625,10,12305,1,0,1,"RF1S_LH",0,1,250,64,16814,0,0,0,0,0,13.62325,23123
"2024-05-23 10:42:13",324,"CR200X.Std.04","150820",53066,"CSU_3depths.CR2",4256,3.25,10,12305,1,0,1,"RF1S_LH",0,1,250,68,17464,0,0,0,0,0,13.48139,23123
"2024-05-23 10:42:22",325,"CR200X.Std.04","150820",53066,"CSU_3depths.CR2",4256,3.25,10,12305,1,0,1,"RF1S_LH",0,1,250,68,17464,0,0,0,0,0,13.49314,23123
"2024-07-09 11:11:41",331,"CR200X.Std.04","150820",53066,"CSU_3depths.CR2",4256,3.375,10,12305,1,0,1,"RF1_Sec",0,2,250,67,19449,0,0,0,0,0,13.35631,23123
"2024-07-09 11:11:50",332,"CR200X.Std.04","150820",53066,"CSU_3depths.CR2",4256,3.375,10,12305,1,0,1,"RF1_Sec",0,2,250,67,19456,0,0,0,0,0,13.34792,23123
"2024-07-09 11:22:31",333,"CR200X.Std.04","150820",53066,"CSU_3depths.CR2",4256,3.625,10,12305,1,0,1,"RF1_Sec",0,2,250,67,19622,0,0,0,0,0,13.32945,23123
"2024-07-09 11:26:56",336,"CR200X.Std.04","150820",53066,"CSU_3depths.CR2",4256,3.625,10,12305,1,0,1,"RF1_Sec",0,2,250,67,19673,0,0,0,0,0,13.32777,23123
"2024-07-09 11:50:27",337,"CR200X.Std.04","150820",53066,"CSU_3depths.CR2",4256,3.5,10,12305,1,0,1,"RF1_Sec",0,2,250,67,19749,0,0,0,0,0,13.33868,23123
"2024-07-09 11:58:55",338,"CR200X.Std.04","150820",53066,"CSU_3depths.CR2",4256,3.375,10,12305,1,0,1,"RF1_Sec",0,2,250,65,19764,0,0,0,0,0,13.32273,23123
"2024-07-09 13:46:44",339,"CR200X.Std.04","150820",53066,"CSU_3depths.CR2",4256,3.375,10,12305,1,0,1,"RF1_Sec",0,2,250,67,19812,0,0,0,0,0,13.26565,23123
"2024-07-09 13:46:52",340,"CR200X.Std.04","150820",53066,"CSU_3depths.CR2",4256,3.375,10,12305,1,0,1,"RF1_Sec",0,2,250,65,19815,0,0,0,0,0,13.24886,23123
"2024-07-09 14:27:36",341,"CR200X.Std.04","150820",53066,"CSU_3depths.CR2",4256,3.5,10,12305,1,0,1,"RF1_Sec",0,2,250,65,19949,0,0,0,0,0,13.26145,23123
"2024-07-09 14:42:30",342,"CR200X.Std.04","150820",53066,"CSU_3depths.CR2",4256,3.5,10,12305,1,0,1,"RF1_Sec",0,2,250,67,20105,0,0,0,0,0,13.23795,23123
"2024-07-09 14:52:26",344,"CR200X.Std.04","150820",53066,"CSU_3depths.CR2",4256,3.875,10,12305,1,0,1,"RF1_Sec",0,2,250,67,20209,0,0,0,0,0,13.23375,23123
"2024-07-09 14:56:40",345,"CR200X.Std.04","150820",53066,"CSU_3depths.CR2",4256,3.375,10,12305,1,0,1,"RF1_Sec",0,2,250,67,20236,0,0,0,0,0,13.22536,23123
"2024-07-09 15:00:49",346,"CR200X.Std.04","150820",53066,"CSU_3depths.CR2",4256,3.375,10,12305,1,0,1,"RF1_Sec",0,2,250,65,20276,0,0,0,0,0,13.22032,23123
"2024-07-09 15:37:46",347,"CR200X.Std.04","150820",53066,"CSU_3depths.CR2",4256,3.5,10,12305,1,0,1,"RF1_Sec",0,2,250,65,20427,0,0,0,0,0,13.2178,23123
"2024-07-09 15:37:52",348,"CR200X.Std.04","150820",53066,"CSU_3depths.CR2",4256,3.5,10,12305,1,0,1,"RF1_Sec",0,2,250,67,20429,0,0,0,0,0,13.21277,23123
"2024-07-09 15:42:26",350,"CR200X.Std.04","150820",53066,"CSU_3depths.CR2",4256,3.5,10,12305,1,0,1,"RF1_Sec",0,2,250,67,20461,0,0,0,0,0,13.21613,23123
"2024-07-09 15:52:04",353,"CR200X.Std.04","150820",53066,"CSU_3depths.CR2",4256,3.375,10,12305,1,0,1,"RF1_Sec",0,2,250,67,20541,0,0,0,0,0,13.20857,23123
"2024-07-09 16:11:05",354,"CR200X.Std.04","150820",53066,"CSU_3depths.CR2",4256,3.5,10,12305,1,0,1,"RF1_Sec",0,2,250,67,20710,0,0,0,0,0,13.21613,23123
"2024-07-12 10:43:22",355,"CR200X.Std.04","150820",53066,"CSU_3depths.CR2",4256,3.375,10,12305,1,0,1,"RF1_Sec",0,2,250,67,22316,0,0,0,0,0,13.30259,23123
"2024-07-12 10:43:24",356,"CR200X.Std.04","150820",53066,"CSU_3depths.CR2",4256,3.5,10,12305,1,0,1,"RF1_Sec",0,2,250,67,22318,0,0,0,0,0,13.27992,23123
"2024-07-18 11:43:39",357,"CR200X.Std.04","150820",53066,"CSU_3depths.CR2",4256,5.25,10,12305,1,0,1,"RF1_Sec",0,2,250,67,26036,0,0,0,0,0,13.26313,23123
"2024-07-18 11:43:56",358,"CR200X.Std.04","150820",53066,"CSU_3depths.CR2",4256,3.375,10,12305,1,0,1,"RF1_Sec",0,2,250,67,26038,0,0,0,0,0,13.27405,23123
"2024-07-18 11:50:57",359,"CR200X.Std.04","150820",53066,"CSU_3depths.CR2",4256,3.5,10,12305,1,0,1,"RF1_Sec",0,2,250,67,26107,0,0,0,0,0,13.27824,23123
"2024-07-19 14:27:47",360,"CR200X.Std.04","150820",53066,"CSU_3depths.CR2",4256,3.875,10,12305,1,0,1,"RF1_Sec",0,2,250,67,26849,0,0,0,0,0,13.25222,23123
"2024-07-19 14:27:56",361,"CR200X.Std.04","150820",53066,"CSU_3depths.CR2",4256,3.375,10,12305,1,0,1,"RF1_Sec",0,2,250,65,26854,0,0,0,0,0,13.26062,23123
"2024-08-25 14:23:51",13,"CR200X.Std.04","150820",53066,"CSU_3depths.CR2",4256,3.375,10,12305,1,0,1,"RF1_Sec",0,2,250,68,5933,0,0,0,0,0,13.40164,23123
"2024-08-26 07:15:53",14,"CR200X.Std.04","150820",53066,"CSU_3depths.CR2",4256,3.375,10,12305,1,0,1,"RF1_Sec",0,2,250,67,7275,0,0,0,0,0,12.88287,23123
"2024-08-26 07:15:55",15,"CR200X.Std.04","150820",53066,"CSU_3depths.CR2",4256,3.375,10,12305,1,0,1,"RF1_Sec",0,2,250,67,7277,0,0,0,0,0,12.88287,23123
"2024-08-28 11:06:30",16,"CR200X.Std.04","150820",53066,"CSU_3depths.CR2",4256,3.5,10,12305,1,0,1,"RF1_Sec",0,2,250,67,8516,0,0,0,0,0,13.38569,23123
"2024-09-06 15:04:32",17,"CR200X.Std.04","150820",53066,"CSU_3depths.CR2",4256,3.375,10,12305,1,0,1,"RF1_Sec",0,2,250,67,13752,0,0,0,0,0,13.33784,23123
"2024-09-07 09:17:48",18,"CR200X.Std.04","150820",53066,"CSU_3depths.CR2",4256,3.5,10,12305,1,0,1,"RF1_Sec",0,2,250,67,14415,0,0,0,0,0,13.53511,23123
"2024-09-07 09:17:53",19,"CR200X.Std.04","150820",53066,"CSU_3depths.CR2",4256,3.5,10,12305,1,0,1,"RF1_Sec",0,2,250,67,14417,0,0,0,0,0,13.53511,23123
"2024-09-08 08:49:28",20,"CR200X.Std.04","150820",53066,"CSU_3depths.CR2",4256,3.625,10,12305,1,0,1,"RF1_Sec",0,2,250,67,14990,0,0,0,0,0,13.66355,23123
"2024-09-08 08:49:30",21,"CR200X.Std.04","150820",53066,"CSU_3depths.CR2",4256,3.625,10,12305,1,0,1,"RF1_Sec",0,2,250,67,14992,0,0,0,0,0,13.66355,23123
"2024-09-11 14:54:57",22,"CR200X.Std.04","150820",53066,"CSU_3depths.CR2",4256,3.375,10,12305,1,0,1,"RF1_Sec",0,2,250,67,16861,0,0,0,0,0,13.35463,23123
"2024-09-11 14:55:14",23,"CR200X.Std.04","150820",53066,"CSU_3depths.CR2",4256,3.375,10,12305,1,0,1,"RF1_Sec",0,2,250,67,16863,0,0,0,0,0,13.35967,23123
"2024-09-20 15:50:40",24,"CR200X.Std.04","150820",53066,"CSU_3depths.CR2",4256,4.125,10,12305,1,0,1,"RF1_Sec",0,2,250,68,22068,0,0,0,0,0,13.31434,23123
"2024-09-20 15:51:57",25,"CR200X.Std.04","150820",53066,"CSU_3depths.CR2",4256,3.625,10,12305,1,0,1,"RF1_Sec",0,2,250,68,22073,0,0,0,0,0,13.31266,23123
"2024-09-20 16:27:39",26,"CR200X.Std.04","150820",53066,"CSU_3depths.CR2",4256,3.375,10,12305,1,0,1,"RF1_Sec",0,2,250,67,22331,0,0,0,0,0,13.30594,23123
"2024-09-20 16:36:29",27,"CR200X.Std.04","150820",53066,"CSU_3depths.CR2",4256,3.625,10,12305,1,0,1,"RF1_Sec",0,2,250,67,22387,0,0,0,0,0,13.29755,23123
"2024-09-20 16:51:50",28,"CR200X.Std.04","150820",53066,"CSU_3depths.CR2",4256,3.75,10,12305,1,0,1,"RF1_Sec",0,2,250,67,22480,0,0,0,0,0,13.30679,23123
"2024-09-20 18:09:54",29,"CR200X.Std.04","150820",53066,"CSU_3depths.CR2",4256,3.625,10,12305,1,0,1,"RF1_Sec",0,2,250,67,22562,0,0,0,0,0,13.3496,23123
"2024-09-20 18:10:00",30,"CR200X.Std.04","150820",53066,"CSU_3depths.CR2",4256,3.375,10,12305,1,0,1,"RF1_Sec",0,2,250,67,22568,0,0,0,0,0,13.33365,23123
"2024-09-26 10:53:16",31,"CR200X.Std.04","150820",53066,"CSU_3depths.CR2",4256,4.5,10,12305,1,0,1,"RF1_Sec",0,2,250,68,25804,0,0,0,0,0,13.40752,23123
"2024-09-26 10:53:25",32,"CR200X.Std.04","150820",53066,"CSU_3depths.CR2",4256,3.5,10,12305,1,0,1,"RF1_Sec",0,2,250,68,25810,0,0,0,0,0,13.41591,23123
"2024-10-10 21:39:14",33,"CR200X.Std.04","150820",53066,"CSU_3depths.CR2",4256,3.375,10,12305,1,0,1,"RF1_Sec",0,2,250,68,34113,0,0,0,0,0,12.86944,23123
"2024-10-10 21:39:17",34,"CR200X.Std.04","150820",53066,"CSU_3depths.CR2",4256,3.5,10,12305,1,0,1,"RF1_Sec",0,2,250,68,34115,0,0,0,0,0,12.85852,23123
"2024-10-13 08:46:47",35,"CR200X.Std.04","150820",53066,"CSU_3depths.CR2",4256,3.5,10,12305,1,0,1,"RF1_Sec",0,2,250,68,35813,0,0,0,0,0,13.84738,23123
"2024-10-15 12:36:20",37,"CR200X.Std.04","150820",53066,"CSU_3depths.CR2",4256,4.125,10,12305,1,0,1,"RF1_Sec",0,2,250,68,37094,0,0,0,0,0,13.47383,23123
"2024-10-16 12:07:15",38,"CR200X.Std.04","150820",53066,"CSU_3depths.CR2",4256,3.5,10,12305,1,0,1,"RF1_Sec",0,2,250,68,37699,0,0,0,0,0,13.45788,23123
"2024-10-16 12:07:17",39,"CR200X.Std.04","150820",53066,"CSU_3depths.CR2",4256,3.5,10,12305,1,0,1,"RF1_Sec",0,2,250,68,37701,0,0,0,0,0,13.4327,23123
"2024-10-19 14:33:03",40,"CR200X.Std.04","150820",53066,"CSU_3depths.CR2",4256,3.375,10,12305,1,0,1,"RF1_Sec",0,2,250,68,39485,0,0,0,0,0,13.57289,23123
"2024-10-19 14:33:05",41,"CR200X.Std.04","150820",53066,"CSU_3depths.CR2",4256,3.375,10,12305,1,0,1,"RF1_Sec",0,2,250,68,39487,0,0,0,0,0,13.57289,23123
"2024-10-19 15:20:00",42,"CR200X.Std.04","150820",53066,"CSU_3depths.CR2",4256,3.375,10,12305,1,0,1,"RF1_Sec",0,2,250,68,39614,0,0,0,0,0,13.61066,23123
"2024-10-19 15:20:29",43,"CR200X.Std.04","150820",53066,"CSU_3depths.CR2",4256,3.5,10,12305,1,0,1,"RF1_Sec",0,2,250,68,39643,0,0,0,0,0,13.59723,23123
"2024-10-20 11:47:12",44,"CR200X.Std.04","150820",53066,"CSU_3depths.CR2",4256,5.25,10,12305,1,0,1,"RF1_Sec",0,2,250,68,40140,0,0,0,0,0,13.68118,23123
"2024-10-22 10:37:34",45,"CR200X.Std.04","150820",53066,"CSU_3depths.CR2",4256,3.375,10,12305,1,0,1,"RF1_Sec",0,2,250,68,41268,0,0,0,0,0,13.72063,23123
"2024-10-22 10:38:09",46,"CR200X.Std.04","150820",53066,"CSU_3depths.CR2",4256,3.125,10,12305,1,0,1,"RF1_Sec",0,2,250,68,41271,0,0,0,0,0,13.7307,23123
"2024-10-30 09:39:41",47,"CR200X.Std.04","150820",53066,"CSU_3depths.CR2",4256,3.5,10,12305,1,0,1,"RF1_Sec",0,2,250,68,45817,0,0,0,0,0,13.93468,23123
"2024-10-30 09:40:37",48,"CR200X.Std.04","150820",53066,"CSU_3depths.CR2",4256,3.375,10,12305,1,0,1,"RF1_Sec",0,2,250,68,45821,0,0,0,0,0,13.93049,23123
"2024-11-02 11:03:53",49,"CR200X.Std.04","150820",53066,"CSU_3depths.CR2",4256,3.375,10,12305,1,0,1,"RF1_Sec",0,2,250,68,47727,0,0,0,0,0,13.89691,23123
"2024-11-02 11:09:29",50,"CR200X.Std.04","150820",53066,"CSU_3depths.CR2",4256,3.25,10,12305,1,0,1,"RF1_Sec",0,2,250,68,47746,0,0,0,0,0,13.87592,23123
"2024-11-07 11:58:19",51,"CR200X.Std.04","150820",53066,"CSU_3depths.CR2",4256,3.5,10,12305,1,0,1,"RF1_Sec",0,2,250,68,50689,0,0,0,0,0,13.92461,23123
"2024-11-07 11:58:23",52,"CR200X.Std.04","150820",53066,"CSU_3depths.CR2",4256,3.5,10,12305,1,0,1,"RF1_Sec",0,2,250,68,50691,0,0,0,0,0,13.93133,23123
"2024-11-09 17:37:07",53,"CR200X.Std.04","150820",53066,"CSU_3depths.CR2",4256,3.25,10,12305,1,0,1,"RF1_Sec",0,2,250,67,52063,0,0,0,0,0,13.74833,23123
"2024-11-09 19:38:06",54,"CR200X.Std.04","150820",53066,"CSU_3depths.CR2",4256,3.625,10,12305,1,0,1,"RF1_Sec",0,2,250,68,52152,0,0,0,0,0,13.14309,23123
"2024-11-09 19:38:11",55,"CR200X.Std.04","150820",53066,"CSU_3depths.CR2",4256,3.625,10,12305,1,0,1,"RF1_Sec",0,2,250,68,52157,0,0,0,0,0,13.14309,23123
"2024-11-21 17:31:14",56,"CR200X.Std.04","150820",53066,"CSU_3depths.CR2",4256,4.25,10,12305,1,0,1,"RF1_Sec",0,2,250,68,59070,0,0,0,0,0,13.73658,23123
"2024-11-21 17:31:17",57,"CR200X.Std.04","150820",53066,"CSU_3depths.CR2",4256,3.5,10,12305,1,0,1,"RF1_Sec",0,2,250,68,59072,0,0,0,0,0,13.75001,23123
"2024-12-02 16:39:11",58,"CR200X.Std.04","150820",53066,"CSU_3depths.CR2",4256,3.875,10,12305,1,0,1,"RF1_Sec",0,2,250,68,65520,0,0,0,0,0,13.76764,23123
"2024-12-02 16:39:14",59,"CR200X.Std.04","150820",53066,"CSU_3depths.CR2",4256,3.875,10,12305,1,0,1,"RF1_Sec",0,2,250,68,65522,0,0,0,0,0,13.76764,23123
"2024-12-14 15:54:40",60,"CR200X.Std.04","150820",53066,"CSU_3depths.CR2",4256,3.625,10,12305,1,0,1,"RF1_Sec",0,2,250,68,6903,0,0,0,0,0,13.83311,23123
"2024-12-14 15:55:36",61,"CR200X.Std.04","150820",53066,"CSU_3depths.CR2",4256,3.5,10,12305,1,0,1,"RF1_Sec",0,2,250,68,6907,0,0,0,0,0,13.82556,23123
"2024-12-21 09:08:45",62,"CR200X.Std.04","150820",53066,"CSU_3depths.CR2",4256,3.5,10,12305,1,0,1,"RF1_Sec",0,2,250,68,10968,0,0,0,0,0,14.41484,23123
"2024-12-21 09:08:47",63,"CR200X.Std.04","150820",53066,"CSU_3depths.CR2",4256,3.5,10,12305,1,0,1,"RF1_Sec",0,2,250,68,10970,0,0,0,0,0,14.41484,23123
"2024-12-30 11:51:15",64,"CR200X.Std.04","150820",53066,"CSU_3depths.CR2",4256,3.5,10,12305,1,0,1,"RF1_Sec",0,2,250,68,16269,0,0,0,0,0,13.85914,23123
"2024-12-30 11:51:19",65,"CR200X.Std.04","150820",53066,"CSU_3depths.CR2",4256,3.375,10,12305,1,0,1,"RF1_Sec",0,2,250,70,16271,0,0,0,0,0,13.86501,23123
"2025-01-01 12:14:17",66,"CR200X.Std.04","150820",53066,"CSU_3depths.CR2",4256,4,10,12305,1,0,1,"RF1_Sec",0,2,250,68,17619,0,0,0,0,0,14.09922,23123
"2025-01-01 12:14:30",67,"CR200X.Std.04","150820",53066,"CSU_3depths.CR2",4256,4.25,10,12305,1,0,1,"RF1_Sec",0,2,250,68,17621,0,0,0,0,0,14.0925,23123
