"TOA5","S3T","CR200X","23124","CR200X.Std.04","CSU_3depths_M3.CR2","60237","Public"
"TIMESTAMP","RECORD","BattV","VWC_1","EC_1","T_1","P_1","PA_1","VR_1","VWC_2","EC_2","T_2","P_2","PA_2","VR_2","VWC_3","EC_3","T_3","P_3","PA_3","VR_3"
"TS","RN","Volts","m^3/m^3","dS/m","Deg C","unitless","nSec","unitless","m^3/m^3","dS/m","Deg C","unitless","nSec","unitless","m^3/m^3","dS/m","Deg C","unitless","nSec","unitless"
"","","","","","","","","","","","","","","","","","","","",""
"2023-11-04 09:25:47",33116,14.0052,0.1093,0.1191,5.8506,6.2613,1.3654,1.153,0.1737,0.2594,8.9558,9.2606,1.4863,1.3321,0.251,0.3127,10.3012,13.466,1.6016,1.4027
"2023-11-04 09:27:06",33118,13.98841,0.1094,0.1189,5.8446,6.2625,1.3654,1.1527,0.1737,0.2593,8.9732,9.2612,1.4863,1.3319,0.251,0.3123,10.2869,13.4684,1.6016,1.4021
"2023-11-04 09:29:49",33120,13.98589,0.1095,0.118,5.8145,6.2686,1.3654,1.1515,0.1737,0.2593,8.9385,9.2609,1.4863,1.332,0.251,0.3127,10.2898,13.466,1.6016,1.4027
"2023-11-04 09:35:10",33126,13.94224,0.1094,0.1188,5.8355,6.2631,1.3654,1.1526,0.1736,0.2597,8.9298,9.2587,1.4863,1.3325,0.251,0.3125,10.2955,13.4673,1.6016,1.4024
"2023-11-04 09:41:22",33132,13.90446,0.1094,0.1187,5.8025,6.2637,1.3654,1.1525,0.1736,0.2597,8.9385,9.2588,1.4863,1.3324,0.251,0.3128,10.2812,13.4656,1.6016,1.4028
"2023-11-04 09:46:23",33137,13.87173,0.1094,0.1188,5.8055,6.2633,1.3654,1.1526,0.1736,0.2597,8.9529,9.2588,1.4863,1.3324,0.251,0.3128,10.2727,13.4658,1.6016,1.4027
"2023-11-04 09:47:26",33138,13.87089,0.1093,0.1191,5.7784,6.2616,1.3654,1.1529,0.1736,0.2595,8.924,9.2601,1.4863,1.3322,0.251,0.3128,10.2784,13.466,1.6016,1.4027
"2023-11-04 09:53:07",33144,13.85158,0.1094,0.1187,5.7694,6.2638,1.3654,1.1525,0.1737,0.259,8.9443,9.2628,1.4863,1.3316,0.251,0.3123,10.2869,13.4684,1.6016,1.4021
"2023-11-04 09:55:08",33146,13.83647,0.1093,0.1191,5.7905,6.2615,1.3654,1.1529,0.1737,0.259,8.8894,9.2631,1.4863,1.3315,0.251,0.3125,10.267,13.4675,1.6016,1.4023
"2023-11-04 09:59:12",33150,13.81381,0.1095,0.1179,5.7574,6.2692,1.3654,1.1514,0.1737,0.259,8.9096,9.2631,1.4863,1.3315,0.251,0.3125,10.2926,13.4673,1.6016,1.4024
"2023-11-04 10:47:11",33198,13.70132,0.1094,0.1188,5.7905,6.2632,1.3654,1.1526,0.1738,0.258,8.8633,9.269,1.4863,1.3303,0.2503,0.3119,10.267,13.4241,1.6005,1.4016
"2023-11-04 11:18:14",33229,13.63752,0.1099,0.1199,5.9137,6.2883,1.3665,1.1541,0.1739,0.2576,8.8026,9.2714,1.4863,1.3297,0.2502,0.3124,10.2413,13.4213,1.6005,1.4023
"2023-11-04 11:19:13",33230,13.64592,0.11,0.1194,5.9257,6.2919,1.3665,1.1533,0.1739,0.2573,8.8026,9.2731,1.4863,1.3294,0.2503,0.3116,10.2242,13.4255,1.6005,1.4012
"2023-11-04 11:22:13",33233,13.64088,0.1098,0.1206,5.9467,6.2841,1.3665,1.1549,0.1738,0.2583,8.8084,9.267,1.4863,1.3307,0.2503,0.3121,10.2499,13.4229,1.6005,1.4019
"2023-11-04 11:27:28",33238,13.62745,0.1098,0.1206,5.9947,6.284,1.3665,1.1549,0.1738,0.258,8.7592,9.2691,1.4863,1.3302,0.2502,0.3122,10.2356,13.4224,1.6005,1.402
"2023-11-04 12:07:59",33278,13.5838,0.111,0.1227,6.3744,6.3355,1.3688,1.1576,0.1739,0.2573,8.7331,9.2734,1.4863,1.3293,0.2503,0.3116,10.2042,13.4258,1.6005,1.4012
"2023-11-05 10:43:36",34634,13.69377,0.111,0.123,6.6632,6.3339,1.3688,1.158,0.1746,0.2579,9.2068,9.309,1.4874,1.3302,0.2507,0.3155,10.3781,13.4512,1.6016,1.4063
"2023-11-05 10:47:17",34638,13.68621,0.1109,0.1233,6.6394,6.332,1.3688,1.1583,0.1742,0.2612,9.1924,9.2893,1.4874,1.3344,0.2506,0.3167,10.3695,13.4452,1.6016,1.4078
"2023-11-05 11:39:55",34690,13.63249,0.1115,0.1246,6.8738,6.3559,1.3699,1.1601,0.1742,0.2618,9.129,9.2861,1.4874,1.3351,0.2499,0.3158,10.3467,13.4032,1.6005,1.4067
"2023-11-06 12:14:30",36165,13.58464,0.113,0.1293,7.8775,6.4245,1.3733,1.1661,0.1751,0.2605,9.3996,9.3334,1.4886,1.3335,0.2503,0.32,10.4691,13.4271,1.6016,1.4122
"2024-03-21 15:58:03",232231,13.39157,0.1642,0.2133,10.247,8.7945,1.4648,1.2743,0.2044,0.3196,7.7692,10.8428,1.5394,1.4096,0.2938,0.52,7.8834,16.1883,1.6909,1.6721
"2024-04-02 15:53:51",249506,13.51497,0.1379,0.1749,10.8072,7.546,1.4196,1.2248,0.1923,0.3059,8.4285,10.2047,1.5202,1.3919,0.2927,0.531,8.681,16.1151,1.6909,1.6866
"2024-04-09 11:50:54",259343,13.66271,0.1219,0.141,7.7341,6.8173,1.3891,1.1812,0.1797,0.2894,8.6694,9.5619,1.4999,1.3707,0.2804,0.5492,9.2875,15.2974,1.6762,1.7103
"2024-04-19 11:57:30",273750,13.44193,0.1229,0.1556,14.629,6.8618,1.3936,1.2,0.1693,0.3195,13.7482,9.0472,1.4908,1.4095,0.2475,0.5234,13.2116,13.2596,1.6276,1.6767
"2024-05-09 11:10:10",302503,13.57792,0.2734,0.3055,11.5028,14.8465,1.6378,1.3936,0.2896,0.4298,12.1608,15.9057,1.6773,1.552,0.3601,0.3944,12.5837,21.2252,1.7813,1.5086
"2024-05-23 10:15:13",322609,13.45788,0.2635,0.3357,13.8676,14.2264,1.6265,1.4327,0.2956,0.421,15.327,16.3086,1.6852,1.5406,0.3697,0.4105,15.5005,22.0647,1.7994,1.5296
"2024-06-14 10:46:45",354321,13.37058,0.1413,0.1959,23.7379,7.7051,1.4287,1.252,0.2487,0.3937,23.3153,13.3292,1.6129,1.5052,0.3433,0.4223,22.2357,19.8278,1.7553,1.5448
"2024-06-14 11:58:52",354393,13.33113,0.1418,0.1977,24.0616,7.7302,1.4298,1.2543,0.2475,0.3899,23.2298,13.2577,1.6107,1.5003,0.3426,0.4213,22.189,19.7774,1.7542,1.5435
"2024-06-18 16:45:40",360440,13.27321,0.3038,0.4326,23.1773,16.8788,1.6988,1.5587,0.3142,0.4577,20.0401,17.6136,1.718,1.588,0.381,0.4258,19.9225,23.1003,1.8209,1.5494
"2024-08-18 20:30:20",448505,13.07174,0.2401,0.4165,25.5576,12.8242,1.6039,1.5377,0.2961,0.5298,23.5582,16.3412,1.6999,1.6815,0.3893,0.5713,22.8769,23.8882,1.848,1.7393
"2024-08-19 08:56:06",449251,13.45872,0.2331,0.3758,22.233,12.4221,1.588,1.4849,0.2952,0.5221,23.2546,16.2846,1.6977,1.6716,0.3903,0.5756,23.1442,23.9899,1.8503,1.7449
"2024-08-22 20:05:28",454240,13.20941,0.1723,0.2708,24.3776,9.1935,1.4863,1.3487,0.2714,0.4764,23.4395,14.7227,1.657,1.6123,0.3791,0.5582,23.2242,22.9156,1.8288,1.7221
"2024-08-23 09:27:08",455042,13.51245,0.1679,0.2544,21.8429,8.9759,1.4773,1.3275,0.2714,0.4681,22.8879,14.7243,1.6559,1.6016,0.3799,0.5556,23.0312,22.9897,1.8299,1.7187
"2024-10-25 16:09:11",546166,13.35211,0.3694,0.575,12.8073,22.0336,1.8164,1.7139,0.3125,0.4098,12.648,17.4953,1.7101,1.526,0.3902,0.4724,13.7232,23.9789,1.8412,1.6101
"2024-10-31 12:10:02",554567,13.74161,0.3557,0.5138,8.7621,20.8498,1.787,1.6371,0.2992,0.3828,10.8724,16.5565,1.6864,1.4911,0.3818,0.4528,12.371,23.1686,1.8243,1.5846
"2024-10-31 12:13:56",554570,13.72147,0.3559,0.5108,8.7592,20.8655,1.787,1.6334,0.2986,0.3814,10.8554,16.5128,1.6852,1.4893,0.382,0.4617,12.371,23.1907,1.8254,1.5962
"2024-10-31 17:27:48",298,13.57792,0.3576,0.5477,10.8298,21.0126,1.7938,1.6796,0.299,0.3849,10.9432,16.5459,1.6864,1.4938,0.382,0.4482,12.1524,23.1874,1.8243,1.5786
"2024-11-02 11:24:44",2815,13.80793,0.3513,0.4853,7.1784,20.4861,1.7768,1.6015,0.2958,0.3694,9.7412,16.3215,1.6796,1.4738,0.3799,0.4371,11.3278,22.9977,1.8198,1.5642
"2024-11-07 12:03:18",10054,13.86417,0.3499,0.4642,5.253,20.3665,1.7723,1.5751,0.2914,0.3489,7.86,16.0242,1.6706,1.4473,0.3747,0.4136,9.6265,22.5108,1.8084,1.5335
"2024-11-09 19:40:06",13391,13.22872,0.355,0.5247,9.0627,20.7925,1.787,1.6508,0.2926,0.3624,8.7708,16.1073,1.6739,1.4647,0.3735,0.4115,9.3421,22.404,1.8062,1.5308
"2024-11-21 17:44:57",30555,13.51329,0.3355,0.4073,3.3765,19.2153,1.7429,1.5041,0.2846,0.3101,4.3249,15.5729,1.6559,1.3973,0.3659,0.365,5.9587,21.7281,1.7892,1.4704
"2024-12-02 17:01:05",46352,13.60395,0.3564,0.4906,1.6506,20.9108,1.7858,1.6081,0.3022,0.338,3.0192,16.7669,1.6864,1.4333,0.3793,0.3755,4.3065,22.9352,1.8141,1.4841
"2024-12-14 16:12:38",63583,13.69377,0.3402,0.4435,0.4505,19.5851,1.7542,1.5493,0.2909,0.3141,1.7408,15.9893,1.666,1.4024,0.3726,0.3547,2.9343,22.3242,1.8005,1.4571
"2024-12-21 10:15:57",73306,14.08327,0.3373,0.4358,0.4076,19.3509,1.7485,1.5397,0.2869,0.3087,1.528,15.7233,1.6593,1.3955,0.37,0.3562,2.5393,22.0947,1.796,1.459
"2024-12-30 12:07:28",86378,13.70972,0.3615,0.507,2.266,21.3422,1.796,1.6286,0.2923,0.3359,3.1574,16.0852,1.6706,1.4306,0.3703,0.3651,3.7222,22.1201,1.7971,1.4706
"2025-01-01 12:13:54",89264,13.90698,0.3522,0.4829,1.3046,20.5542,1.7779,1.5985,0.2914,0.3277,2.4378,16.025,1.6683,1.42,0.3698,0.3615,3.3452,22.0765,1.796,1.4659
