"TOA5","S3T","CR200X","23124","CR200X.Std.04","CSU_3depths_M3.CR2","60237","Status"
"TIMESTAMP","RECORD","OSversion","OSDate","OSSignature","ProgName","ProgSig","CalOffset","PakBusAddress","RfInstalled","RfNetAddr","RfAddress","RfHopSeq","RfPwrMode","Rf_ForceOn","Rf_Protocol","MaxTXPacket","RfSignalLevel","RfRxPakBusCnt","VarOutOfBounds","SkipScan","TrapCode","WatchDogCnt","ResetTables","BattVoltage","SerialNum"
"TS","RN","","","","","","","","","","","","","","","","","","","","","","","",""
"","","","","","","","","","","","","","","","","","","","","","","","","",""
"2023-11-02 10:15:45",7,"CR200X.Std.04","150820",53066,"CSU_3depths_M3.CR2",60237,3.375,8,12305,1,0,1,"RF1S_LH",0,1,250,71,15539,0,0,0,0,0,13.89187,23124
"2023-11-04 09:25:17",10,"CR200X.Std.04","150820",53066,"CSU_3depths_M3.CR2",60237,3.125,8,12305,1,0,1,"RF1S_LH",0,1,250,71,16936,0,0,0,0,0,13.99764,23124
"2023-11-04 09:26:05",12,"CR200X.Std.04","150820",53066,"CSU_3depths_M3.CR2",60237,3.25,8,12305,1,0,1,"RF1S_LH",0,1,250,71,16946,0,0,0,0,0,13.9968,23124
"2023-11-04 09:27:21",14,"CR200X.Std.04","150820",53066,"CSU_3depths_M3.CR2",60237,3.25,8,12305,1,0,1,"RF1S_LH",0,1,250,71,16956,0,0,0,0,0,13.98505,23124
"2023-11-04 09:35:11",18,"CR200X.Std.04","150820",53066,"CSU_3depths_M3.CR2",60237,4.25,8,12305,1,0,1,"RF1S_LH",0,1,250,275,17072,0,0,0,0,0,13.93972,23124
"2023-11-04 09:41:23",19,"CR200X.Std.04","150820",53066,"CSU_3depths_M3.CR2",60237,4.125,8,12305,1,0,1,"RF1S_LH",0,1,250,71,17147,0,0,0,0,0,13.90027,23124
"2023-11-04 09:46:24",20,"CR200X.Std.04","150820",53066,"CSU_3depths_M3.CR2",60237,3.375,8,12305,1,0,1,"RF1S_LH",0,1,250,71,17197,0,0,0,0,0,13.87844,23124
"2023-11-04 09:47:26",21,"CR200X.Std.04","150820",53066,"CSU_3depths_M3.CR2",60237,3.25,8,12305,1,0,1,"RF1S_LH",0,1,250,71,17208,0,0,0,0,0,13.8776,23124
"2023-11-04 09:53:21",23,"CR200X.Std.04","150820",53066,"CSU_3depths_M3.CR2",60237,5.375,8,12305,1,0,1,"RF1S_LH",0,1,250,71,17272,0,0,0,0,0,13.82808,23124
"2023-11-04 09:55:08",24,"CR200X.Std.04","150820",53066,"CSU_3depths_M3.CR2",60237,3.375,8,12305,1,0,1,"RF1S_LH",0,1,250,71,17286,0,0,0,0,0,13.82136,23124
"2023-11-04 09:59:13",25,"CR200X.Std.04","150820",53066,"CSU_3depths_M3.CR2",60237,3.25,8,12305,1,0,1,"RF1S_LH",0,1,250,71,17327,0,0,0,0,0,13.82556,23124
"2023-11-04 10:47:12",26,"CR200X.Std.04","150820",53066,"CSU_3depths_M3.CR2",60237,3.375,8,12305,1,0,1,"RF1S_LH",0,1,250,71,17448,0,0,0,0,0,13.69377,23124
"2023-11-04 11:19:15",30,"CR200X.Std.04","150820",53066,"CSU_3depths_M3.CR2",60237,3.375,8,12305,1,0,1,"RF1S_LH",0,1,250,71,17488,0,0,0,0,0,13.64172,23124
"2023-11-04 11:22:14",31,"CR200X.Std.04","150820",53066,"CSU_3depths_M3.CR2",60237,3.25,8,12305,1,0,1,"RF1S_LH",0,1,250,71,17516,0,0,0,0,0,13.63752,23124
"2023-11-04 11:27:29",32,"CR200X.Std.04","150820",53066,"CSU_3depths_M3.CR2",60237,3.375,8,12305,1,0,1,"RF1S_LH",0,1,250,71,17568,0,0,0,0,0,13.62829,23124
"2023-11-04 12:08:00",33,"CR200X.Std.04","150820",53066,"CSU_3depths_M3.CR2",60237,3.375,8,12305,1,0,1,"RF1S_LH",0,1,250,71,17959,0,0,0,0,0,13.5796,23124
"2023-11-05 10:43:34",35,"CR200X.Std.04","150820",53066,"CSU_3depths_M3.CR2",60237,3.375,8,12305,1,0,1,"RF1S_LH",0,1,250,71,18607,0,0,0,0,0,13.70048,23124
"2023-11-05 10:47:18",36,"CR200X.Std.04","150820",53066,"CSU_3depths_M3.CR2",60237,3.375,8,12305,1,0,1,"RF1S_LH",0,1,250,71,18644,0,0,0,0,0,13.68033,23124
"2023-11-05 10:50:41",37,"CR200X.Std.04","150820",53066,"CSU_3depths_M3.CR2",60237,3.125,8,12305,1,0,1,"RF1S_LH",0,1,250,71,18664,0,0,0,0,0,13.68537,23124
"2023-11-05 11:39:51",38,"CR200X.Std.04","150820",53066,"CSU_3depths_M3.CR2",60237,3.375,8,12305,1,0,1,"RF1S_LH",0,1,250,71,18796,0,0,0,0,0,13.635,23124
"2023-11-05 11:39:56",39,"CR200X.Std.04","150820",53066,"CSU_3depths_M3.CR2",60237,3.375,8,12305,1,0,1,"RF1S_LH",0,1,250,71,18801,0,0,0,0,0,13.63165,23124
"2023-11-06 12:15:07",45,"CR200X.Std.04","150820",53066,"CSU_3depths_M3.CR2",60237,3.25,8,12305,1,0,1,"RF1S_LH",0,1,250,71,19538,0,0,0,0,0,13.58884,23124
"2024-03-21 15:57:53",49,"CR200X.Std.04","150820",53066,"CSU_3depths_M3.CR2",60237,3.375,8,12305,1,0,1,"RF1S_LH",0,1,250,71,43884,0,0,0,0,0,13.39493,23124
"2024-03-21 15:58:03",50,"CR200X.Std.04","150820",53066,"CSU_3depths_M3.CR2",60237,3.375,8,12305,1,0,1,"RF1S_LH",0,1,250,71,43884,0,0,0,0,0,13.38401,23124
"2024-04-02 15:53:44",51,"CR200X.Std.04","150820",53066,"CSU_3depths_M3.CR2",60237,3.875,8,12305,1,0,1,"RF1S_LH",0,1,250,71,50943,0,0,0,0,0,13.46544,23124
"2024-04-02 15:53:52",52,"CR200X.Std.04","150820",53066,"CSU_3depths_M3.CR2",60237,4,8,12305,1,0,1,"RF1S_LH",0,1,250,71,50943,0,0,0,0,0,13.48475,23124
"2024-04-09 11:50:51",53,"CR200X.Std.04","150820",53066,"CSU_3depths_M3.CR2",60237,3.375,8,12305,1,0,1,"RF1S_LH",0,1,250,71,50943,0,0,0,0,0,13.65851,23124
"2024-04-09 11:50:54",54,"CR200X.Std.04","150820",53066,"CSU_3depths_M3.CR2",60237,3.5,8,12305,1,0,1,"RF1S_LH",0,1,250,71,50943,0,0,0,0,0,13.64928,23124
"2024-04-19 11:57:19",55,"CR200X.Std.04","150820",53066,"CSU_3depths_M3.CR2",60237,3.5,8,12305,1,0,1,"RF1S_LH",0,1,250,71,57177,0,0,0,0,0,13.42934,23124
"2024-04-19 11:57:30",56,"CR200X.Std.04","150820",53066,"CSU_3depths_M3.CR2",60237,3.25,8,12305,1,0,1,"RF1S_LH",0,1,250,71,57178,0,0,0,0,0,13.43438,23124
"2024-05-09 11:10:01",57,"CR200X.Std.04","150820",53066,"CSU_3depths_M3.CR2",60237,3.375,8,12305,1,0,1,"RF1S_LH",0,1,250,71,4717,0,0,0,0,0,13.57541,23124
"2024-05-09 11:10:10",58,"CR200X.Std.04","150820",53066,"CSU_3depths_M3.CR2",60237,3,8,12305,1,0,1,"RF1S_LH",0,1,250,71,4717,0,0,0,0,0,13.55862,23124
"2024-05-23 10:15:05",59,"CR200X.Std.04","150820",53066,"CSU_3depths_M3.CR2",60237,3.25,8,12305,1,0,1,"RF1_Sec",0,2,250,0,0,0,0,0,0,0,13.45285,23124
"2024-05-23 10:15:13",60,"CR200X.Std.04","150820",53066,"CSU_3depths_M3.CR2",60237,4.125,8,12305,1,0,1,"RF1_Sec",0,2,250,0,0,0,0,0,0,0,13.44193,23124
"2024-06-14 10:46:45",61,"CR200X.Std.04","150820",53066,"CSU_3depths_M3.CR2",60237,3.25,8,12305,1,0,1,"RF1_Sec",0,2,250,71,5418,0,0,0,0,0,13.37562,23124
"2024-06-14 11:58:53",62,"CR200X.Std.04","150820",53066,"CSU_3depths_M3.CR2",60237,3.25,8,12305,1,0,1,"RF1_Sec",0,2,250,71,5451,0,0,0,0,0,13.337,23124
"2024-06-18 16:45:41",63,"CR200X.Std.04","150820",53066,"CSU_3depths_M3.CR2",60237,3.375,8,12305,1,0,1,"RF1_Sec",0,2,250,71,7824,0,0,0,0,0,13.28076,23124
"2024-08-18 20:30:21",72,"CR200X.Std.04","150820",53066,"CSU_3depths_M3.CR2",60237,3.25,8,12305,1,0,1,"RF1_Sec",0,2,250,71,33067,0,0,0,0,0,13.06838,23124
"2024-08-19 08:56:07",73,"CR200X.Std.04","150820",53066,"CSU_3depths_M3.CR2",60237,3.125,8,12305,1,0,1,"RF1_Sec",0,2,250,71,34640,0,0,0,0,0,13.46208,23124
"2024-08-22 20:05:30",74,"CR200X.Std.04","150820",53066,"CSU_3depths_M3.CR2",60237,3.125,8,12305,1,0,1,"RF1_Sec",0,2,250,71,36634,0,0,0,0,0,13.20353,23124
"2024-08-23 09:27:08",75,"CR200X.Std.04","150820",53066,"CSU_3depths_M3.CR2",60237,3.375,8,12305,1,0,1,"RF1_Sec",0,2,250,71,37027,0,0,0,0,0,13.50741,23124
"2024-10-25 16:09:11",574,"CR200X.Std.04","150820",53066,"CSU_3depths_M3.CR2",60237,3.625,8,12305,1,0,1,"RF1_Sec",0,2,250,71,7605,0,0,0,0,0,13.3177,23124
"2024-10-31 12:10:02",575,"CR200X.Std.04","150820",53066,"CSU_3depths_M3.CR2",60237,3,8,12305,1,0,1,"RF1_Sec",0,2,250,71,7605,0,0,0,0,0,13.72483,23124
"2024-10-31 12:13:56",576,"CR200X.Std.04","150820",53066,"CSU_3depths_M3.CR2",60237,3.375,8,12305,1,0,1,"RF1_Sec",0,2,250,71,7605,0,0,0,0,0,13.6988,23124
"2024-10-31 17:27:18",16,"CR200X.Std.04","150820",53066,"CSU_3depths_M3.CR2",60237,2.375,8,12305,1,0,1,"RF1S_LH",0,2,250,71,130,0,0,0,0,0,13.59303,23675
"2024-10-31 17:27:49",17,"CR200X.Std.04","150820",53066,"CSU_3depths_M3.CR2",60237,2.375,8,12305,1,0,1,"RF1S_LH",0,2,250,71,158,0,0,0,0,0,13.58632,23675
"2024-11-02 11:24:40",18,"CR200X.Std.04","150820",53066,"CSU_3depths_M3.CR2",60237,2.375,8,12305,1,0,1,"RF1S_LH",0,2,250,71,1161,0,0,0,0,0,13.81129,23675
"2024-11-02 11:24:45",19,"CR200X.Std.04","150820",53066,"CSU_3depths_M3.CR2",60237,2.375,8,12305,1,0,1,"RF1S_LH",0,2,250,71,1163,0,0,0,0,0,13.80457,23675
"2024-11-07 12:02:27",20,"CR200X.Std.04","150820",53066,"CSU_3depths_M3.CR2",60237,2.375,8,12305,1,0,1,"RF1S_LH",0,2,250,71,4036,0,0,0,0,0,13.87173,23675
"2024-11-07 12:03:18",21,"CR200X.Std.04","150820",53066,"CSU_3depths_M3.CR2",60237,2.375,8,12305,1,0,1,"RF1S_LH",0,2,250,71,4040,0,0,0,0,0,13.87844,23675
"2024-11-09 19:40:04",22,"CR200X.Std.04","150820",53066,"CSU_3depths_M3.CR2",60237,2.375,8,12305,1,0,1,"RF1S_LH",0,2,250,71,5454,0,0,0,0,0,13.2304,23675
"2024-11-09 19:40:07",23,"CR200X.Std.04","150820",53066,"CSU_3depths_M3.CR2",60237,2.375,8,12305,1,0,1,"RF1S_LH",0,2,250,71,5456,0,0,0,0,0,13.2304,23675
"2024-11-21 17:44:54",24,"CR200X.Std.04","150820",53066,"CSU_3depths_M3.CR2",60237,2.375,8,12305,1,0,1,"RF1S_LH",0,2,250,71,12272,0,0,0,0,0,13.49902,23675
"2024-11-21 17:44:58",25,"CR200X.Std.04","150820",53066,"CSU_3depths_M3.CR2",60237,2.375,8,12305,1,0,1,"RF1S_LH",0,2,250,71,12274,0,0,0,0,0,13.49902,23675
"2024-12-02 16:55:39",26,"CR200X.Std.04","150820",53066,"CSU_3depths_M3.CR2",60237,2.375,8,12305,1,0,1,"RF1S_LH",0,2,250,71,18731,0,0,0,0,0,13.58967,23675
"2024-12-02 17:01:06",27,"CR200X.Std.04","150820",53066,"CSU_3depths_M3.CR2",60237,2.5,8,12305,1,0,1,"RF1S_LH",0,2,250,71,18749,0,0,0,0,0,13.60143,23675
"2024-12-14 16:11:39",28,"CR200X.Std.04","150820",53066,"CSU_3depths_M3.CR2",60237,2.625,8,12305,1,0,1,"RF1S_LH",0,2,250,71,25660,0,0,0,0,0,13.6988,23675
"2024-12-14 16:12:40",29,"CR200X.Std.04","150820",53066,"CSU_3depths_M3.CR2",60237,2.625,8,12305,1,0,1,"RF1S_LH",0,2,250,71,25664,0,0,0,0,0,13.69377,23675
"2024-12-21 10:15:55",30,"CR200X.Std.04","150820",53066,"CSU_3depths_M3.CR2",60237,2.5,8,12305,1,0,1,"RF1S_LH",0,2,250,71,29719,0,0,0,0,0,14.09586,23675
"2024-12-21 10:15:58",31,"CR200X.Std.04","150820",53066,"CSU_3depths_M3.CR2",60237,2.375,8,12305,1,0,1,"RF1S_LH",0,2,250,71,29721,0,0,0,0,0,14.07319,23675
"2024-12-30 12:07:27",32,"CR200X.Std.04","150820",53066,"CSU_3depths_M3.CR2",60237,3.25,8,12305,1,0,1,"RF1S_LH",0,2,250,71,34993,0,0,0,0,0,13.69796,23675
"2024-12-30 12:07:29",33,"CR200X.Std.04","150820",53066,"CSU_3depths_M3.CR2",60237,3.25,8,12305,1,0,1,"RF1S_LH",0,2,250,71,34995,0,0,0,0,0,13.69796,23675
"2025-01-01 12:13:20",34,"CR200X.Std.04","150820",53066,"CSU_3depths_M3.CR2",60237,2.375,8,12305,1,0,1,"RF1S_LH",0,2,250,71,36322,0,0,0,0,0,13.92545,23675
"2025-01-01 12:13:55",35,"CR200X.Std.04","150820",53066,"CSU_3depths_M3.CR2",60237,2.375,8,12305,1,0,1,"RF1S_LH",0,2,250,71,36325,0,0,0,0,0,13.92209,23675
