"TOA5","S4B","CR200X","23664","CR200X.Std.04","CSU_3depths.CR2","51716","Public"
"TIMESTAMP","RECORD","BattV","VWC_1","EC_1","T_1","P_1","PA_1","VR_1","VWC_2","EC_2","T_2","P_2","PA_2","VR_2","VWC_3","EC_3","T_3","P_3","PA_3","VR_3"
"TS","RN","Volts","m^3/m^3","dS/m","Deg C","unitless","nSec","unitless","m^3/m^3","dS/m","Deg C","unitless","nSec","unitless","m^3/m^3","dS/m","Deg C","unitless","nSec","unitless"
"","","","","","","","","","","","","","","","","","","","",""
"2023-05-17 08:42:57",1129,13.72818,"NAN","NAN","NAN",0,0,0,0.1731,0.5434,14.7202,9.2321,1.5394,1.6773,0.0827,0.3684,14.4825,5.1207,1.3846,1.4621
"2023-05-17 08:46:11",1133,13.70384,"NAN","NAN","NAN",0,0,0,0.1733,0.5423,14.9245,9.242,1.5394,1.6758,0.0836,0.3681,14.7202,5.1598,1.3857,1.4618
"2023-05-17 10:14:40",1221,13.45285,"NAN","NAN","NAN",0,0,0,0.1731,0.5434,18.6835,9.2321,1.5394,1.6773,0.0837,0.3724,17.7862,5.1621,1.3869,1.4672
"2023-05-29 17:06:59",18913,13.35715,0.1751,0.5459,27.4101,9.3329,1.544,1.6829,0.2118,0.7699,20.2289,11.2365,1.6129,1.9731,0.1148,0.4983,19.0117,6.5033,1.4558,1.6265
"2023-06-01 16:06:40",23173,13.47215,0.1377,0.3723,22.2055,7.5398,1.4603,1.4642,0.2146,0.82,19.731,11.3895,1.6276,2.0373,0.1187,0.5456,19.411,6.6755,1.4716,1.6866
"2023-06-01 16:09:38",23176,13.50153,0.1369,0.3719,22.2,7.5032,1.4592,1.4637,0.2142,0.8219,19.7501,11.3672,1.6276,2.0398,0.1187,0.5454,19.4137,6.6768,1.4716,1.6864
"2023-06-09 15:21:33",34649,13.30175,0.0893,0.1916,26.71,5.3977,1.3529,1.2381,0.22,0.7381,20.949,11.6859,1.6152,1.9323,0.1212,0.5523,20.4944,6.7863,1.4761,1.6951
"2023-06-12 10:38:19",38686,13.37898,0.085,0.1443,22.5217,5.2179,1.3349,1.1792,0.2222,0.7313,22.1918,11.8108,1.6163,1.9236,0.1218,0.5397,21.6481,6.813,1.4739,1.6791
"2023-06-13 15:54:01",40442,13.48391,0.0876,0.1556,26.8339,5.3267,1.3416,1.1933,0.2232,0.7209,22.2605,11.8639,1.6152,1.9103,0.1214,0.5223,21.5219,6.7967,1.4694,1.657
"2023-06-14 14:32:21",41801,13.42515,0.0868,0.1421,25.3148,5.295,1.3371,1.1764,0.2215,0.7091,21.6206,11.7702,1.6107,1.8951,0.1206,0.5216,21.3409,6.7603,1.4682,1.6561
"2023-06-21 10:12:40",369,13.38317,0.1383,0.3908,20.0346,7.5641,1.4648,1.4875,0.2912,1.3787,21.4615,16.0124,1.8446,2.7627,0.2974,1.7333,21.4231,16.436,1.9543,3.2301
"2023-07-01 10:09:01",95,13.40248,0.1744,0.3993,19.6626,9.2992,1.5146,1.4982,0.2996,1.4815,21.2997,16.5869,1.8785,2.8978,0.2652,1.3891,21.5576,14.3304,1.8378,2.7754
"2023-07-20 09:35:22",62,13.39073,"NAN","NAN","NAN",0,0,0,"NAN","NAN","NAN",0,0,0,"NAN","NAN","NAN",0,0,0
"2023-07-20 09:36:28",63,13.3689,"NAN","NAN","NAN",0,0,0,"NAN","NAN","NAN",0,0,0,"NAN","NAN","NAN",0,0,0
"2023-08-08 16:46:52",512,13.27573,0.0786,0.1607,29.5906,4.9502,1.3292,1.1995,0.2358,1.1609,25.633,12.5793,1.735,2.4781,0.1705,0.8579,24.9944,9.106,1.6061,2.0857
"2023-08-23 11:57:53",202,13.4285,0.0766,0.1813,23.7075,4.8666,1.3315,1.2252,0.2732,1.4089,23.6025,14.8343,1.8356,2.8023,0.1956,0.8772,24.2085,10.3754,1.6378,2.1105
"2023-08-23 11:58:39",203,13.34876,0.0766,0.181,23.713,4.8687,1.3315,1.2249,0.2723,1.412,23.6025,14.7779,1.8356,2.8064,0.1958,0.8762,24.1891,10.3864,1.6378,2.1093
"2023-09-11 09:55:33",57,13.51916,0.2094,0.3637,18.4565,11.1102,1.5564,1.4535,0.3455,1.8409,20.6231,20.0057,2.0074,3.3747,0.2647,0.9024,21.2915,14.2997,1.7214,2.1429
"2023-10-01 10:39:21",32,13.61234,0.1096,0.2551,15.3132,6.2749,1.397,1.3175,0.2986,1.4493,16.8795,16.5184,1.8695,2.8555,0.2594,0.9771,17.5617,13.9737,1.7316,2.2392
"2024-07-08 20:19:22",17931,12.41782,"NAN","NAN","NAN",8.9608,1.5937,2.0135,"NAN","NAN","NAN",21.2821,1.9836,3.1617,"NAN","NAN","NAN",24.6656,2.1283,3.7592
"2024-07-12 11:13:30",23145,12.35402,0.2418,0.9419,24.5219,12.9266,1.709,2.1868,0.3648,1.7861,25.379,21.6345,2.0119,3.3016,0.3107,1.0343,25.5185,17.364,1.8039,2.3132
"2024-08-25 17:09:02",43388,11.92003,0.3792,1.7334,24.3748,22.9311,2.0289,3.2433,0.3705,1.9439,23.0891,22.1357,2.0526,3.5127,"NAN","NAN","NAN",0,0,0
"2024-08-25 17:30:31",43410,11.92759,0.3816,1.7541,24.2307,23.1531,2.0356,3.2709,0.3696,1.9524,23.1691,22.0558,2.0537,3.5241,"NAN","NAN","NAN",0,0,0
"2024-08-25 18:51:50",43491,11.94354,0.3919,1.8009,23.7351,24.1434,2.056,3.3337,0.3721,1.968,23.3125,22.2794,2.0594,3.5451,"NAN","NAN","NAN",0,0,0
"2024-08-25 18:56:57",43496,11.92003,0.3914,1.8033,23.655,24.0965,2.056,3.3369,0.3713,1.9709,23.3098,22.2111,2.0594,3.549,"NAN","NAN","NAN",0,0,0
"2024-08-26 07:35:46",44255,11.88226,0.3883,1.7037,20.2809,23.7871,2.0322,3.2036,0.3735,1.9777,22.1286,22.4094,2.0628,3.5581,"NAN","NAN","NAN",0,0,0
"2024-08-28 11:13:48",47353,11.87134,0.3308,1.4416,19.824,18.8479,1.9147,2.8551,0.361,1.8807,21.138,21.2997,2.03,3.428,"NAN","NAN","NAN",0,0,0
"2024-09-06 15:39:52",60579,11.7832,0.361,1.4407,26.589,21.3039,1.9475,2.854,0.3432,1.7634,23.0946,19.8214,1.987,3.2713,0.3632,1.9847,22.9402,21.4924,2.0684,3.566
"2024-09-07 09:20:16",61640,11.72696,0.2977,1.155,20.3438,16.4513,1.8141,2.4783,0.3635,1.9503,22.497,21.5195,2.0481,3.5213,0.4096,2.2713,23.1773,25.9612,2.1679,3.9532
"2024-09-08 08:54:57",63054,11.73032,0.2771,1.1008,19.8103,15.0883,1.7791,2.4074,0.355,1.8689,21.961,20.7889,2.0221,3.4122,0.3913,2.1255,22.6896,24.0865,2.1227,3.7557
"2024-09-08 08:59:24",63059,11.71605,0.2777,1.0978,19.8048,15.1275,1.7791,2.4036,0.3536,1.869,21.9583,20.6767,2.0209,3.4124,0.3935,2.1163,22.7061,24.2987,2.1227,3.7433
"2024-09-08 09:01:45",63061,11.71269,0.2775,1.0988,19.8103,15.1142,1.7791,2.4049,0.3529,1.8716,21.9445,20.6184,2.0209,3.4158,0.3918,2.1235,22.7034,24.1329,2.1227,3.753
"2024-09-11 15:16:41",67756,11.71941,0.2496,1.0876,22.7695,13.3842,1.7463,2.3902,0.3436,1.8093,21.5905,19.8581,1.9983,3.3326,0.3808,1.9917,21.8429,23.077,2.0854,3.5755
"2024-09-20 18:48:41",80928,11.59265,0.1834,0.6063,23.3125,9.7508,1.562,1.7682,0.3114,1.5645,20.5875,17.4142,1.9102,3.0074,0.3155,1.6099,20.0209,17.712,1.9396,3.0663
"2024-09-26 11:11:17",89111,11.45247,0.1727,0.4891,17.9422,9.2107,1.5247,1.6183,0.2983,1.4415,18.9761,16.4962,1.8672,2.8453,0.297,1.4443,19.6407,16.4087,1.8819,2.848
"2024-10-11 08:54:36",110574,10.93789,0.2128,0.8013,14.6814,11.2939,1.6389,2.0188,0.2824,1.3361,16.5998,15.4312,1.8254,2.7068,0.2712,1.2307,17.5097,14.7094,1.8039,2.5683
"2024-10-13 08:51:31",113451,9.855012,0.1992,0.7501,14.1226,10.564,1.6118,1.9528,0.2811,1.319,16.1523,15.3431,1.8198,2.6844,0.2704,1.22,17.1947,14.6605,1.8005,2.5544
"2024-10-15 13:12:10",116592,8.181171,0.1881,0.7261,16.1385,9.9897,1.5937,1.922,0.28,1.3052,16.0204,15.274,1.8152,2.6664,0.2683,1.2104,16.9974,14.5281,1.796,2.5418
"2024-10-16 12:11:14",117971,7.860505,0.1836,0.6839,15.795,9.7583,1.579,1.8677,0.281,1.3059,16.3006,15.3376,1.8164,2.6673,0.2676,1.2087,17.0302,14.4845,1.7949,2.5396
"2024-10-21 19:33:05",221,13.13974,0.3245,1.1096,15.1065,18.3738,1.8356,2.4189,0.3027,1.4295,14.8886,16.7982,1.8684,2.8294,0.3701,1.8111,15.1892,22.1028,2.0368,3.3337
"2024-10-22 07:42:25",950,12.924,0.3012,1.0424,11.88,16.6971,1.7938,2.3313,0.3008,1.3961,13.984,16.6639,1.8582,2.7855,0.3688,1.7909,15.112,21.9838,2.0311,3.3068
"2024-10-22 10:42:48",1130,13.67782,0.2995,1.0308,11.4548,16.5745,1.7892,2.3163,0.3014,1.3845,13.6261,16.7085,1.8559,2.7703,0.3678,1.7797,14.9493,21.897,2.0277,3.2918
"2024-10-23 12:20:54",2668,13.58464,0.2934,1.0275,12.1412,16.1585,1.7813,2.3119,0.3146,1.3202,13.2506,17.6425,1.8537,2.686,0.3638,1.7457,14.5046,21.5444,2.0164,3.2466
"2024-10-30 09:49:27",12597,13.96742,0.264,0.9449,10.6539,14.2568,1.7293,2.2047,0.2969,1.3429,12.2169,16.3983,1.8412,2.7158,0.3349,1.5454,13.2562,19.1645,1.943,2.9811
"2024-11-02 11:29:21",17017,13.84654,0.2483,0.8408,7.3228,13.3054,1.6886,2.0699,0.2912,1.2418,9.5863,16.0143,1.8107,2.5835,0.3203,1.4132,11.2488,18.061,1.8977,2.807
"2024-11-07 12:10:09",24258,13.92125,0.2575,0.8424,5.35,13.8605,1.6999,2.072,0.2872,1.1749,7.6256,15.745,1.7904,2.4963,0.309,1.2927,9.4485,17.2446,1.8582,2.6493
"2024-11-09 20:30:56",27638,13.05579,0.2686,0.9462,9.1203,14.5459,1.735,2.2063,0.2914,1.2364,9.2759,16.0263,1.8096,2.5765,0.3062,1.2912,9.5375,17.0431,1.8548,2.6473
"2024-11-21 18:08:20",44776,13.19682,0.2301,0.7496,4.0877,12.2535,1.6479,1.9521,0.2761,1.0483,4.2295,15.0201,1.7485,2.3319,0.2835,1.0724,5.6339,15.5026,1.7802,2.3626
"2024-12-02 17:10:29",60558,13.78778,0.2815,0.866,2.1863,15.3725,1.7339,2.1024,0.2887,1.076,2.8082,15.8475,1.7689,2.3679,0.3241,1.1855,3.9981,18.3442,1.8514,2.5094
"2024-12-14 16:24:42",77792,13.92797,0.2448,0.7171,0.4472,13.1016,1.6593,1.9104,0.2812,0.9987,1.5054,15.3486,1.7429,2.2677,0.3057,1.0636,2.5837,17.0059,1.8039,2.3512
"2024-12-21 10:27:04",87515,14.22597,0.2415,0.7147,0.4208,12.9092,1.6547,1.9073,0.2781,0.979,1.3921,15.1476,1.735,2.2422,0.2954,1.0249,2.3042,16.2943,1.7836,2.301
"2024-12-30 12:19:23",100587,13.84151,0.2885,0.9247,2.2468,15.8345,1.7542,2.1784,0.2869,1.0505,3.0506,15.7226,1.761,2.3347,0.29,1.0437,3.716,15.932,1.7813,2.3254
"2025-01-01 12:20:43",103468,14.10341,0.2668,0.8152,1.0835,14.4304,1.7056,2.0367,0.2837,1.0162,2.1288,15.5142,1.7497,2.2903,0.2872,1.0167,3.1354,15.7477,1.7723,2.2904
