"TOA5","S4M","CR200X","23117","CR200X.Std.04","CSU_3depths.CR2","4256","Status"
"TIMESTAMP","RECORD","OSversion","OSDate","OSSignature","ProgName","ProgSig","CalOffset","PakBusAddress","RfInstalled","RfNetAddr","RfAddress","RfHopSeq","RfPwrMode","Rf_ForceOn","Rf_Protocol","MaxTXPacket","RfSignalLevel","RfRxPakBusCnt","VarOutOfBounds","SkipScan","TrapCode","WatchDogCnt","ResetTables","BattVoltage","SerialNum"
"TS","RN","","","","","","","","","","","","","","","","","","","","","","","",""
"","","","","","","","","","","","","","","","","","","","","","","","","",""
"2023-11-02 11:19:01",7,"CR200X.Std.04","150820",53066,"CSU_3depths.CR2",4256,2.875,12,12305,1,0,1,"RF1S_LH",0,1,250,71,14528,0,0,0,0,0,13.75169,23117
"2023-11-05 11:54:45",10,"CR200X.Std.04","150820",53066,"CSU_3depths.CR2",4256,2.625,12,12305,1,0,1,"RF1S_LH",0,1,250,71,16777,0,0,0,0,0,13.66187,23117
"2023-11-05 12:12:41",11,"CR200X.Std.04","150820",53066,"CSU_3depths.CR2",4256,2.875,12,12305,1,0,1,"RF1S_LH",0,1,250,71,16986,0,0,0,0,0,13.63333,23117
"2023-11-05 12:12:54",12,"CR200X.Std.04","150820",53066,"CSU_3depths.CR2",4256,3,12,12305,1,0,1,"RF1S_LH",0,1,250,71,16989,0,0,0,0,0,13.63584,23117
"2023-11-05 14:58:36",13,"CR200X.Std.04","150820",53066,"CSU_3depths.CR2",4256,3.25,12,12305,1,0,1,"RF1S_LH",0,1,250,71,17881,0,0,0,0,0,13.54519,23117
"2023-11-06 12:21:15",15,"CR200X.Std.04","150820",53066,"CSU_3depths.CR2",4256,3,12,12305,1,0,1,"RF1S_LH",0,1,250,71,18533,0,0,0,0,0,13.60898,23117
"2023-11-06 12:23:50",16,"CR200X.Std.04","150820",53066,"CSU_3depths.CR2",4256,2.875,12,12305,1,0,1,"RF1S_LH",0,1,250,71,18557,0,0,0,0,0,13.61318,23117
"2023-11-06 12:48:31",19,"CR200X.Std.04","150820",53066,"CSU_3depths.CR2",4256,2.875,12,12305,1,0,1,"RF1S_LH",0,1,250,71,18595,0,0,0,0,0,13.58632,23117
"2023-11-06 12:49:42",20,"CR200X.Std.04","150820",53066,"CSU_3depths.CR2",4256,3.25,12,12305,1,0,1,"RF1S_LH",0,1,250,71,18603,0,0,0,0,0,13.57708,23117
"2023-11-06 12:51:18",21,"CR200X.Std.04","150820",53066,"CSU_3depths.CR2",4256,3,12,12305,1,0,1,"RF1S_LH",0,1,250,71,18612,0,0,0,0,0,13.58212,23117
"2024-04-02 15:33:33",0,"CR200X.Std.04","150820",53066,"CSU_3depths.CR2",4256,3.25,12,12305,1,0,1,"RF1S_LH",0,1,250,71,12540,57943,16717,1,1,8103,13.54351,23117
"2024-04-02 15:34:03",1,"CR200X.Std.04","150820",53066,"CSU_3depths.CR2",4256,3.125,12,12305,1,0,1,"RF1S_LH",0,1,250,71,12540,57943,16717,1,0,8103,13.55022,23117
"2024-04-02 15:34:05",2,"CR200X.Std.04","150820",53066,"CSU_3depths.CR2",4256,3.75,12,12305,1,0,1,"RF1S_LH",0,1,250,71,12540,57943,0,1,0,8103,13.53847,23117
"2024-04-02 15:34:07",3,"CR200X.Std.04","150820",53066,"CSU_3depths.CR2",4256,3.75,12,12305,1,0,1,"RF1S_LH",0,1,250,71,12540,0,0,1,0,8103,13.53847,23117
"2024-04-02 15:34:37",4,"CR200X.Std.04","150820",53066,"CSU_3depths.CR2",4256,5.125,12,12305,1,0,1,"RF1S_LH",0,1,250,71,12540,0,0,1,0,8103,13.52756,23117
"2024-04-09 12:03:32",5,"CR200X.Std.04","150820",53066,"CSU_3depths.CR2",4256,3.125,12,12305,1,0,1,"RF1S_LH",0,1,250,71,12540,0,0,1,0,8103,13.6669,23117
"2024-04-09 12:03:35",6,"CR200X.Std.04","150820",53066,"CSU_3depths.CR2",4256,3.125,12,12305,1,0,1,"RF1S_LH",0,1,250,71,12540,0,0,1,0,8103,13.6669,23117
"2024-04-19 11:52:00",7,"CR200X.Std.04","150820",53066,"CSU_3depths.CR2",4256,2.75,12,12305,1,0,1,"RF1S_LH",0,1,250,71,18791,0,0,1,0,8103,13.48307,23117
"2024-04-19 11:52:07",8,"CR200X.Std.04","150820",53066,"CSU_3depths.CR2",4256,3,12,12305,1,0,1,"RF1S_LH",0,1,250,71,18791,0,0,1,0,8103,13.47299,23117
"2024-05-09 11:31:15",9,"CR200X.Std.04","150820",53066,"CSU_3depths.CR2",4256,3.25,12,12305,1,0,1,"RF1S_LH",0,1,250,71,31845,0,0,1,0,8103,13.59723,23117
"2024-05-09 11:31:21",10,"CR200X.Std.04","150820",53066,"CSU_3depths.CR2",4256,3.25,12,12305,1,0,1,"RF1S_LH",0,1,250,71,31845,0,0,1,0,8103,13.57876,23117
"2024-05-23 10:22:14",11,"CR200X.Std.04","150820",53066,"CSU_3depths.CR2",4256,3.375,12,12305,1,0,1,"RF1S_LH",0,1,250,71,32454,0,0,1,0,8103,13.45201,23117
"2024-05-23 10:22:20",12,"CR200X.Std.04","150820",53066,"CSU_3depths.CR2",4256,3.25,12,12305,1,0,1,"RF1S_LH",0,1,250,71,32454,0,0,1,0,8103,13.47131,23117
"2024-07-08 19:26:19",18,"CR200X.Std.04","150820",53066,"CSU_3depths.CR2",4256,3,12,12305,1,0,1,"RF1_Sec",0,2,250,71,21507,0,0,1,0,8103,13.23124,23117
"2024-07-08 19:26:38",19,"CR200X.Std.04","150820",53066,"CSU_3depths.CR2",4256,3.125,12,12305,1,0,1,"RF1_Sec",0,2,250,71,21515,0,0,1,0,8103,13.22704,23117
"2024-07-12 11:17:37",20,"CR200X.Std.04","150820",53066,"CSU_3depths.CR2",4256,2.75,12,12305,1,0,1,"RF1_Sec",0,2,250,71,24559,0,0,1,0,8103,13.2497,23117
"2024-07-12 11:17:43",21,"CR200X.Std.04","150820",53066,"CSU_3depths.CR2",4256,3,12,12305,1,0,1,"RF1_Sec",0,2,250,71,24562,0,0,1,0,8103,13.24299,23117
"2024-08-25 19:57:33",26,"CR200X.Std.04","150820",53066,"CSU_3depths.CR2",4256,3,12,12305,1,0,1,"RF1_Sec",0,2,250,71,40578,0,0,1,0,8103,13.22284,23117
"2024-08-25 19:57:38",27,"CR200X.Std.04","150820",53066,"CSU_3depths.CR2",4256,3,12,12305,1,0,1,"RF1_Sec",0,2,250,71,40580,0,0,1,0,8103,13.22284,23117
"2024-08-25 20:23:27",28,"CR200X.Std.04","150820",53066,"CSU_3depths.CR2",4256,3.125,12,12305,1,0,1,"RF1_Sec",0,2,250,71,41325,0,0,1,0,8103,13.03229,23117
"2024-08-26 07:36:12",29,"CR200X.Std.04","150820",53066,"CSU_3depths.CR2",4256,3,12,12305,1,0,1,"RF1_Sec",0,2,250,71,41758,0,0,1,0,8103,13.14561,23117
"2024-08-26 07:36:14",30,"CR200X.Std.04","150820",53066,"CSU_3depths.CR2",4256,3,12,12305,1,0,1,"RF1_Sec",0,2,250,71,41760,0,0,1,0,8103,13.14561,23117
"2024-08-28 11:15:10",31,"CR200X.Std.04","150820",53066,"CSU_3depths.CR2",4256,4.75,12,12305,1,0,1,"RF1_Sec",0,2,250,71,42989,0,0,1,0,8103,13.33365,23117
"2024-09-06 15:46:07",32,"CR200X.Std.04","150820",53066,"CSU_3depths.CR2",4256,3.375,12,12305,1,0,1,"RF1_Sec",0,2,250,71,48239,0,0,1,0,8103,13.26901,23117
"2024-09-06 15:46:11",33,"CR200X.Std.04","150820",53066,"CSU_3depths.CR2",4256,3.375,12,12305,1,0,1,"RF1_Sec",0,2,250,71,48241,0,0,1,0,8103,13.26901,23117
"2024-09-07 09:20:25",34,"CR200X.Std.04","150820",53066,"CSU_3depths.CR2",4256,2.75,12,12305,1,0,1,"RF1_Sec",0,2,250,71,48854,0,0,1,0,8103,13.59387,23117
"2024-09-07 09:20:41",35,"CR200X.Std.04","150820",53066,"CSU_3depths.CR2",4256,3.25,12,12305,1,0,1,"RF1_Sec",0,2,250,71,48856,0,0,1,0,8103,13.58716,23117
"2024-09-08 08:59:40",36,"CR200X.Std.04","150820",53066,"CSU_3depths.CR2",4256,3.125,12,12305,1,0,1,"RF1_Sec",0,2,250,71,49432,0,0,1,0,8103,13.62661,23117
"2024-09-08 08:59:44",37,"CR200X.Std.04","150820",53066,"CSU_3depths.CR2",4256,3.125,12,12305,1,0,1,"RF1_Sec",0,2,250,71,49434,0,0,1,0,8103,13.62661,23117
"2024-09-11 15:21:06",38,"CR200X.Std.04","150820",53066,"CSU_3depths.CR2",4256,3.125,12,12305,1,0,1,"RF1_Sec",0,2,250,71,51298,0,0,1,0,8103,13.29503,23117
"2024-09-11 16:04:27",39,"CR200X.Std.04","150820",53066,"CSU_3depths.CR2",4256,3,12,12305,1,0,1,"RF1_Sec",0,2,250,71,51322,0,0,1,0,8103,13.30511,23117
"2024-09-11 16:47:19",40,"CR200X.Std.04","150820",53066,"CSU_3depths.CR2",4256,2.75,12,12305,1,0,1,"RF1_Sec",0,2,250,71,51451,0,0,1,0,8103,13.28664,23117
"2024-09-11 17:03:26",41,"CR200X.Std.04","150820",53066,"CSU_3depths.CR2",4256,3,12,12305,1,0,1,"RF1_Sec",0,2,250,71,51796,0,0,1,0,8103,13.30679,23117
"2024-09-11 18:43:53",42,"CR200X.Std.04","150820",53066,"CSU_3depths.CR2",4256,3,12,12305,1,0,1,"RF1_Sec",0,2,250,71,54540,0,0,1,0,8103,13.38401,23117
"2024-09-11 19:36:14",43,"CR200X.Std.04","150820",53066,"CSU_3depths.CR2",4256,3,12,12305,1,0,1,"RF1_Sec",0,2,250,71,55719,0,0,1,0,8103,13.11371,23117
"2024-09-11 20:49:41",44,"CR200X.Std.04","150820",53066,"CSU_3depths.CR2",4256,3.5,12,12305,1,0,1,"RF1_Sec",0,2,250,71,55843,0,0,1,0,8103,13.06335,23117
"2024-09-20 18:57:19",45,"CR200X.Std.04","150820",53066,"CSU_3depths.CR2",4256,3.375,12,12305,1,0,1,"RF1_Sec",0,2,250,71,60924,0,0,1,0,8103,13.36135,23117
"2024-09-20 19:03:24",46,"CR200X.Std.04","150820",53066,"CSU_3depths.CR2",4256,3,12,12305,1,0,1,"RF1_Sec",0,2,250,71,60944,0,0,1,0,8103,13.31182,23117
"2024-09-20 19:34:15",47,"CR200X.Std.04","150820",53066,"CSU_3depths.CR2",4256,3.125,12,12305,1,0,1,"RF1_Sec",0,2,250,71,61171,0,0,1,0,8103,13.09441,23117
"2024-09-26 11:14:58",48,"CR200X.Std.04","150820",53066,"CSU_3depths.CR2",4256,3.125,12,12305,1,0,1,"RF1_Sec",0,2,250,71,64369,0,0,1,0,8103,13.36806,23117
"2024-09-26 11:15:20",49,"CR200X.Std.04","150820",53066,"CSU_3depths.CR2",4256,2.875,12,12305,1,0,1,"RF1_Sec",0,2,250,71,64374,0,0,1,0,8103,13.35799,23117
"2024-10-11 08:39:06",50,"CR200X.Std.04","150820",53066,"CSU_3depths.CR2",4256,3.125,12,12305,1,0,1,"RF1_Sec",0,2,250,71,7362,0,0,1,0,8103,13.7861,23117
"2024-10-11 08:39:09",51,"CR200X.Std.04","150820",53066,"CSU_3depths.CR2",4256,2.875,12,12305,1,0,1,"RF1_Sec",0,2,250,71,7364,0,0,1,0,8103,13.7861,23117
"2024-10-13 08:56:06",52,"CR200X.Std.04","150820",53066,"CSU_3depths.CR2",4256,3.25,12,12305,1,0,1,"RF1_Sec",0,2,250,71,8825,0,0,1,0,8103,13.80037,23117
"2024-10-13 08:56:09",53,"CR200X.Std.04","150820",53066,"CSU_3depths.CR2",4256,3.25,12,12305,1,0,1,"RF1_Sec",0,2,250,71,8827,0,0,1,0,8103,13.80037,23117
"2024-10-15 13:26:21",54,"CR200X.Std.04","150820",53066,"CSU_3depths.CR2",4256,2.75,12,12305,1,0,1,"RF1_Sec",0,2,250,71,10110,0,0,1,0,8103,13.41423,23117
"2024-10-15 13:26:24",55,"CR200X.Std.04","150820",53066,"CSU_3depths.CR2",4256,2.75,12,12305,1,0,1,"RF1_Sec",0,2,250,71,10112,0,0,1,0,8103,13.41423,23117
"2024-10-15 13:53:00",56,"CR200X.Std.04","150820",53066,"CSU_3depths.CR2",4256,3.125,12,12305,1,0,1,"RF1_Sec",0,2,250,71,10211,0,0,1,0,8103,13.37898,23117
"2024-10-16 12:14:28",57,"CR200X.Std.04","150820",53066,"CSU_3depths.CR2",4256,3.125,12,12305,1,0,1,"RF1_Sec",0,2,250,71,10746,0,0,1,0,8103,13.42682,23117
"2024-10-16 12:14:30",58,"CR200X.Std.04","150820",53066,"CSU_3depths.CR2",4256,3.125,12,12305,1,0,1,"RF1_Sec",0,2,250,71,10748,0,0,1,0,8103,13.42682,23117
"2024-10-20 11:57:33",59,"CR200X.Std.04","150820",53066,"CSU_3depths.CR2",4256,3.25,12,12305,1,0,1,"RF1_Sec",0,2,250,71,13032,0,0,1,0,8103,13.61066,23117
"2024-10-20 11:57:43",60,"CR200X.Std.04","150820",53066,"CSU_3depths.CR2",4256,3.125,12,12305,1,0,1,"RF1_Sec",0,2,250,71,13039,0,0,1,0,8103,13.6115,23117
"2024-10-20 12:06:46",61,"CR200X.Std.04","150820",53066,"CSU_3depths.CR2",4256,3,12,12305,1,0,1,"RF1_Sec",0,2,250,71,13128,0,0,1,0,8103,13.61234,23117
"2024-10-20 12:06:49",62,"CR200X.Std.04","150820",53066,"CSU_3depths.CR2",4256,3,12,12305,1,0,1,"RF1_Sec",0,2,250,71,13130,0,0,1,0,8103,13.61234,23117
"2024-10-21 19:55:48",63,"CR200X.Std.04","150820",53066,"CSU_3depths.CR2",4256,3,12,12305,1,0,1,"RF1_Sec",0,2,250,71,13886,0,0,1,0,8103,13.13218,23117
"2024-10-21 19:55:58",64,"CR200X.Std.04","150820",53066,"CSU_3depths.CR2",4256,2.875,12,12305,1,0,1,"RF1_Sec",0,2,250,71,13895,0,0,1,0,8103,13.12966,23117
"2024-10-22 10:42:23",65,"CR200X.Std.04","150820",53066,"CSU_3depths.CR2",4256,3,12,12305,1,0,1,"RF1_Sec",0,2,250,71,14275,0,0,1,0,8103,13.68789,23117
"2024-10-22 10:42:25",66,"CR200X.Std.04","150820",53066,"CSU_3depths.CR2",4256,3,12,12305,1,0,1,"RF1_Sec",0,2,250,71,14277,0,0,1,0,8103,13.68789,23117
"2024-10-30 09:52:50",67,"CR200X.Std.04","150820",53066,"CSU_3depths.CR2",4256,3.25,12,12305,1,0,1,"RF1_Sec",0,2,250,71,18803,0,0,1,0,8103,13.87928,23117
"2024-10-30 09:53:28",68,"CR200X.Std.04","150820",53066,"CSU_3depths.CR2",4256,3.125,12,12305,1,0,1,"RF1_Sec",0,2,250,71,18806,0,0,1,0,8103,13.88852,23117
"2024-11-02 11:31:17",69,"CR200X.Std.04","150820",53066,"CSU_3depths.CR2",4256,3,12,12305,1,0,1,"RF1_Sec",0,2,250,71,20707,0,0,1,0,8103,13.80373,23117
"2024-11-02 11:31:19",70,"CR200X.Std.04","150820",53066,"CSU_3depths.CR2",4256,3,12,12305,1,0,1,"RF1_Sec",0,2,250,71,20709,0,0,1,0,8103,13.80373,23117
"2024-11-07 12:11:49",71,"CR200X.Std.04","150820",53066,"CSU_3depths.CR2",4256,3.125,12,12305,1,0,1,"RF1_Sec",0,2,250,71,23606,0,0,1,0,8103,13.84486,23117
"2024-11-07 12:12:00",72,"CR200X.Std.04","150820",53066,"CSU_3depths.CR2",4256,3.25,12,12305,1,0,1,"RF1_Sec",0,2,250,71,23608,0,0,1,0,8103,13.85494,23117
"2024-11-07 12:17:06",73,"CR200X.Std.04","150820",53066,"CSU_3depths.CR2",4256,2.875,12,12305,1,0,1,"RF1_Sec",0,2,250,71,23722,0,0,1,0,8103,13.85494,23117
"2024-11-07 14:08:57",74,"CR200X.Std.04","150820",53066,"CSU_3depths.CR2",4256,3.125,12,12305,1,0,1,"RF1_Sec",0,2,250,71,23930,0,0,1,0,8103,13.81129,23117
"2024-11-09 20:31:43",75,"CR200X.Std.04","150820",53066,"CSU_3depths.CR2",4256,3.25,12,12305,1,0,1,"RF1_Sec",0,2,250,71,25982,0,0,1,0,8103,13.08853,23117
"2024-11-09 20:31:48",76,"CR200X.Std.04","150820",53066,"CSU_3depths.CR2",4256,3.125,12,12305,1,0,1,"RF1_Sec",0,2,250,71,25984,0,0,1,0,8103,13.08098,23117
"2024-11-21 18:13:57",77,"CR200X.Std.04","150820",53066,"CSU_3depths.CR2",4256,3.125,12,12305,1,0,1,"RF1_Sec",0,2,250,71,32751,0,0,1,0,8103,13.18674,23117
"2024-11-21 18:14:00",78,"CR200X.Std.04","150820",53066,"CSU_3depths.CR2",4256,3.125,12,12305,1,0,1,"RF1_Sec",0,2,250,71,32753,0,0,1,0,8103,13.18674,23117
"2024-12-02 17:14:26",79,"CR200X.Std.04","150820",53066,"CSU_3depths.CR2",4256,3.125,12,12305,1,0,1,"RF1_Sec",0,2,250,71,39176,0,0,1,0,8103,13.77435,23117
"2024-12-02 17:14:38",80,"CR200X.Std.04","150820",53066,"CSU_3depths.CR2",4256,3,12,12305,1,0,1,"RF1_Sec",0,2,250,71,39182,0,0,1,0,8103,13.75672,23117
"2024-12-14 16:32:41",81,"CR200X.Std.04","150820",53066,"CSU_3depths.CR2",4256,3.125,12,12305,1,0,1,"RF1_Sec",0,2,250,71,46090,0,0,1,0,8103,13.86333,23117
"2024-12-14 16:35:28",82,"CR200X.Std.04","150820",53066,"CSU_3depths.CR2",4256,3.125,12,12305,1,0,1,"RF1_Sec",0,2,250,71,46100,0,0,1,0,8103,13.85494,23117
"2024-12-21 11:03:49",83,"CR200X.Std.04","150820",53066,"CSU_3depths.CR2",4256,3.125,12,12305,1,0,1,"RF1_Sec",0,2,250,71,50180,0,0,1,0,8103,14.07655,23117
"2024-12-21 11:04:21",84,"CR200X.Std.04","150820",53066,"CSU_3depths.CR2",4256,3.125,12,12305,1,0,1,"RF1_Sec",0,2,250,71,50183,0,0,1,0,8103,14.08494,23117
"2024-12-30 12:23:43",85,"CR200X.Std.04","150820",53066,"CSU_3depths.CR2",4256,5.375,12,12305,1,0,1,"RF1_Sec",0,2,250,71,55429,0,0,1,0,8103,13.76596,23117
"2024-12-30 12:25:05",86,"CR200X.Std.04","150820",53066,"CSU_3depths.CR2",4256,3.125,12,12305,1,0,1,"RF1_Sec",0,2,250,71,55434,0,0,1,0,8103,13.78778,23117
"2025-01-01 12:59:31",87,"CR200X.Std.04","150820",53066,"CSU_3depths.CR2",4256,3.25,12,12305,1,0,1,"RF1_Sec",0,2,250,71,56768,0,0,1,0,8103,13.98673,23117
"2025-01-01 12:59:34",88,"CR200X.Std.04","150820",53066,"CSU_3depths.CR2",4256,3.125,12,12305,1,0,1,"RF1_Sec",0,2,250,71,56770,0,0,1,0,8103,13.97078,23117
