"TOA5","S4M","CR200X","23117","CR200X.Std.04","CSU_3depths.CR2","4256","Table2"
"TIMESTAMP","RECORD","BattV_Min","VWC_1_Avg","EC_1_Avg","T_1_Avg","VWC_2_Avg","EC_2_Avg","T_2_Avg","VWC_3_Avg","EC_3_Avg","T_3_Avg"
"TS","RN","Volts","m^3/m^3","dS/m","Deg C","m^3/m^3","dS/m","Deg C","m^3/m^3","dS/m","Deg C"
"","","Min","Avg","Avg","Avg","Avg","Avg","Avg","Avg","Avg","Avg"
"2023-10-13 00:00:00",0,13.03984,0.08858415,0.1052376,14.21645,0.1291691,0.2314386,14.48031,0.1966651,0.4615287,14.91123
"2023-10-13 12:00:00",1,12.80732,0.08679472,0.09858497,12.50307,0.1288992,0.228746,14.23387,0.1958333,0.4589295,14.86501
"2023-10-14 00:00:00",2,12.99116,0.08708452,0.1013453,13.16319,0.1247725,0.2215309,13.7395,0.1932829,0.4488087,14.40566
"2023-10-14 12:00:00",3,12.79137,0.08495106,0.09377717,11.25226,0.1239274,0.217576,13.43314,0.1922406,0.4444557,14.28906
"2023-10-15 00:00:00",4,12.98864,0.08552582,0.09687489,12.03791,0.1210492,0.2112493,12.84469,0.1901582,0.4335956,13.71172
"2023-10-15 12:00:00",5,12.7813,0.08391154,0.09108847,10.56388,0.1202088,0.2086114,12.7017,0.1888503,0.4297735,13.6133
"2023-10-16 00:00:00",6,12.9794,0.08498013,0.09720835,12.32785,0.1159365,0.2030097,12.50111,0.1861473,0.419973,13.20974
"2023-10-16 12:00:00",7,12.8006,0.0834141,0.09166401,11.09706,0.1154622,0.2023132,12.75586,0.1849369,0.4193867,13.42588
"2023-10-17 00:00:00",8,12.97101,0.08430927,0.09711801,12.81899,0.1103238,0.1965503,12.69979,0.1815364,0.4104958,13.21029
"2023-10-17 12:00:00",9,12.78633,0.08248376,0.09072228,11.33322,0.1094958,0.1955828,12.94277,0.1801134,0.4101392,13.50012
"2023-10-18 00:00:00",10,12.97101,0.08341007,0.09574346,12.9541,0.1055433,0.1890475,12.78772,0.1762917,0.4001928,13.25698
"2023-10-18 12:00:00",11,12.78969,0.08163224,0.0897908,11.58785,0.1049005,0.1885231,13.07264,0.1748357,0.3995658,13.55356
"2023-10-19 00:00:00",12,12.95926,0.0824024,0.09458311,13.16884,0.100447,0.1821244,12.93335,0.1708405,0.3889375,13.33758
"2023-10-19 12:00:00",13,12.8132,0.08088493,0.08913429,11.93763,0.09991136,0.1820007,13.26028,0.1690639,0.3881338,13.6559
"2023-10-20 00:00:00",14,12.94834,0.08180033,0.09400114,13.55323,0.0960447,0.1763724,13.18685,0.1645316,0.3772511,13.48972
"2023-10-20 12:00:00",15,12.79809,0.08003118,0.08784224,12.08351,0.09561308,0.1762827,13.46276,0.1629229,0.3764185,13.81492
"2023-10-21 00:00:00",16,12.93239,0.08066536,0.09196991,13.42298,0.09232943,0.1703869,13.23495,0.1585294,0.3645619,13.57983
"2023-10-21 12:00:00",17,12.77626,0.07883401,0.08545347,11.79572,0.09202875,0.1697667,13.37359,0.1568558,0.3628197,13.8087
"2023-10-22 00:00:00",18,12.95086,0.0796655,0.08974166,13.1745,0.08916511,0.1640146,13.07049,0.1522826,0.3494321,13.49321
"2023-10-22 12:00:00",19,12.78214,0.07813235,0.08396954,11.75818,0.08909623,0.1639777,13.27081,0.1505734,0.3475743,13.71343
"2023-10-23 00:00:00",20,12.96261,0.07900237,0.08812347,13.07125,0.08675793,0.1591619,12.99129,0.1460359,0.3346231,13.42006
"2023-10-23 12:00:00",21,12.77794,0.07781661,0.0838924,12.11592,0.08679898,0.159942,13.31596,0.1443986,0.3331461,13.67826
"2023-10-24 00:00:00",22,12.97017,0.07861054,0.08779495,13.43064,0.0849571,0.1563686,13.20628,0.1401314,0.321504,13.51233
"2023-10-24 12:00:00",23,12.78214,0.07695729,0.0818278,11.77016,0.0849374,0.156103,13.30688,0.1385022,0.3197535,13.73037
"2023-10-25 00:00:00",24,12.98024,0.07777549,0.08553024,12.96559,0.08330864,0.152022,12.95982,0.1341435,0.307099,13.40224
"2023-10-25 12:00:00",25,12.77206,0.07598955,0.07961526,11.26237,0.08322798,0.1514566,12.97902,0.132619,0.3049043,13.52417
"2023-10-26 00:00:00",26,12.97017,0.07694044,0.08365144,12.44848,0.08188304,0.1477835,12.58471,0.1287533,0.2926111,13.13959
"2023-10-26 12:00:00",27,12.79389,0.07558291,0.0791338,11.28464,0.08200455,0.1481274,12.77807,0.1273277,0.2909988,13.30997
"2023-10-27 00:00:00",28,12.98948,0.0765246,0.08175135,12.16263,0.08126561,0.1456659,12.48055,0.1241479,0.2815009,13.02521
"2023-10-27 12:00:00",29,12.78381,0.07493047,0.07644213,10.42725,0.08121736,0.1445486,12.2965,0.1233058,0.2796331,13.02105
"2023-10-28 00:00:00",30,13.00459,0.0756985,0.08002348,11.39947,0.08038476,0.1423015,11.9027,0.1203505,0.2701358,12.61423
"2023-10-28 12:00:00",31,12.82747,0.07496655,0.07813746,10.99198,0.08058091,0.1430416,12.09616,0.1192817,0.2686087,12.70214
"2023-10-29 00:00:00",32,12.97521,0.07638316,0.08223224,12.39361,0.08019526,0.1433154,12.32595,0.1164562,0.2621571,12.68923
"2023-10-29 12:00:00",33,12.76535,0.07466283,0.07642458,10.56583,0.08027077,0.1425948,12.29142,0.1157854,0.2619986,12.8773
"2023-10-30 00:00:00",34,12.95674,0.07431376,0.07562908,9.832605,0.07969406,0.1385003,11.38563,0.1138465,0.2538628,12.36786
"2023-10-30 12:00:00",35,12.69735,0.07202365,0.06787684,7.167028,0.07909286,0.1339684,10.43465,0.1126196,0.2488681,11.87453
"2023-10-31 00:00:00",36,12.93659,0.07276655,0.07049461,7.700976,0.07854148,0.1304102,9.454123,0.1098339,0.2394521,10.96484
"2023-10-31 12:00:00",37,12.70239,0.07105453,0.06536372,6.080817,0.07842474,0.1285548,9.123057,0.10923,0.2366386,10.65743
"2023-11-01 00:00:00",38,12.95002,0.07232498,0.06949238,7.255641,0.07800122,0.1267033,8.589963,0.1103365,0.2295601,10.02779
"2023-11-01 12:00:00",39,12.72254,0.07095994,0.06530681,6.040802,0.07809304,0.126435,8.641586,0.1103414,0.2291482,10.00814
"2023-11-02 00:00:00",40,12.95926,0.07219855,0.06923617,7.325835,0.07776986,0.1251831,8.316969,0.108073,0.2239647,9.589483
"2023-11-02 12:00:00",41,12.70827,0.07097366,0.06529009,6.113726,0.07788809,0.1253744,8.470023,0.1077658,0.2244747,9.683036
"2023-11-03 00:00:00",42,12.94247,0.07246053,0.07017922,7.562565,0.07769692,0.1245701,8.217616,0.1060655,0.2198122,9.351485
"2023-11-03 12:00:00",43,12.73849,0.07165445,0.06729522,6.920852,0.07792167,0.1261864,8.714859,0.1060337,0.2216876,9.648195
"2023-11-04 00:00:00",44,12.9559,0.07288527,0.07154973,8.254807,0.077708,0.1258854,8.651667,0.1039854,0.2182432,9.51289
"2023-11-04 12:00:00",45,12.72002,0.07167473,0.06716758,6.95359,0.0778498,0.1262258,8.881263,0.1037275,0.2196409,9.768711
"2023-11-05 00:00:00",46,12.96681,0.07292382,0.07206001,8.414106,0.07762666,0.1256412,8.70292,0.1039503,0.2155429,9.533606
"2023-11-05 12:00:00",47,12.76451,0.07207188,0.06895792,7.701787,0.07785986,0.1271479,9.192419,0.1035987,0.2176914,9.885634
"2023-11-06 00:00:00",48,12.99871,0.07312342,0.07263128,8.87755,0.07766772,0.1266651,9.086956,0.1040669,0.2147261,9.766004
"2023-11-06 12:00:00",49,12.76031,0.07261816,0.07029378,8.288651,0.07812997,0.1279745,9.505881,0.1037823,0.2166172,10.07528
"2023-12-26 12:00:00",149,12.68644,0.1553665,0.1946338,1.012202,0.07572157,0.100443,2.516542,0.1021425,0.182282,3.533424
"2023-12-27 00:00:00",150,12.97437,0.1521916,0.1889028,0.6861449,0.07595006,0.09929487,2.185243,0.1016848,0.1806078,3.250174
"2023-12-27 12:00:00",151,12.68644,0.1489072,0.1836209,0.4725245,0.07605833,0.09865927,1.970143,0.1018603,0.179319,3.024232
"2023-12-28 00:00:00",152,12.96346,0.1447138,0.1770149,0.2477202,0.07558631,0.09790158,1.738448,0.1020445,0.1781663,2.819975
"2023-12-28 12:00:00",153,12.70071,0.1411118,0.1717113,0.103422,0.07535084,0.09760756,1.600912,0.1018787,0.1772772,2.657708
"2023-12-29 00:00:00",154,12.96261,0.1339567,0.1625442,-0.05810992,0.07495271,0.09698469,1.423146,0.1015362,0.1765212,2.502853
"2023-12-29 12:00:00",155,12.70407,0.1287367,0.1560632,-0.2102055,0.07491001,0.0969119,1.330934,0.1016328,0.1759178,2.384372
"2023-12-30 00:00:00",156,12.94415,0.1107514,0.1371186,-0.2848616,0.07436392,0.09634379,1.171849,0.1017229,0.1753465,2.257196
"2023-12-30 12:00:00",157,12.69567,0.1068117,0.1300308,-0.4583465,0.07435265,0.09641504,1.113617,0.1017961,0.1748799,2.162837
"2023-12-31 00:00:00",158,12.99367,0.09212481,0.1084355,-0.4273401,0.0744482,0.09586202,0.9681177,0.1017736,0.1744309,2.052184
"2023-12-31 12:00:00",159,12.7452,0.1004393,0.1205512,-0.2621915,0.07441907,0.09605995,0.997116,0.1016645,0.17404,1.990283
"2024-01-01 00:00:00",160,12.95758,0.09970081,0.117961,-0.2518635,0.07445113,0.09585537,0.9631836,0.1015267,0.1738957,1.943502
"2024-01-01 12:00:00",161,12.70575,0.1041916,0.1223493,-0.3279995,0.07451022,0.09611154,0.9702753,0.1019701,0.1737787,1.918331
"2024-01-02 00:00:00",162,12.95254,0.09558351,0.1097595,-0.3552347,0.07445971,0.09578392,0.8825365,0.101992,0.173632,1.865699
"2024-01-02 12:00:00",163,12.70239,0.09786605,0.1122357,-0.4484428,0.07484023,0.09606607,0.8935214,0.1020157,0.1734882,1.833455
"2024-01-03 00:00:00",164,12.9559,0.09044085,0.09875862,-0.4874042,0.07448975,0.0956241,0.7734569,0.1018506,0.1732455,1.768383
"2024-01-03 12:00:00",165,12.70407,0.09022167,0.09798656,-0.6358097,0.07500871,0.09586972,0.7740651,0.102085,0.1730714,1.729747
"2024-01-04 00:00:00",166,12.99871,0.08804473,0.09265708,-0.5350685,0.07453497,0.09536702,0.6610098,0.1019975,0.1727335,1.653327
"2024-01-04 12:00:00",167,12.77794,0.09573946,0.1061875,-0.219639,0.07509392,0.09567197,0.7630573,0.1021528,0.1726311,1.637246
"2024-01-05 00:00:00",168,12.94834,0.103842,0.1181315,-0.144922,0.07515085,0.09584028,0.8311392,0.1021189,0.1728401,1.665505
"2024-01-05 12:00:00",169,12.76199,0.1184676,0.1320736,-0.06062617,0.07510606,0.09608746,0.8859779,0.1020984,0.1729767,1.695239
"2024-01-06 00:00:00",170,13.00207,0.125656,0.1375197,-0.0286348,0.07507818,0.09629687,0.9299161,0.102061,0.173215,1.720622
"2024-01-06 12:00:00",171,12.74436,0.1279662,0.1400385,0.006773196,0.07546158,0.09655297,0.9660901,0.1024926,0.1733751,1.742067
"2024-01-07 00:00:00",172,12.99367,0.1261459,0.1400485,-0.0007113869,0.07569331,0.09670398,0.9843943,0.1027786,0.1735242,1.760548
"2024-01-07 12:00:00",173,12.80396,0.1256918,0.1400954,0.01719624,0.0760578,0.0968503,0.9989859,0.1027732,0.1735734,1.769797
"2024-01-08 00:00:00",174,13.02473,0.1253161,0.1401743,0.02971107,0.07636203,0.09691314,1.009434,0.1027542,0.1737011,1.776064
"2024-01-08 12:00:00",175,12.78298,0.1267852,0.1412301,0.0676358,0.0763334,0.09708364,1.029119,0.1027352,0.1737964,1.781579
"2024-01-09 00:00:00",176,12.95086,0.1265241,0.1413981,0.07839902,0.0763207,0.09716184,1.040366,0.1027237,0.1738785,1.788467
"2024-01-09 12:00:00",177,12.70407,0.1238685,0.1390739,-0.07900321,0.07629223,0.09732686,1.019858,0.1028387,0.1738907,1.784516
"2024-01-10 00:00:00",178,12.96261,0.109571,0.1269124,-0.2566434,0.07636539,0.09691728,0.8934816,0.1027593,0.1736518,1.72509
"2024-01-10 12:00:00",179,12.73345,0.09788827,0.1133267,-0.4443737,0.07636416,0.09691816,0.8214542,0.1028082,0.173338,1.666817
"2024-01-11 00:00:00",180,13.00543,0.08913781,0.0998036,-0.4136706,0.07642364,0.09656003,0.7171547,0.102868,0.1729775,1.584805
"2024-01-11 12:00:00",181,12.7729,0.0936608,0.1065269,-0.2712781,0.07639997,0.09671272,0.7462855,0.102898,0.1727907,1.551304
"2024-01-12 00:00:00",182,12.97017,0.09770125,0.1113558,-0.1986259,0.07639893,0.0967214,0.762559,0.1029059,0.1727352,1.54256
"2024-01-12 12:00:00",183,12.67049,0.09220583,0.1015943,-0.5164279,0.07635257,0.09692616,0.7352322,0.102956,0.1727909,1.537207
"2024-01-13 00:00:00",184,12.98444,0.08296926,0.08391245,-0.7362401,0.07647806,0.096253,0.5176904,0.1029842,0.1722481,1.434499
"2024-01-13 12:00:00",185,12.77458,0.08229005,0.08187265,-0.8378882,0.0764804,0.09624812,0.4704492,0.1030519,0.1718287,1.357709
"2024-01-14 00:00:00",186,13.01718,0.08285742,0.08212496,-0.6549035,0.07656192,0.09576318,0.3730899,0.1031408,0.1712541,1.262228
"2024-01-14 12:00:00",187,12.8048,0.08838974,0.09273334,-0.2775388,0.0764804,0.09626541,0.5177007,0.1031359,0.1712815,1.270729
"2024-01-15 00:00:00",188,13.01382,0.09366859,0.1017089,-0.171678,0.07641692,0.09659498,0.6140264,0.10308,0.1716446,1.322356
"2024-01-15 12:00:00",189,12.82327,0.1034207,0.114144,-0.091646,0.07634076,0.09693477,0.692295,0.1035034,0.171937,1.373496
"2024-01-16 00:00:00",190,12.95674,0.1160807,0.1249982,-0.03177267,0.07631704,0.09719573,0.7607518,0.1037398,0.1722455,1.421488
"2024-01-16 12:00:00",191,12.70323,0.1190948,0.127934,-0.04793223,0.07624551,0.09761363,0.810396,0.1037084,0.1725278,1.466921
"2024-01-17 00:00:00",192,12.96429,0.10038,0.1137008,-0.2802578,0.07629292,0.09735346,0.7362025,0.1037082,0.1725334,1.458959
"2024-01-17 12:00:00",193,12.76535,0.09310745,0.1028058,-0.5125773,0.07627562,0.09742957,0.6642886,0.1037351,0.172352,1.42185
"2024-01-18 00:00:00",194,13.03817,0.08821705,0.09388243,-0.4228308,0.07634023,0.09705564,0.5766053,0.1037879,0.172028,1.359957
"2024-01-18 12:00:00",195,12.78633,0.08903044,0.09470797,-0.3721228,0.07631136,0.09722903,0.6002723,0.1038167,0.1718437,1.336489
"2024-01-19 00:00:00",196,12.98444,0.08948015,0.09455313,-0.3376569,0.07633629,0.09709518,0.576712,0.1038312,0.1717615,1.313585
"2024-01-19 12:00:00",197,12.75191,0.09404185,0.1017615,-0.2508618,0.07628155,0.0974091,0.632353,0.1038246,0.1717778,1.321416
"2024-01-20 00:00:00",198,12.96849,0.09147752,0.09738337,-0.316406,0.07629862,0.09731544,0.6006366,0.1038219,0.1718142,1.316787
"2024-01-20 12:00:00",199,12.77542,0.09987421,0.108583,-0.1365208,0.07625499,0.09755489,0.657336,0.1041809,0.1718449,1.323952
"2024-01-21 00:00:00",200,13.01718,0.1054196,0.1144026,-0.1092097,0.07666,0.0977264,0.7003863,0.1045469,0.1720756,1.35089
"2024-01-21 12:00:00",201,12.82159,0.1134311,0.1199685,-0.05100727,0.076894,0.09792222,0.7355813,0.1045384,0.1721474,1.375558
"2024-01-22 00:00:00",202,13.03061,0.119029,0.1243093,-0.001017211,0.07686339,0.09810107,0.7779075,0.104508,0.1723417,1.401763
"2024-01-22 12:00:00",203,12.82327,0.1216316,0.1280619,0.02630859,0.07681426,0.09836912,0.8246807,0.1044767,0.1725383,1.434599
"2024-01-23 00:00:00",204,12.99871,0.1316757,0.1434542,0.5307238,0.07728053,0.09905318,0.9516127,0.1044892,0.1729586,1.488004
"2024-01-23 12:00:00",205,12.81907,0.1444024,0.162818,0.719496,0.07791833,0.1001116,1.230718,0.1050085,0.1740505,1.675618
"2024-01-24 00:00:00",206,13.02137,0.1482708,0.1781685,2.239352,0.0778576,0.1023596,1.74664,0.1051272,0.1755425,1.917403
"2024-01-24 12:00:00",207,12.80732,0.1487417,0.1772468,1.875521,0.07835021,0.1041629,2.301186,0.1058175,0.1785562,2.419193
"2024-01-25 00:00:00",208,12.99619,0.1497529,0.1861444,3.028069,0.07849994,0.1055615,2.552675,0.1059699,0.1796817,2.59396
"2024-01-25 12:00:00",209,12.79389,0.1491155,0.1804268,2.209271,0.07861997,0.1063918,2.859202,0.1067916,0.1821109,2.986766
"2024-01-26 00:00:00",210,13.02977,0.1495559,0.186933,3.122782,0.07888409,0.1067149,2.834605,0.1064229,0.1819351,2.976493
"2024-01-26 12:00:00",211,12.81655,0.1491901,0.1850553,2.9793,0.07922659,0.1083519,3.288456,0.1071995,0.1841663,3.319476
"2024-01-27 00:00:00",212,12.97688,0.1494999,0.1905322,3.685311,0.07929539,0.1090526,3.374414,0.1074819,0.1847021,3.414948
"2024-01-27 12:00:00",213,12.72421,0.1483188,0.1810524,2.436536,0.07941151,0.108815,3.420575,0.1084502,0.1860573,3.645888
"2024-01-28 00:00:00",214,12.97688,0.1479739,0.1818057,2.359751,0.07904952,0.1070467,2.881431,0.1072035,0.1838097,3.343988
"2024-01-28 12:00:00",215,12.75359,0.1475576,0.1773972,1.903065,0.07905198,0.1070409,2.912273,0.1074509,0.1838637,3.342956
"2024-01-29 00:00:00",216,12.9517,0.1475038,0.1811519,2.359314,0.07881629,0.1065195,2.66902,0.1069116,0.1824346,3.128754
"2024-01-29 12:00:00",217,12.76619,0.1469364,0.1768606,1.957124,0.07912328,0.1071544,2.87996,0.107522,0.1833409,3.263945
"2024-01-30 00:00:00",218,12.96765,0.1472518,0.182493,2.700263,0.07920264,0.107117,2.751236,0.1069841,0.1824066,3.127945
"2024-01-30 12:00:00",219,12.76535,0.1464596,0.1778057,2.291669,0.07955053,0.1082407,3.109576,0.1080322,0.1841434,3.384558
"2024-01-31 00:00:00",220,12.96681,0.146784,0.1834999,3.046494,0.07936548,0.1081539,2.983527,0.107534,0.1834001,3.286568
"2024-01-31 12:00:00",221,12.73261,0.1458822,0.1773663,2.407864,0.07976082,0.109061,3.293027,0.1086691,0.1851591,3.55063
"2024-02-01 00:00:00",222,12.97017,0.1460487,0.182153,3.009041,0.07952511,0.1085525,3.050402,0.1078942,0.1839813,3.391398
"2024-02-01 12:00:00",223,12.7771,0.1453271,0.1773098,2.562122,0.07985557,0.109565,3.373971,0.1086325,0.1855302,3.624307
"2024-02-02 00:00:00",224,13.0197,0.1458495,0.1847742,3.772755,0.07987807,0.1099898,3.382131,0.1083597,0.1850552,3.561752
"2024-02-02 12:00:00",225,12.84761,0.1458731,0.1862354,4.242828,0.08030292,0.1128778,4.111467,0.1083271,0.1879736,3.995974
"2024-02-03 00:00:00",226,13.039,0.1462075,0.1920637,5.262209,0.08077205,0.1147545,4.53782,0.1080264,0.1898824,4.303281
"2024-02-03 12:00:00",227,12.8325,0.1454366,0.1867045,4.543205,0.08083997,0.1155527,4.792886,0.1076644,0.192129,4.674851
"2024-02-04 00:00:00",228,13.04152,0.1454414,0.1900079,5.057829,0.08091594,0.1157057,4.752984,0.1076635,0.1921579,4.698075
"2024-02-04 12:00:00",229,12.76283,0.1442962,0.1819702,3.94277,0.08098185,0.1154925,4.765239,0.1075321,0.1930328,4.863375
"2024-02-05 00:00:00",230,12.98612,0.1440933,0.1830898,3.905987,0.0808528,0.1137305,4.227427,0.1078524,0.1908944,4.563455
"2024-02-05 12:00:00",231,12.80312,0.1429905,0.17498,2.887489,0.08066612,0.1129891,4.085101,0.1079128,0.1905569,4.510169
"2024-02-06 00:00:00",232,13.02389,0.1435684,0.1826832,4.073155,0.08066446,0.1128715,3.911267,0.1082054,0.1887136,4.226523
"2024-02-06 12:00:00",233,12.82998,0.1430936,0.180038,3.914515,0.08097519,0.1146687,4.383483,0.1078923,0.19063,4.498803
"2024-02-07 00:00:00",234,13.02306,0.1432711,0.1838624,4.594973,0.081094,0.1148805,4.389282,0.1079312,0.1905225,4.501665
"2024-02-07 12:00:00",235,12.83922,0.1429476,0.1832189,4.651216,0.08152516,0.1164452,4.783958,0.1076575,0.1921922,4.760201
"2024-02-08 00:00:00",236,13.03565,0.1431638,0.1867813,5.209472,0.08166478,0.1171351,4.88664,0.1075647,0.1927538,4.860034
"2024-02-08 12:00:00",237,12.79641,0.14223,0.1816263,4.570711,0.08175902,0.1178406,5.089059,0.1073205,0.1942793,5.100236
"2024-02-09 00:00:00",238,12.98108,0.1422672,0.1848923,5.046633,0.08173752,0.1173433,4.889712,0.1074595,0.193437,4.99613
"2024-02-09 12:00:00",239,12.80984,0.1412652,0.1788119,4.264903,0.0817796,0.117493,4.966733,0.1073378,0.1941992,5.121625
"2024-02-10 00:00:00",240,13.02977,0.1436466,0.1782511,3.692365,0.08167233,0.1155794,4.493139,0.1076064,0.1924726,4.887867
"2024-02-10 12:00:00",241,12.7729,0.1567817,0.1909996,2.789901,0.08122036,0.1137987,4.053671,0.1078804,0.1906316,4.626175
"2024-02-11 00:00:00",242,12.99199,0.1599125,0.1995451,3.118477,0.08123834,0.1128432,3.676265,0.1082604,0.1883181,4.252689
"2024-02-11 12:00:00",243,12.73261,0.1600094,0.1938513,2.31252,0.08123343,0.1124105,3.587899,0.1083217,0.1880298,4.186458
"2024-02-12 00:00:00",244,12.98024,0.159172,0.1930818,2.105889,0.08091505,0.1105717,3.039578,0.1087119,0.1853805,3.791022
"2024-02-12 12:00:00",245,12.74184,0.1589134,0.1893612,1.790035,0.08095311,0.1103976,2.973703,0.108812,0.1847976,3.660878
"2024-02-13 00:00:00",246,12.99116,0.1584014,0.1910466,2.022393,0.08085935,0.1096879,2.706372,0.1090339,0.1830938,3.395393
"2024-02-13 12:00:00",247,12.73009,0.1578366,0.187205,1.743836,0.08102736,0.1100655,2.811993,0.109018,0.1834427,3.419158
"2024-02-14 00:00:00",248,12.9836,0.1573475,0.1897305,2.07506,0.08099446,0.1095467,2.592304,0.1090956,0.1821736,3.220167
"2024-02-14 12:00:00",249,12.78381,0.1570185,0.1869214,1.954362,0.08134519,0.1104771,2.841331,0.1082698,0.1831133,3.337907
"2024-02-15 00:00:00",250,13.00291,0.1575425,0.1960945,3.297669,0.08147679,0.111635,3.001673,0.1090506,0.183064,3.318577
"2024-02-15 12:00:00",251,12.79389,0.1568223,0.1918396,2.99318,0.081771,0.1137069,3.579741,0.1086288,0.1859976,3.747122
"2024-02-16 00:00:00",252,13.00627,0.1568179,0.1969211,3.860802,0.08191919,0.114012,3.591744,0.1086301,0.1860123,3.77501
"2024-02-16 12:00:00",253,12.77374,0.1556684,0.1908708,3.181139,0.08225349,0.1149607,3.883723,0.1083257,0.1878976,4.064419
"2024-02-17 00:00:00",254,13.02137,0.1558333,0.19918,4.418656,0.08232459,0.1157149,3.906457,0.1083713,0.1875774,4.024244
"2024-02-17 12:00:00",255,12.75024,0.154883,0.1943707,4.058455,0.08262943,0.1178442,4.463079,0.1079182,0.190428,4.442
"2024-02-18 00:00:00",256,12.97437,0.1543775,0.1956484,4.183109,0.08257669,0.1168891,4.178788,0.1080247,0.1897551,4.379598
"2024-02-18 12:00:00",257,12.78046,0.1529279,0.1856512,2.97797,0.08259729,0.1163322,4.109609,0.1079497,0.1901852,4.455639
"2024-02-19 00:00:00",258,12.99871,0.1527254,0.1893992,3.59449,0.08249465,0.1153358,3.755129,0.1083044,0.1880394,4.148568
"2024-02-19 12:00:00",259,12.73513,0.1513603,0.1816235,2.668766,0.08260702,0.1152793,3.784714,0.1082382,0.1884166,4.19972
"2024-02-20 00:00:00",260,12.98276,0.1515673,0.1886941,3.67472,0.08246619,0.114982,3.528592,0.1085186,0.1866419,3.923116
"2024-02-20 12:00:00",261,12.80648,0.1506397,0.1860321,3.677562,0.08308089,0.117393,4.131599,0.1081399,0.1890908,4.250444
"2024-02-21 00:00:00",262,13.03817,0.1507875,0.1916344,4.695277,0.08325816,0.1181403,4.246573,0.1080911,0.1893708,4.31328
"2024-02-21 12:00:00",263,12.79389,0.1498779,0.1891903,4.562195,0.08369955,0.1202294,4.750359,0.1077566,0.1918178,4.68319
"2024-02-22 00:00:00",264,13.01466,0.1497362,0.1935513,5.340659,0.08370925,0.1208882,4.827719,0.1079059,0.1922561,4.775217
"2024-02-22 12:00:00",265,12.77794,0.1483335,0.1853793,4.316608,0.08395759,0.121469,5.020122,0.1085835,0.193946,5.053284
"2024-02-23 00:00:00",266,12.97269,0.1482093,0.1911546,5.207939,0.08391009,0.1212161,4.807852,0.1080954,0.1927917,4.898312
"2024-02-23 12:00:00",267,12.73177,0.1465106,0.180255,3.830438,0.08403511,0.1212616,4.893855,0.1084557,0.1940066,5.089958
"2024-02-24 00:00:00",268,12.92904,0.1464236,0.1860752,4.703523,0.08380748,0.1204445,4.531107,0.1079063,0.1919093,4.778624
"2024-02-24 12:00:00",269,12.71582,0.1445363,0.1753425,3.373139,0.08396637,0.1203323,4.580549,0.1079436,0.1927889,4.913796
"2024-02-25 00:00:00",270,12.92064,0.1447705,0.1837607,4.712608,0.08404551,0.1202449,4.37164,0.1079048,0.1908852,4.621755
"2024-02-25 12:00:00",271,12.7368,0.1430449,0.1732597,3.376439,0.08420499,0.1204239,4.506112,0.1078477,0.1922416,4.8202
"2024-02-26 00:00:00",272,12.93911,0.1435297,0.1841968,5.150982,0.0844502,0.1212707,4.49261,0.1080437,0.190931,4.625556
"2024-02-26 12:00:00",273,12.73764,0.1419796,0.1760223,4.23952,0.08470382,0.1227595,4.916031,0.1088596,0.193533,5.002985
"2024-02-27 00:00:00",274,13.00123,0.1422768,0.1853547,5.881272,0.0849152,0.1238974,5.032407,0.1089256,0.1932499,4.976526
"2024-02-27 12:00:00",275,12.85685,0.1413318,0.1834761,5.947281,0.08553381,0.1269248,5.751729,0.1098691,0.1965641,5.475642
"2024-02-28 00:00:00",276,12.94499,0.1404298,0.1827027,6.054667,0.08573483,0.1274164,5.876484,0.1098852,0.197637,5.6856
"2024-02-28 12:00:00",277,12.72002,0.1378101,0.1659939,3.447995,0.08507872,0.1237354,5.143079,0.1093517,0.1965414,5.593423
"2024-02-29 00:00:00",278,12.92232,0.1378531,0.172696,4.433997,0.08487698,0.1222114,4.547921,0.1084402,0.1927453,5.002127
"2024-02-29 12:00:00",279,12.69819,0.1360045,0.1614001,2.899668,0.08483712,0.121275,4.406415,0.1079452,0.1925317,4.954661
"2024-03-01 00:00:00",280,12.9282,0.1364537,0.1704876,4.354472,0.08479466,0.1211986,4.157045,0.1080201,0.1901077,4.560696
"2024-03-01 12:00:00",281,12.73764,0.1348443,0.1616774,3.246727,0.0850706,0.1217507,4.369096,0.1079699,0.1914719,4.74935
"2024-03-02 00:00:00",282,12.97688,0.1355115,0.1718009,5.102348,0.08522268,0.1228451,4.439626,0.1081507,0.1905233,4.59791
"2024-03-02 12:00:00",283,12.87531,0.1343157,0.1678473,4.705797,0.0857409,0.1250577,4.989833,0.1091843,0.19331,5.006983
"2024-03-03 00:00:00",284,12.9794,0.1346852,0.1777807,6.698351,0.08615227,0.1278792,5.524903,0.1096603,0.1947957,5.229771
"2024-03-03 12:00:00",285,12.78381,0.1333247,0.1710144,5.817775,0.08643601,0.1297529,6.016309,0.1105185,0.1980573,5.770548
"2024-03-04 00:00:00",286,13.00375,0.1329133,0.1708625,5.779409,0.08634666,0.1287251,5.736693,0.1100557,0.1975048,5.733337
"2024-03-04 12:00:00",287,12.79389,0.1318474,0.1646389,4.855946,0.08638803,0.1281303,5.602026,0.1102771,0.1975687,5.759766
"2024-03-05 00:00:00",288,13.00627,0.13437,0.1711963,5.585295,0.08643225,0.1282182,5.471065,0.1100459,0.196526,5.589092
"2024-03-05 12:00:00",289,12.81152,0.1396772,0.1699671,4.427671,0.08645948,0.1274847,5.345988,0.1099956,0.1967945,5.625801
"2024-03-06 00:00:00",290,12.97269,0.1447031,0.1864692,6.121932,0.0866875,0.1288781,5.496586,0.1098338,0.1959937,5.493286
"2024-03-06 12:00:00",291,12.79892,0.1452135,0.1790752,4.60258,0.08667959,0.1287381,5.554183,0.1101697,0.1974651,5.731919
"2024-03-07 00:00:00",292,12.98948,0.1467408,0.1923472,6.451377,0.08693016,0.1298524,5.629816,0.1101997,0.1966145,5.591463
"2024-03-07 12:00:00",293,12.81068,0.1459298,0.185388,5.501133,0.0872917,0.1310819,5.972864,0.1104642,0.1989602,5.953809
"2024-03-08 00:00:00",294,12.97101,0.1464119,0.1953956,7.160266,0.08753761,0.1327901,6.218102,0.1106606,0.1991197,5.988325
"2024-03-08 12:00:00",295,12.82495,0.1448963,0.1862498,5.916202,0.08772622,0.1332048,6.391576,0.1109077,0.2011741,6.326832
"2024-03-09 00:00:00",296,12.9559,0.1448852,0.1937011,7.245565,0.08790405,0.1344274,6.533029,0.1107984,0.2010912,6.316053
"2024-03-09 12:00:00",297,12.74688,0.14244,0.1770838,4.782586,0.0874522,0.1320791,6.143035,0.1108579,0.2014025,6.405459
"2024-03-10 00:00:00",298,12.92988,0.1426843,0.1881486,6.561138,0.08736302,0.1320644,5.903945,0.1102939,0.1987468,6.007417
"2024-03-10 12:00:00",299,12.72421,0.1405132,0.1746076,4.756837,0.08743899,0.1318123,5.956615,0.1106338,0.1999933,6.194572
"2024-03-11 00:00:00",300,12.92568,0.140673,0.1862941,6.766137,0.08737229,0.1324248,5.891713,0.1100783,0.1981877,5.920382
"2024-03-11 12:00:00",301,12.75947,0.1385905,0.1749619,5.330321,0.08765902,0.1331663,6.167295,0.1105538,0.2004256,6.249969
"2024-03-12 00:00:00",302,12.96933,0.1385354,0.1855226,7.343759,0.08777839,0.1343312,6.273157,0.1105399,0.1996206,6.138776
"2024-03-12 12:00:00",303,12.78633,0.1365922,0.1778001,6.462139,0.08812143,0.1361915,6.769468,0.1108284,0.2025706,6.589248
"2024-03-13 00:00:00",304,12.98696,0.1360326,0.1835476,7.735616,0.0882864,0.1369719,6.856949,0.1109256,0.2025244,6.610811
"2024-03-13 12:00:00",305,12.8409,0.1340978,0.1760984,6.793133,0.08834353,0.1376783,7.066386,0.1111523,0.2046589,6.951493
"2024-03-14 00:00:00",306,12.99871,0.1340435,0.1778114,7.154529,0.08848088,0.1377994,7.033242,0.1111829,0.2044149,6.920676
"2024-03-14 12:00:00",307,12.81236,0.1322327,0.166914,5.376811,0.08803762,0.1353222,6.532733,0.1109834,0.2035928,6.822546
"2024-03-15 00:00:00",308,12.97101,0.1332815,0.1766167,7.093594,0.08822186,0.1360456,6.495397,0.1106073,0.2017409,6.52222
"2024-03-15 12:00:00",309,12.83838,0.132536,0.1694788,5.951734,0.08826555,0.1363897,6.615919,0.1109124,0.2031074,6.714363
"2024-03-16 00:00:00",310,13.00123,0.1335624,0.1772035,7.216786,0.08838904,0.1373803,6.700989,0.1108534,0.2026183,6.627143
"2024-03-16 12:00:00",311,12.79892,0.1324151,0.1669448,5.480253,0.08829336,0.1362563,6.542113,0.1110022,0.2034263,6.751851
"2024-03-17 00:00:00",312,12.9794,0.1337313,0.1764824,7.028453,0.08835856,0.1365721,6.44739,0.1106283,0.201689,6.495197
"2024-03-17 12:00:00",313,12.82747,0.1333791,0.1726046,6.43206,0.08862808,0.138007,6.786309,0.1111699,0.2037556,6.76457
"2024-03-18 00:00:00",314,12.97185,0.136691,0.1879287,8.765123,0.08920208,0.14139,7.321559,0.1110735,0.2047955,6.906627
"2024-03-18 12:00:00",315,12.80396,0.137055,0.1764429,6.588063,0.08926274,0.1411971,7.457096,0.111786,0.2077292,7.370074
"2024-03-19 00:00:00",316,12.94666,0.1392545,0.1922331,8.824352,0.08927568,0.1423822,7.496258,0.1112398,0.2065548,7.216761
"2024-03-19 12:00:00",317,12.79641,0.1377127,0.1795176,6.890548,0.08941394,0.1425819,7.703796,0.1119211,0.2091986,7.615743
"2024-03-20 00:00:00",318,12.93659,0.138363,0.1935363,9.217132,0.08946028,0.143835,7.7869,0.1113588,0.2079794,7.466045
"2024-03-20 12:00:00",319,12.76451,0.136103,0.1804211,7.42161,0.08965854,0.1444899,8.088948,0.1121863,0.2109546,7.913818
"2024-03-21 00:00:00",320,12.93743,0.1361588,0.1927038,9.647154,0.08951876,0.1456631,8.186907,0.111743,0.2099432,7.805212
"2024-03-21 12:00:00",321,12.78717,0.1334854,0.1787075,7.735453,0.08972391,0.1459832,8.428876,0.1126034,0.2127801,8.237305
"2024-03-22 00:00:00",322,12.94331,0.1332691,0.1901536,9.934241,0.08962062,0.1468874,8.479586,0.1119515,0.2116199,8.096504
"2024-03-22 12:00:00",323,12.78381,0.1305947,0.1769911,8.153402,0.08981759,0.1474377,8.759397,0.1125056,0.2145176,8.529095
"2024-03-23 00:00:00",324,12.95842,0.129816,0.1870423,10.22544,0.08968873,0.1481846,8.800471,0.111937,0.2133216,8.401511
"2024-03-23 12:00:00",325,12.84341,0.1274764,0.1772277,9.023814,0.08996218,0.1495602,9.211737,0.1123571,0.2162664,8.850566
"2024-03-24 00:00:00",326,12.9794,0.1261632,0.1818884,10.42764,0.08977657,0.149954,9.272898,0.1121306,0.2155981,8.824563
"2024-03-24 12:00:00",327,12.85936,0.1239972,0.1738227,9.311131,0.08991886,0.1504324,9.453629,0.1121934,0.2173766,9.120088
"2024-03-25 00:00:00",328,13.01718,0.1232756,0.1721638,9.089314,0.08985693,0.1492222,9.132386,0.1117538,0.2163511,8.992229
"2024-03-25 12:00:00",329,12.82327,0.1216489,0.1627492,7.462174,0.0892195,0.1460764,8.507694,0.1115354,0.2147195,8.747973
"2024-03-26 00:00:00",330,12.98192,0.1216079,0.1703225,8.926108,0.08908247,0.1465932,8.425456,0.1109419,0.2126156,8.41832
"2024-03-26 12:00:00",331,12.82495,0.1198005,0.1591883,7.180196,0.08894634,0.1449624,8.192637,0.1110297,0.2127233,8.429699
"2024-03-27 00:00:00",332,12.95674,0.1199448,0.1676134,8.874311,0.08901653,0.1458662,8.212336,0.1103933,0.2110994,8.17995
"2024-03-27 12:00:00",333,12.76703,0.1169051,0.1539381,6.680453,0.0887368,0.1440988,7.986476,0.1105446,0.2116996,8.262589
"2024-03-28 00:00:00",334,12.97017,0.1175774,0.1652391,8.864637,0.08875051,0.144745,7.915876,0.1101554,0.2094676,7.927824
"2024-03-28 12:00:00",335,12.81236,0.1152457,0.1532787,7.108276,0.08867176,0.1444861,8.038472,0.1105468,0.2112921,8.182819
"2024-03-29 00:00:00",336,12.95338,0.1149893,0.1634928,9.510488,0.08864289,0.1457772,8.230653,0.1099357,0.2100689,8.040986
"2024-03-29 12:00:00",337,12.86944,0.1139889,0.1581947,8.896204,0.08904287,0.1479699,8.824611,0.1105893,0.2133402,8.530067
"2024-03-30 00:00:00",338,13.00207,0.1136258,0.1630585,9.962093,0.08923724,0.1492962,9.044485,0.1106897,0.2141046,8.669198
"2024-03-30 12:00:00",339,12.84509,0.1123588,0.1548621,8.664646,0.08918248,0.1488781,9.066432,0.1110019,0.2155142,8.919481
"2024-03-31 00:00:00",340,12.96765,0.1129001,0.1619666,10.45036,0.08910777,0.1501133,9.280268,0.1106138,0.215178,8.895617
"2024-03-31 12:00:00",341,12.87028,0.1111108,0.1540149,9.171083,0.08920772,0.1502795,9.424098,0.1110566,0.2171378,9.202435
"2024-04-01 00:00:00",342,12.98696,0.1097072,0.153991,9.563499,0.08909944,0.1495506,9.271397,0.1105227,0.21604,9.097345
"2024-04-01 12:00:00",343,12.84341,0.1079682,0.1460314,8.168525,0.08859625,0.1476307,8.962682,0.1102927,0.2155908,9.054724
"2024-04-02 00:00:00",344,13.10028,0.1081948,0.1530695,9.824257,0.08855075,0.1483076,9.000621,0.1098363,0.2140178,8.851188
"2024-04-02 12:00:00",345,12.98528,0.105715,0.1419965,7.913548,0.08829815,0.1469847,8.885754,0.1099543,0.214932,8.983666
"2024-04-03 00:00:00",346,13.04152,0.1062405,0.1527156,10.44252,0.08813524,0.1477983,8.951069,0.1092562,0.212999,8.750873
"2024-04-03 12:00:00",347,12.92316,0.1033249,0.1405475,8.536283,0.08825667,0.1484831,9.314833,0.1096822,0.2159429,9.181907
"2024-04-04 00:00:00",348,13.00962,0.1033649,0.1497395,10.99638,0.08765781,0.1481638,9.301749,0.1090486,0.2137932,9.000706
"2024-04-04 12:00:00",349,12.90217,0.1003579,0.1388123,9.434494,0.08798266,0.1499128,9.920957,0.1095671,0.2174867,9.582603
"2024-04-05 00:00:00",350,13.00207,0.09920838,0.1440055,11.63024,0.08694056,0.148535,9.906367,0.1082891,0.2150091,9.475802
"2024-04-05 12:00:00",351,12.94583,0.09636291,0.1352561,10.48714,0.08709666,0.1503147,10.52138,0.1082532,0.2179863,10.03159
"2024-04-06 00:00:00",352,13.00375,0.09448718,0.1370827,12.2061,0.08610316,0.149519,10.64296,0.1072947,0.2160851,10.06635
"2024-04-06 12:00:00",353,12.89294,0.09170128,0.1273666,10.59334,0.08620203,0.149879,10.91751,0.1073516,0.2181339,10.48325
"2024-04-07 00:00:00",354,13.0071,0.08948835,0.121923,9.885528,0.08521904,0.1454228,10.12297,0.1060971,0.2143701,10.14004
"2024-04-07 12:00:00",355,12.84593,0.08684438,0.111796,7.683513,0.08448769,0.1414964,9.374855,0.1050046,0.2115816,9.77167
"2024-04-08 00:00:00",356,12.99451,0.08715534,0.1189751,9.759203,0.08359282,0.1398513,8.981071,0.1054859,0.2064232,9.165134
"2024-04-08 12:00:00",357,12.8602,0.08470151,0.1100449,8.218132,0.08368079,0.1404599,9.299414,0.10522,0.2079667,9.397307
"2024-04-09 00:00:00",358,13.00543,0.0848779,0.1150397,9.885693,0.08266936,0.1385325,8.990154,0.1053495,0.2041226,9.053354
"2024-04-09 12:00:00",359,12.85265,0.08254509,0.1061564,8.298323,0.08271676,0.1389548,9.317433,0.1053903,0.2057902,9.35166
"2024-04-10 00:00:00",360,12.92316,0.08330457,0.1129464,10.56145,0.0817114,0.1375445,9.167254,0.1035036,0.2018628,9.077082
"2024-04-10 12:00:00",361,12.8048,0.08129737,0.1056065,9.367737,0.08195673,0.1394099,9.843064,0.1038143,0.2048712,9.603815
"2024-04-11 00:00:00",362,12.96094,0.08200958,0.1123109,11.65014,0.08094655,0.1385239,9.897566,0.1021139,0.2019564,9.537601
"2024-04-11 12:00:00",363,12.77626,0.07988221,0.1039358,10.0864,0.08113956,0.1400221,10.51896,0.1023222,0.2051426,10.13632
"2024-04-12 00:00:00",364,12.96094,0.08077673,0.1106032,12.29523,0.08009247,0.1386575,10.45886,0.1009395,0.2016484,10.02326
"2024-04-12 12:00:00",365,12.81068,0.07875643,0.1025123,10.77177,0.08029705,0.1401566,11.09451,0.1008381,0.2046449,10.62033
"2024-04-13 00:00:00",366,12.97101,0.08003586,0.1102962,13.34594,0.07928199,0.1392129,11.15486,0.09953112,0.2010435,10.54827
"2024-04-13 12:00:00",367,12.8686,0.07872271,0.1046747,12.47861,0.07970917,0.1420466,12.10428,0.09976067,0.2049059,11.31396
"2024-04-14 00:00:00",368,12.96094,0.0798387,0.1119255,14.87033,0.07893659,0.1419804,12.38158,0.09839813,0.2023975,11.46759
"2024-04-14 12:00:00",369,12.82663,0.0776861,0.1029407,12.99975,0.07915678,0.1431544,13.01544,0.09826545,0.20565,12.19916
"2024-04-15 00:00:00",370,12.96933,0.07881908,0.109337,15.11464,0.078211,0.141509,12.87696,0.09695958,0.2013499,12.08346
"2024-04-15 12:00:00",371,12.88539,0.07720152,0.1026722,13.74967,0.07847129,0.1430955,13.53439,0.09691188,0.2038679,12.68926
"2024-04-16 00:00:00",372,13.02557,0.07716112,0.102777,13.83513,0.07784303,0.1402413,13.02664,0.0957543,0.2004224,12.51324
"2024-04-16 12:00:00",373,12.83922,0.07569398,0.09710865,12.33772,0.07765801,0.1388331,12.82818,0.09560326,0.199786,12.51839
"2024-04-17 00:00:00",374,12.98948,0.07744435,0.1050232,14.60662,0.07716038,0.1388522,12.82753,0.09452365,0.1962801,12.27712
"2024-04-17 12:00:00",375,12.83754,0.07570989,0.09801526,13.04509,0.07733718,0.1396926,13.28436,0.09449568,0.1983807,12.74248
"2024-04-18 00:00:00",376,12.98696,0.0773328,0.1054229,15.27425,0.07678505,0.1389854,13.23764,0.09339228,0.1948997,12.58602
"2024-04-18 12:00:00",377,12.86188,0.07578889,0.09994394,14.19225,0.07692352,0.1407775,13.94678,0.09337488,0.1976855,13.18546
"2024-04-19 00:00:00",378,13.00878,0.07728043,0.1061505,16.03382,0.07652658,0.1402074,13.96974,0.09257771,0.1950525,13.1686
"2024-04-19 12:00:00",379,12.8728,0.07600932,0.1014502,15.18162,0.076702,0.1420328,14.68018,0.09254754,0.1978379,13.77609
"2024-04-20 00:00:00",380,13.00375,0.1673462,0.1983493,16.58975,0.129761,0.2345044,14.92857,0.1032285,0.2222223,13.91979
"2024-04-20 12:00:00",381,12.86692,0.2855025,0.2578958,14.60148,0.2463137,0.4295029,15.14607,0.2061751,0.4539542,14.64619
"2024-04-21 00:00:00",382,12.99619,0.2672923,0.257637,15.97254,0.2263679,0.407233,14.66868,0.2318811,0.4904133,14.08122
"2024-04-21 12:00:00",383,12.82243,0.255417,0.2381915,13.77029,0.2182544,0.3933042,14.48664,0.2362593,0.4957364,14.19106
"2024-04-22 00:00:00",384,12.97605,0.2472714,0.249725,15.78002,0.2131881,0.3857279,14.21249,0.2358407,0.4908529,13.74693
"2024-04-22 12:00:00",385,12.82495,0.2381244,0.2317895,13.92153,0.2093181,0.3808717,14.42614,0.235435,0.4959453,14.05738
"2024-04-23 00:00:00",386,12.9878,0.2311458,0.2416533,15.93908,0.2047558,0.374128,14.24949,0.2337355,0.4914765,13.73962
"2024-04-23 12:00:00",387,12.8728,0.2233433,0.2289034,14.92684,0.2020723,0.374035,14.77061,0.2329538,0.4974415,14.18106
"2024-04-24 00:00:00",388,12.95842,0.2155997,0.2380551,17.18503,0.1977106,0.3720051,15.04676,0.231136,0.4967965,14.19956
"2024-04-24 12:00:00",389,12.84425,0.2079939,0.2193483,15.10747,0.1955091,0.3696664,15.29743,0.2302866,0.5030422,14.70506
"2024-04-25 00:00:00",390,12.98276,0.2013497,0.2282781,17.25889,0.1916991,0.3653616,15.23831,0.2281435,0.4991652,14.4926
"2024-04-25 12:00:00",391,12.85265,0.1949669,0.2127095,15.63376,0.1899714,0.3654372,15.66161,0.2273165,0.5051872,14.9977
"2024-04-26 00:00:00",392,13.01718,0.1895771,0.2100086,15.69885,0.1876165,0.356583,15.06087,0.2255297,0.4994528,14.66937
"2024-04-26 12:00:00",393,12.85685,0.185414,0.1994773,14.35571,0.1861905,0.3512782,14.79677,0.2241594,0.4974599,14.58108
"2024-04-27 00:00:00",394,12.99199,0.1823349,0.1994158,14.65544,0.1847175,0.3458299,14.40266,0.2230761,0.4913456,14.20239
"2024-04-27 12:00:00",395,12.85097,0.1795701,0.1891285,12.99374,0.1837974,0.3390851,13.89335,0.2218021,0.487604,13.97253
"2024-04-28 00:00:00",396,13.01382,0.1794939,0.1914366,13.22586,0.1829241,0.3332381,13.31525,0.2212126,0.4798618,13.43243
"2024-04-28 12:00:00",397,12.8132,0.1809592,0.1857459,11.82527,0.1824971,0.328242,12.91983,0.2201341,0.4760553,13.17866
"2024-04-29 00:00:00",398,13.01214,0.1854323,0.2052618,14.37673,0.181138,0.3297912,13.0271,0.2194629,0.4713115,12.84059
"2024-04-29 12:00:00",399,12.83334,0.1842409,0.1957288,12.85899,0.1804983,0.3312114,13.3992,0.2188043,0.4759976,13.24569
"2024-04-30 00:00:00",400,13.00291,0.1826695,0.2092088,15.28412,0.178546,0.3318944,13.51523,0.2175131,0.4729624,13.09029
"2024-04-30 12:00:00",401,12.87028,0.1796428,0.199068,13.95859,0.1779007,0.3347048,14.07202,0.2172244,0.4791823,13.64602
"2024-05-01 00:00:00",402,12.99199,0.1759047,0.2105425,16.47269,0.1754208,0.3358645,14.33357,0.2154312,0.4778093,13.65228
"2024-05-01 12:00:00",403,12.84258,0.1709162,0.1960179,14.72875,0.1745287,0.3372576,14.80857,0.2148637,0.4844456,14.26084
"2024-05-02 00:00:00",404,13.0071,0.1665329,0.1971067,15.55498,0.1724403,0.3320497,14.46911,0.2135908,0.4796386,14.05055
"2024-05-02 12:00:00",405,12.8048,0.1616042,0.1820656,13.46928,0.1713239,0.3279176,14.32784,0.2127385,0.479406,14.17207
"2024-05-03 00:00:00",406,12.9878,0.1578893,0.1906516,15.67072,0.1687888,0.324741,14.10475,0.2107148,0.4722186,13.75906
"2024-05-03 12:00:00",407,12.82663,0.1862984,0.1988814,14.23488,0.1943857,0.347597,14.52766,0.223078,0.4840897,14.20129
"2024-05-04 00:00:00",408,12.98948,0.3323489,0.3098919,19.53449,0.3030083,0.4490951,18.79903,0.3053929,0.5437861,18.01522
"2024-05-04 12:00:00",409,12.78633,0.2805066,0.2267577,14.43841,0.2533984,0.3713078,15.82358,0.2821094,0.5394192,15.92589
"2024-05-05 00:00:00",410,12.97269,0.2672738,0.2379361,16.37056,0.2398485,0.3513124,15.0015,0.2771713,0.5259489,14.77365
"2024-05-05 12:00:00",411,12.88203,0.2574739,0.2269526,14.96833,0.2321766,0.3446951,15.26186,0.2737364,0.5261698,14.9294
"2024-05-06 00:00:00",412,12.97605,0.2484811,0.2254821,15.07956,0.2265177,0.3347008,14.76576,0.2706433,0.5180146,14.57573
"2024-05-06 12:00:00",413,12.81571,0.2487317,0.2155142,13.17273,0.2242398,0.3274871,14.23577,0.2687634,0.5128084,14.35973
"2024-05-07 00:00:00",414,13.02473,0.2446003,0.2179738,13.64839,0.2227626,0.3222057,13.57507,0.2669216,0.5030566,13.7559
"2024-05-07 12:00:00",415,12.84006,0.2375575,0.2045084,12.05075,0.2200423,0.3151366,13.15833,0.2652522,0.497971,13.50223
"2024-05-08 00:00:00",416,13.02222,0.2320009,0.212876,13.97842,0.2168173,0.3123879,13.12789,0.2628639,0.488994,13.11879
"2024-05-08 12:00:00",417,12.78717,0.2249247,0.1941955,11.64388,0.2145401,0.306503,12.90387,0.2614926,0.4868586,13.17142
"2024-05-09 00:00:00",418,13.02725,0.2204787,0.2052942,13.91916,0.2117203,0.3030432,12.69507,0.2591723,0.4781208,12.70511
"2024-05-09 12:00:00",419,12.8409,0.2145654,0.1914335,12.31107,0.2099423,0.3021395,12.94208,0.2580408,0.4797119,12.97299
"2024-05-10 00:00:00",420,13.00794,0.2103536,0.2051454,15.22055,0.2072057,0.3035935,13.28167,0.2561548,0.4758618,12.87145
"2024-05-10 12:00:00",421,12.82998,0.204758,0.1902594,13.3851,0.2057919,0.3044826,13.73125,0.2552143,0.481405,13.44704
"2024-05-11 00:00:00",422,13.09944,0.2010111,0.1910346,13.94191,0.2039495,0.2998182,13.37548,0.2535579,0.4759676,13.22979
"2024-05-11 12:00:00",423,12.97856,0.1972758,0.1792877,12.17655,0.2026043,0.295544,13.09899,0.2522976,0.4736719,13.20898
"2024-05-12 00:00:00",424,13.04488,0.1948177,0.1863306,13.77074,0.2005567,0.2929971,12.89716,0.2505195,0.4667013,12.83659
"2024-05-12 12:00:00",425,12.94834,0.1909416,0.1770721,12.64954,0.1995576,0.2932721,13.17859,0.2494828,0.468225,13.10151
"2024-05-13 00:00:00",426,13.03061,0.1878504,0.1887621,15.32951,0.1972968,0.294514,13.44997,0.2475557,0.4643795,13.01018
"2024-05-13 12:00:00",427,12.95002,0.1828851,0.1773664,14.00245,0.1960818,0.2967615,14.04448,0.2463423,0.4698431,13.61647
"2024-05-14 00:00:00",428,13.01046,0.1784562,0.1898154,17.30183,0.1930263,0.2997445,14.60691,0.2446058,0.4688557,13.74038
"2024-05-14 12:00:00",429,12.95926,0.1726134,0.176995,15.81565,0.1916966,0.3027932,15.37114,0.2436987,0.4770553,14.58529
"2024-05-15 00:00:00",430,12.98864,0.1673205,0.1819931,17.98261,0.1884505,0.303171,15.75068,0.2416242,0.4761029,14.77669
"2024-05-15 12:00:00",431,12.91141,0.162102,0.1668154,15.44159,0.1875554,0.3004796,15.74568,0.2404966,0.4791505,15.23186
"2024-05-16 00:00:00",432,13.00123,0.1586162,0.1745526,17.78894,0.1846881,0.2991836,15.75946,0.238395,0.4738246,15.04034
"2024-05-16 12:00:00",433,12.92064,0.1530907,0.1595342,15.434,0.1832275,0.2965811,15.82151,0.2373126,0.4757611,15.40401
"2024-05-17 00:00:00",434,12.99619,0.1488299,0.1695739,18.74768,0.1793025,0.2960904,16.07765,0.2346409,0.4703568,15.24349
"2024-05-17 12:00:00",435,12.90553,0.1425545,0.1537836,16.42024,0.177567,0.2954217,16.54173,0.233449,0.4749675,15.89871
"2024-05-18 00:00:00",436,12.99619,0.3001148,0.2901074,19.43393,0.2887424,0.3914949,18.92191,0.2909801,0.51752,18.4105
"2024-05-18 12:00:00",437,12.93491,0.2903752,0.2386305,17.1546,0.2646585,0.3556028,17.97243,0.2821044,0.5136263,17.95447
"2024-05-19 00:00:00",438,13.00039,0.2737029,0.2459205,18.60597,0.2471391,0.3374245,17.45635,0.2779351,0.5078592,17.04057
"2024-05-19 12:00:00",439,12.92988,0.2636323,0.2358793,17.02684,0.2390706,0.3301233,17.35645,0.2754068,0.5078012,17.00972
"2024-05-20 00:00:00",440,12.99367,0.2519071,0.2454678,19.19866,0.2317802,0.326194,17.40461,0.2725797,0.5030473,16.73825
"2024-05-20 12:00:00",441,12.924,0.2415116,0.2269978,17.14408,0.2274589,0.3218694,17.45015,0.2707021,0.5047976,17.0103
"2024-05-21 00:00:00",442,12.99703,0.232556,0.2305778,18.60112,0.2223211,0.3162398,17.22464,0.2680016,0.4975257,16.70545
"2024-05-21 12:00:00",443,12.91728,0.2257159,0.2132251,16.4611,0.2199726,0.310501,16.97425,0.2664834,0.4960435,16.74957
"2024-05-22 00:00:00",444,13.0071,0.2228738,0.2185407,17.40228,0.2168448,0.3060611,16.612,0.2645218,0.4890227,16.34793
"2024-05-22 12:00:00",445,12.89126,0.2173867,0.2003103,14.715,0.2151001,0.2989698,16.01806,0.2631509,0.4851983,16.19027
"2024-05-23 00:00:00",446,12.99619,0.2127492,0.213483,17.4082,0.2117501,0.2969098,15.84681,0.2606201,0.4758358,15.63094
"2024-05-23 12:00:00",447,12.89798,0.205763,0.1964049,15.4057,0.209933,0.2957111,16.06953,0.2592258,0.4773405,15.92301
"2024-05-24 00:00:00",448,12.99283,0.1998886,0.2016932,17.37427,0.2065629,0.2924546,15.9694,0.256891,0.470359,15.61859
"2024-05-24 12:00:00",449,12.87447,0.1935389,0.1827782,14.60101,0.205064,0.2874586,15.69313,0.255699,0.46962,15.74291
"2024-05-25 00:00:00",450,13.00123,0.188987,0.18851,16.24083,0.2020488,0.2831151,15.27506,0.2531794,0.4599924,15.20358
"2024-05-25 12:00:00",451,12.91645,0.1842929,0.1788769,15.13131,0.2006934,0.2826278,15.49786,0.2517091,0.4595301,15.37063
"2024-05-26 00:00:00",452,13.00627,0.1802709,0.1829882,16.77318,0.1983209,0.2813222,15.59802,0.2497101,0.4550812,15.23742
"2024-05-26 12:00:00",453,12.89966,0.1756318,0.167752,14.20989,0.1973716,0.2764999,15.27053,0.248576,0.4543402,15.34968
"2024-05-27 00:00:00",454,12.99535,0.1733962,0.1814795,17.52118,0.1948123,0.2775327,15.46033,0.2467559,0.4483792,15.04192
"2024-05-27 12:00:00",455,12.9005,0.1675841,0.1668115,15.46882,0.1934737,0.2777738,15.87621,0.2458213,0.4524138,15.56826
"2024-05-28 00:00:00",456,12.99451,0.1629401,0.1783766,18.96002,0.1894875,0.2785028,16.24662,0.2431344,0.4482723,15.49243
"2024-05-28 12:00:00",457,12.91309,0.1560319,0.1625435,16.90413,0.1875096,0.2790262,16.8801,0.2419288,0.4539586,16.24799
"2024-05-29 00:00:00",458,12.99451,0.151572,0.1744809,20.29174,0.1821199,0.2774126,17.25944,0.2384272,0.449409,16.26171
"2024-05-29 12:00:00",459,12.92232,0.145177,0.1617358,18.19095,0.1797222,0.276489,17.9118,0.2366128,0.4543533,17.06704
"2024-05-30 00:00:00",460,12.98444,0.1374543,0.1653533,20.8428,0.173327,0.271783,18.05146,0.2323987,0.4476802,17.03167
"2024-05-30 12:00:00",461,12.93156,0.1291021,0.1489562,18.57309,0.1700941,0.2678703,18.38097,0.2297026,0.4486725,17.59233
"2024-05-31 00:00:00",462,12.99451,0.1225166,0.1433486,21.26655,0.1622843,0.2577631,18.48693,0.2246593,0.4387313,17.47146
"2024-05-31 12:00:00",463,12.90637,0.1158833,0.128914,19.081,0.1590811,0.2543413,18.86445,0.222031,0.4389042,18.0279
"2024-06-01 00:00:00",464,12.99283,0.1112166,0.128578,20.50996,0.1508828,0.2438036,18.5508,0.2165608,0.4284292,17.75939
"2024-06-01 12:00:00",465,12.90805,0.1431048,0.1476881,19.02127,0.1748778,0.2625873,18.82896,0.225479,0.4346505,18.10475
"2024-06-02 00:00:00",466,12.98864,0.3596356,0.3464321,23.16405,0.3229628,0.4139507,22.54359,0.3145288,0.4811534,21.61799
"2024-06-02 12:00:00",467,12.90721,0.316066,0.2879677,19.23745,0.2692402,0.3687902,20.08129,0.2864777,0.4709258,19.95162
"2024-06-03 00:00:00",468,12.9836,0.2976083,0.2912379,20.30592,0.252506,0.3506252,19.18015,0.2853305,0.4710144,18.72519
"2024-06-03 12:00:00",469,12.91477,0.2864166,0.2783982,18.83931,0.2463525,0.3455205,19.04178,0.2865841,0.4759565,18.57302
"2024-06-04 00:00:00",470,12.9878,0.2755617,0.2799253,19.74023,0.2416053,0.3402286,18.72399,0.2865727,0.473805,18.17745
"2024-06-04 12:00:00",471,12.92736,0.2674079,0.2643258,18.28545,0.2382801,0.3352833,18.5314,0.2857776,0.4741656,18.1737
"2024-06-05 00:00:00",472,12.98444,0.2588468,0.2761298,20.76615,0.2339483,0.334017,18.72791,0.2842104,0.4710437,17.97665
"2024-06-05 12:00:00",473,12.91896,0.2498868,0.2557037,18.82751,0.2324547,0.3349319,18.95767,0.2847311,0.4768942,18.36444
"2024-06-06 00:00:00",474,12.95086,0.241522,0.2661532,21.52819,0.2322631,0.3379383,19.02405,0.285986,0.4752574,18.14847
"2024-06-06 12:00:00",475,12.86272,0.2353767,0.2486621,19.75874,0.2343716,0.3452612,19.52456,0.2884465,0.482407,18.69127
"2024-06-07 00:00:00",476,12.93407,0.230111,0.263334,22.76226,0.2354101,0.3510687,19.75084,0.2904104,0.4819954,18.6125
"2024-06-07 12:00:00",477,12.88706,0.2249194,0.2449185,20.56661,0.2389733,0.358938,20.20986,0.2936307,0.4920751,19.22188
"2024-06-08 00:00:00",478,13.01718,0.2205609,0.2535504,22.46947,0.2409344,0.3614712,20.07704,0.2966627,0.4953014,19.04778
"2024-06-08 12:00:00",479,12.91225,0.2182319,0.2399614,20.64749,0.2457264,0.3679692,20.30973,0.3011545,0.5105934,19.42922
"2024-06-09 00:00:00",480,13.00962,0.2157197,0.2542851,23.36785,0.2492775,0.3758458,20.51876,0.3060413,0.5280005,19.33914
"2024-06-09 12:00:00",481,12.9198,0.2157859,0.2440174,21.2707,0.2539625,0.38294,20.84911,0.3099471,0.5542932,19.8535
"2024-06-10 00:00:00",482,12.98864,0.2138545,0.2568069,23.61953,0.2562614,0.3899536,20.92528,0.3134968,0.5777428,19.74492
"2024-06-10 12:00:00",483,12.89462,0.2129164,0.2417865,21.76929,0.2605195,0.4043743,21.20714,0.3178946,0.613074,20.18812
"2024-06-11 00:00:00",484,12.98696,0.209203,0.251393,23.926,0.2630023,0.4293011,21.30443,0.3215308,0.6408953,20.11361
"2024-06-11 12:00:00",485,12.91561,0.2191672,0.2457272,22.11569,0.2650262,0.4545817,21.57709,0.3217034,0.6554928,20.54976
"2024-06-12 00:00:00",486,12.95926,0.2142352,0.2576705,24.90777,0.2601851,0.4705262,21.79164,0.317884,0.6532421,20.49614
"2024-06-12 12:00:00",487,12.9005,0.207964,0.2406066,22.85065,0.2569371,0.4809769,22.22916,0.3157667,0.6603809,21.07739
"2024-06-13 00:00:00",488,12.96765,0.1924039,0.2408526,25.39317,0.2487371,0.4845765,22.31402,0.3133594,0.6600713,20.98217
"2024-06-13 12:00:00",489,12.89882,0.1858709,0.2203246,22.81748,0.2466785,0.493576,22.5346,0.3116746,0.6660918,21.48673
"2024-06-14 00:00:00",490,12.99199,0.1716169,0.2192571,25.31238,0.237878,0.4923514,22.45359,0.3085589,0.6611301,21.24818
"2024-06-14 12:00:00",491,12.93323,0.1644671,0.204895,23.783,0.2363216,0.503609,22.93666,0.3066463,0.6675563,21.77391
"2024-06-15 00:00:00",492,13.00291,0.1553529,0.1978393,24.11659,0.2304023,0.4985315,22.61783,0.3046119,0.6654717,21.63932
"2024-06-15 12:00:00",493,12.89714,0.1954424,0.2130202,21.59043,0.2551365,0.501074,21.99794,0.313183,0.6588612,21.53967
"2024-06-16 00:00:00",494,12.98024,0.3707108,0.3524002,26.83174,0.3349401,0.4432552,25.84871,0.3420729,0.5221413,24.73632
"2024-06-16 12:00:00",495,12.89798,0.328287,0.2959001,22.27888,0.2854653,0.3705327,23.11117,0.3173581,0.5276322,22.82659
"2024-06-17 00:00:00",496,12.96681,0.3071172,0.3023711,23.64622,0.2684703,0.3508109,22.22291,0.3136355,0.5252047,21.67487
"2024-06-17 12:00:00",497,12.88706,0.2922368,0.2795786,21.29935,0.2601604,0.3439508,21.89793,0.3114708,0.5274386,21.55397
"2024-06-18 00:00:00",498,12.97688,0.2785149,0.2847216,23.06985,0.2530225,0.3389077,21.56606,0.3089864,0.5216521,21.0367
"2024-06-18 12:00:00",499,12.8728,0.2663433,0.2589599,20.61871,0.2494518,0.3355924,21.34885,0.3067109,0.517999,21.09243
"2024-06-19 00:00:00",500,12.99535,0.2585646,0.2677758,22.5425,0.2454313,0.3322059,20.9919,0.3040835,0.5095472,20.59196
"2024-06-19 12:00:00",501,12.87699,0.2499968,0.2470624,20.35805,0.2433459,0.3306734,20.93055,0.3025506,0.5106944,20.70849
"2024-06-20 00:00:00",502,12.97856,0.2423324,0.2604073,23.33484,0.2390573,0.3300854,21.02257,0.299932,0.5044163,20.38057
"2024-06-20 12:00:00",503,12.90973,0.2337659,0.2408621,21.44398,0.2374694,0.3318562,21.4581,0.2986742,0.5094618,20.87144
"2024-06-21 00:00:00",504,13.00039,0.2285404,0.2414654,22.21815,0.2353535,0.3278095,21.12212,0.2967802,0.5043541,20.61378
"2024-06-21 12:00:00",505,12.91728,0.2238287,0.2279728,20.61949,0.2338532,0.3249162,20.90909,0.2957906,0.503728,20.64715
"2024-06-22 00:00:00",506,12.99619,0.2222134,0.2323955,21.46508,0.2327259,0.3229617,20.66782,0.2942473,0.4982957,20.34041
"2024-06-22 12:00:00",507,12.90721,0.2333664,0.2363199,19.84833,0.2322043,0.3220715,20.46321,0.2930925,0.4977805,20.34117
"2024-06-23 00:00:00",508,12.97521,0.2403232,0.2669018,23.2506,0.2293158,0.3275343,20.88389,0.2913255,0.4944854,20.16942
"2024-06-23 12:00:00",509,12.90973,0.2354662,0.2517638,21.49868,0.2284901,0.3313539,21.41995,0.2903199,0.5013837,20.77906
"2024-06-24 00:00:00",510,12.98528,0.2300592,0.2669183,24.77241,0.2253015,0.3344068,21.85806,0.28794,0.4994351,20.79515
"2024-06-24 12:00:00",511,12.8879,0.2229544,0.2464503,22.57903,0.2241751,0.3357071,22.31705,0.2870717,0.5063528,21.45992
"2024-06-25 00:00:00",512,12.97353,0.2160048,0.2575264,25.75157,0.2195516,0.3359637,22.62535,0.2844669,0.5033634,21.42334
"2024-06-25 12:00:00",513,12.90637,0.2064115,0.2330642,23.20281,0.218171,0.3347608,22.95152,0.2832191,0.5093142,22.04612
"2024-06-26 00:00:00",514,12.97437,0.1977944,0.2403407,26.37255,0.21315,0.3330296,23.19713,0.2803785,0.5049101,21.94332
"2024-06-26 12:00:00",515,12.9282,0.1893297,0.2198779,24.18595,0.211034,0.3319112,23.62001,0.2789516,0.5102126,22.5801
"2024-06-27 00:00:00",516,12.97856,0.1814094,0.2145474,24.86755,0.2065134,0.325137,23.27007,0.2761693,0.5048653,22.38314
"2024-06-27 12:00:00",517,12.92988,0.1751288,0.2008987,23.28944,0.2044221,0.3205159,23.1246,0.2746834,0.5038761,22.47911
"2024-06-28 00:00:00",518,12.99199,0.1686995,0.2023251,25.25542,0.1991846,0.3174345,23.27499,0.271589,0.4990816,22.33546
"2024-06-28 12:00:00",519,12.91645,0.1707251,0.1949893,22.81542,0.1988123,0.3134662,23.01772,0.2701283,0.4983857,22.50969
"2024-06-29 00:00:00",520,12.9794,0.3504989,0.3791356,28.61254,0.3079634,0.4337971,26.36042,0.3140264,0.5489476,24.52221
"2024-06-29 12:00:00",521,12.92652,0.3163973,0.3194426,24.51849,0.2698976,0.3781416,24.48036,0.3007891,0.5315853,23.64332
"2024-06-30 00:00:00",522,12.98528,0.3052342,0.3295408,25.39724,0.2578605,0.3654096,23.82304,0.2974457,0.5223318,23.0059
"2024-06-30 12:00:00",523,12.92904,0.2998925,0.3186758,23.49377,0.252562,0.3613628,23.60184,0.2954149,0.5207878,23.03555
"2024-07-01 00:00:00",524,12.99199,0.3205568,0.3687829,25.32462,0.2568333,0.3762839,23.5683,0.2933182,0.5169178,22.75577
"2024-07-01 12:00:00",525,12.93491,0.3198674,0.3611391,23.77736,0.2632392,0.3897185,23.65446,0.2955678,0.5253841,23.00079
"2024-07-02 00:00:00",526,12.97437,0.3065429,0.3620049,25.31062,0.2562783,0.3827024,23.65208,0.2944209,0.5221356,22.83299
"2024-07-02 12:00:00",527,12.92316,0.2965568,0.33292,23.22639,0.2511705,0.3730974,23.49333,0.293313,0.5228586,22.99584
"2024-07-03 00:00:00",528,12.96094,0.2850682,0.3380513,25.31931,0.2451551,0.3665212,23.43129,0.2905307,0.5167103,22.69244
"2024-07-03 12:00:00",529,12.88203,0.2737499,0.3027312,22.39601,0.2416268,0.3582874,23.18512,0.2889921,0.5173629,22.85738
"2024-07-04 00:00:00",530,12.97688,0.2633335,0.3112502,24.88782,0.236241,0.3511135,22.90228,0.2859269,0.5079585,22.3387
"2024-07-04 12:00:00",531,12.88455,0.2520312,0.2796156,22.17079,0.2332435,0.3448374,22.84505,0.2838752,0.5080047,22.54466
"2024-07-05 00:00:00",532,12.97353,0.2430225,0.289509,25.02787,0.2282472,0.3396825,22.73705,0.2806088,0.4995042,22.11393
"2024-07-05 12:00:00",533,12.89714,0.2330629,0.2611201,22.37489,0.2262746,0.3355813,22.87901,0.2788738,0.50118,22.48077
"2024-07-06 00:00:00",534,12.93407,0.224297,0.2703039,25.35306,0.2211346,0.331291,22.88005,0.2755254,0.4933385,22.14743
"2024-07-06 12:00:00",535,12.86608,0.2144119,0.2429789,22.57553,0.2189645,0.3273737,23.04931,0.2736459,0.495292,22.58814
"2024-07-07 00:00:00",536,12.97772,0.2052937,0.2492093,25.57946,0.2132377,0.3221914,23.02856,0.2694626,0.4866255,22.25749
"2024-07-07 12:00:00",537,12.85181,0.1946606,0.2234998,22.9126,0.2106501,0.3185139,23.27671,0.2670544,0.4877608,22.74292
"2024-07-08 00:00:00",538,12.98108,0.1834579,0.2250278,25.8882,0.2026996,0.3111744,23.27441,0.2620068,0.4783904,22.44752
"2024-07-08 12:00:00",539,12.89882,0.1720507,0.2008389,23.33812,0.1991073,0.3062386,23.54318,0.2590446,0.4782869,22.94627
"2024-07-09 00:00:00",540,12.93156,0.1606092,0.2023384,26.40561,0.1889873,0.2969668,23.64451,0.253049,0.4678,22.71574
"2024-07-09 12:00:00",541,12.89294,0.1501973,0.1808182,23.72543,0.1850621,0.2908279,23.9101,0.249472,0.4669743,23.25263
"2024-07-10 00:00:00",542,12.95842,0.1401794,0.1834555,26.82231,0.1720006,0.2771512,23.96993,0.2419273,0.4535996,23.00283
"2024-07-10 12:00:00",543,12.90385,0.1313505,0.1650893,24.27801,0.1672206,0.2704891,24.31799,0.2376118,0.4515512,23.57551
"2024-07-11 00:00:00",544,12.97185,0.1250276,0.1689218,27.3427,0.1519941,0.2537881,24.39395,0.2281781,0.4353288,23.35679
"2024-07-11 12:00:00",545,12.93156,0.1184073,0.1534039,25.01203,0.1466077,0.2466969,24.80947,0.2228419,0.4310023,23.95634
"2024-07-12 00:00:00",546,12.96094,0.3285971,0.4164521,29.90504,0.2764772,0.4480762,28.49902,0.2958041,0.5096335,26.94751
"2024-07-12 12:00:00",547,12.90889,0.3234858,0.3634695,25.36661,0.2632305,0.4310227,26.16781,0.2947445,0.504043,25.75983
"2024-07-13 00:00:00",548,12.96933,0.3015601,0.3636895,26.80311,0.2456219,0.4049012,25.16117,0.2897371,0.4907963,24.50412
"2024-07-13 12:00:00",549,12.8921,0.2890331,0.3369265,24.6262,0.2389354,0.3959758,25.00528,0.2871143,0.4895574,24.50383
"2024-07-14 00:00:00",550,12.96597,0.2790598,0.3409577,26.14632,0.2319032,0.3862565,24.63194,0.2828376,0.481556,24.02957
"2024-07-14 12:00:00",551,12.89798,0.2752271,0.3191647,24.10027,0.2285546,0.3801026,24.52258,0.280401,0.4822004,24.13413
"2024-07-15 00:00:00",552,12.97605,0.26412,0.3250239,26.24201,0.2221319,0.3728642,24.43277,0.2761275,0.4745573,23.78496
"2024-07-15 12:00:00",553,12.8879,0.2544615,0.2998541,24.21878,0.2194844,0.3675637,24.49318,0.2735352,0.4752578,24.04286
"2024-07-16 00:00:00",554,12.9878,0.2445766,0.302057,25.88624,0.2139256,0.3599578,24.29542,0.2692089,0.4679744,23.71719
"2024-07-16 12:00:00",555,12.92568,0.234693,0.2783367,24.21426,0.2118661,0.3553243,24.36748,0.2665851,0.4674898,23.92358
"2024-07-17 00:00:00",556,12.98192,0.2257357,0.2837864,26.55122,0.2066164,0.3503535,24.48128,0.2616891,0.4605717,23.73121
"2024-07-17 12:00:00",557,12.88287,0.2166031,0.2595486,24.30755,0.2040749,0.3452932,24.5438,0.2590572,0.4608761,24.06389
"2024-07-18 00:00:00",558,12.96765,0.2071886,0.2640519,26.93775,0.1977037,0.3387692,24.62179,0.2536213,0.4524333,23.82722
"2024-07-18 12:00:00",559,12.90805,0.197779,0.2404682,24.79419,0.1954049,0.3342338,24.8617,0.2506741,0.4532819,24.27517
"2024-07-19 00:00:00",560,12.97017,0.187181,0.237502,26.64093,0.18815,0.3246578,24.79169,0.2447165,0.4432766,24.04756
"2024-07-19 12:00:00",561,12.90134,0.1779354,0.216763,24.53858,0.1852101,0.3178029,24.74557,0.2412333,0.4405111,24.28613
"2024-07-20 00:00:00",562,12.97353,0.1682003,0.2166764,26.73183,0.1766673,0.30709,24.71788,0.2343317,0.4295512,24.01354
"2024-07-20 12:00:00",563,12.91477,0.1582954,0.1982409,25.11433,0.1728285,0.3010548,25.02754,0.2300483,0.4264034,24.41527
"2024-07-21 00:00:00",564,12.98024,0.1474477,0.1957834,27.27101,0.161364,0.286108,25.12339,0.2208457,0.4132064,24.27763
"2024-07-21 12:00:00",565,12.91309,0.1387121,0.1774103,25.00636,0.158334,0.2792073,25.16825,0.2161852,0.4083744,24.62442
"2024-07-22 00:00:00",566,12.99199,0.1302352,0.1773915,27.4912,0.1478359,0.2710726,25.2011,0.2041622,0.3900468,24.38093
"2024-07-22 12:00:00",567,12.92232,0.1226199,0.1597828,25.09494,0.143511,0.2708467,25.3324,0.1979658,0.3826884,24.77299
"2024-07-23 00:00:00",568,12.98696,0.1189753,0.161928,27.4306,0.1327263,0.2714047,25.21245,0.1845663,0.3608932,24.45367
"2024-07-23 12:00:00",569,12.924,0.1134849,0.1467121,24.90546,0.1282987,0.2637609,25.30824,0.1790925,0.3537622,24.8107
"2024-07-24 00:00:00",570,12.98444,0.1126388,0.151908,27.25836,0.1158896,0.2431834,25.10158,0.1662951,0.3322164,24.42325
"2024-07-24 12:00:00",571,12.92652,0.108431,0.1399986,25.19,0.112886,0.2379815,25.38956,0.1614813,0.3264975,24.82427
"2024-07-25 00:00:00",572,12.97856,0.1090628,0.1472977,27.80281,0.1050479,0.2222474,25.34262,0.1495577,0.3068134,24.54763
"2024-07-25 12:00:00",573,12.95002,0.1054387,0.1366648,25.93771,0.1036159,0.2197518,25.82404,0.1453988,0.3025914,25.07743
"2024-07-26 00:00:00",574,12.97856,0.1063526,0.1428931,28.13358,0.09797686,0.2090438,25.78539,0.1351714,0.2851708,24.89314
"2024-07-26 12:00:00",575,12.93995,0.1037448,0.1327699,26.41118,0.09774185,0.2071278,26.14455,0.1325926,0.2818182,25.34565
"2024-07-27 00:00:00",576,12.98528,0.1083214,0.1351505,28.93218,0.09771525,0.198379,26.2391,0.1272357,0.2688713,25.21332
"2024-07-27 12:00:00",577,12.94834,0.3523351,0.4568021,24.91722,0.2634006,0.4929423,25.53834,0.229798,0.437781,25.6355
"2024-07-28 00:00:00",578,12.98444,0.3288098,0.4285105,26.83054,0.2647499,0.5156346,25.33824,0.2763506,0.478182,24.9839
"2024-07-28 12:00:00",579,12.92736,0.3092311,0.3855756,24.58766,0.2506335,0.4927349,25.4596,0.2739781,0.4766645,25.23453
"2024-07-29 00:00:00",580,12.98108,0.2949774,0.3806712,25.76279,0.2426564,0.4747981,24.85543,0.2693512,0.4654116,24.62973
"2024-07-29 12:00:00",581,12.90134,0.2824283,0.3429352,23.245,0.2378047,0.4601152,24.46145,0.2668061,0.4627858,24.52532
"2024-07-30 00:00:00",582,12.97521,0.2728272,0.3482277,24.87723,0.2322968,0.4475684,23.93812,0.2620115,0.4521348,23.84907
"2024-07-30 12:00:00",583,12.89714,0.2614379,0.3169701,22.5045,0.2290637,0.4385847,23.70001,0.2593668,0.4509246,23.82807
"2024-07-31 00:00:00",584,12.97101,0.2526158,0.3251843,24.48142,0.2238378,0.4293133,23.33333,0.2547154,0.4425842,23.24585
"2024-07-31 12:00:00",585,12.90721,0.2434142,0.2979781,22.25029,0.2211157,0.422861,23.25786,0.2521726,0.44243,23.34117
"2024-08-01 00:00:00",586,12.97101,0.239032,0.313217,25.1658,0.2173717,0.4183887,23.22758,0.2490968,0.4371976,22.9135
"2024-08-01 12:00:00",587,12.89882,0.2315823,0.2857146,22.74636,0.2158899,0.41461,23.44353,0.2485099,0.4416039,23.26804
"2024-08-02 00:00:00",588,12.97605,0.2276236,0.2999547,25.77957,0.2125264,0.4100623,23.48307,0.2463902,0.4387587,22.95806
"2024-08-02 12:00:00",589,12.91393,0.220721,0.2757812,23.66962,0.2112156,0.4085628,23.91298,0.2473906,0.4464788,23.46824
"2024-08-03 00:00:00",590,12.97101,0.2164571,0.2884133,26.64327,0.2076605,0.4056688,24.08199,0.2466817,0.4470523,23.3193
"2024-08-03 12:00:00",591,12.92652,0.2089643,0.264904,24.48603,0.2067051,0.4048049,24.49051,0.2486984,0.4564713,23.87928
"2024-08-04 00:00:00",592,12.97605,0.2043299,0.2756168,27.39186,0.2025446,0.4020844,24.69327,0.2475834,0.4568276,23.77744
"2024-08-04 12:00:00",593,12.93575,0.1969933,0.2539342,25.38865,0.2013933,0.401314,25.10655,0.2490495,0.4656416,24.35103
"2024-08-05 00:00:00",594,12.99199,0.1915233,0.2560143,27.08057,0.1979801,0.3970991,25.12114,0.2478666,0.4653648,24.26134
"2024-08-05 12:00:00",595,12.93575,0.1853142,0.2371637,24.89712,0.1968856,0.392924,25.00764,0.2491712,0.4707711,24.49755
"2024-08-06 00:00:00",596,12.98108,0.1791595,0.2442126,27.9299,0.190958,0.3887392,25.27571,0.2458759,0.4677883,24.34798
"2024-08-06 12:00:00",597,12.93659,0.1709635,0.2227004,25.72236,0.188934,0.3855804,25.5736,0.2462005,0.474532,24.85684
"2024-08-07 00:00:00",598,12.98276,0.1639135,0.2273602,28.48985,0.1816957,0.3782722,25.75799,0.2420375,0.4710443,24.74705
"2024-08-07 12:00:00",599,12.94415,0.1564431,0.2080337,26.38628,0.1793013,0.3750525,26.04102,0.2418103,0.4775146,25.23594
"2024-08-08 00:00:00",600,12.97856,0.1499851,0.2077982,27.88094,0.1722209,0.364841,25.9155,0.2384003,0.4747292,25.05897
"2024-08-08 12:00:00",601,12.93323,0.1433678,0.1893601,25.55046,0.1699724,0.3565158,25.75843,0.2395246,0.4792471,25.24489
"2024-08-09 00:00:00",602,12.97353,0.1379218,0.1927173,27.83338,0.1619432,0.3438578,25.74681,0.235405,0.4736991,24.97753
"2024-08-09 12:00:00",603,12.93575,0.1322768,0.176563,25.59221,0.1596551,0.3374983,25.70129,0.2356865,0.4771496,25.22029
"2024-08-10 00:00:00",604,12.94163,0.3205744,0.4705381,29.91349,0.2698365,0.5458074,29.1718,0.2926455,0.5601662,28.07931
"2024-08-10 12:00:00",605,12.88203,0.3137271,0.4063008,25.78264,0.2586497,0.5229948,26.67142,0.2885407,0.5402267,26.44867
"2024-08-11 00:00:00",606,12.96513,0.2973848,0.4029617,27.21636,0.2459931,0.4978283,25.88474,0.2834994,0.5283303,25.39712
"2024-08-11 12:00:00",607,12.89966,0.2864219,0.3731891,25.15745,0.2401755,0.4849147,25.65396,0.2813384,0.5262724,25.34844
"2024-08-12 00:00:00",608,12.98612,0.2760457,0.3760214,26.6368,0.2339632,0.4741929,25.39693,0.2771157,0.5184962,24.9377
"2024-08-12 12:00:00",609,12.89798,0.2660441,0.3455848,24.44395,0.2310384,0.4646168,25.09575,0.276013,0.5190225,24.93873
"2024-08-13 00:00:00",610,12.97856,0.2582577,0.3491854,25.8448,0.2258366,0.455039,24.80536,0.2718509,0.5096467,24.51117
"2024-08-13 12:00:00",611,12.90973,0.2562459,0.3343464,24.28248,0.2243738,0.4510752,24.76463,0.2710404,0.5097256,24.58409
"2024-08-14 00:00:00",612,12.98276,0.2756002,0.3687338,24.58354,0.2244045,0.4485577,24.25802,0.2693641,0.5056751,24.17614
"2024-08-14 12:00:00",613,12.8963,0.2719392,0.3536092,23.03227,0.226531,0.4505199,23.9293,0.269004,0.5054494,24.01965
"2024-08-15 00:00:00",614,12.97437,0.2640815,0.3626988,25.06398,0.2235983,0.4485841,23.87444,0.2654572,0.4994549,23.659
"2024-08-15 12:00:00",615,12.87195,0.2544396,0.3324949,22.98317,0.2224582,0.4445929,23.80789,0.2647847,0.5015019,23.80226
"2024-08-16 00:00:00",616,12.96094,0.2467023,0.3407412,25.18013,0.2172946,0.4378112,23.77286,0.2606641,0.4945563,23.48635
"2024-08-16 12:00:00",617,12.87951,0.2386264,0.312603,22.94258,0.2161822,0.4329851,23.77091,0.2597318,0.4958366,23.70594
"2024-08-17 00:00:00",618,12.9601,0.230876,0.3196597,25.08477,0.2101245,0.4233638,23.64349,0.2548679,0.4869384,23.36705
"2024-08-17 12:00:00",619,12.85349,0.2222061,0.2909743,22.73289,0.2082638,0.4168017,23.5779,0.2533349,0.4875426,23.55371
"2024-08-18 00:00:00",620,12.98024,0.2162533,0.2914968,23.90574,0.2038501,0.4065054,23.23996,0.2500017,0.479817,23.15422
"2024-08-18 12:00:00",621,12.90469,0.2109222,0.2738257,22.3084,0.2028161,0.4004207,23.02126,0.2497945,0.4793038,23.11591
"2024-08-19 00:00:00",622,12.89882,0.2055096,0.2804723,24.44768,0.19786,0.3948028,23.18009,0.2457014,0.4733218,22.91309
"2024-08-19 12:00:00",623,12.82747,0.1996877,0.2621691,22.8107,0.1961734,0.3902224,23.24828,0.2449649,0.4745912,23.14289
"2024-08-20 00:00:00",624,13.01214,0.1933385,0.2685742,25.30152,0.1895308,0.3828527,23.52362,0.2400654,0.4684312,23.0493
"2024-08-20 12:00:00",625,12.87951,0.1871366,0.2498314,23.19663,0.1867094,0.3764006,23.6656,0.238716,0.4698381,23.42913
"2024-08-21 00:00:00",626,12.97521,0.1795902,0.2524883,25.56957,0.1783147,0.3639337,23.76606,0.2325516,0.4607677,23.26728
"2024-08-21 12:00:00",627,12.91812,0.1726079,0.232284,23.86718,0.1751946,0.357277,24.02948,0.2305626,0.4610579,23.66822
"2024-08-22 00:00:00",628,12.97185,0.1669493,0.2284028,24.61487,0.169449,0.3459339,23.8509,0.2262036,0.453764,23.51075
"2024-08-22 12:00:00",629,12.84593,0.162549,0.2153224,23.06209,0.1675099,0.3390284,23.61257,0.2251489,0.4516757,23.53043
"2024-08-23 00:00:00",630,13.03397,0.1589653,0.2138758,23.69649,0.163518,0.3302782,23.33809,0.2216682,0.4454114,23.22501
"2024-08-23 12:00:00",631,12.92736,0.1555205,0.2034905,22.37536,0.1618952,0.3243347,23.07838,0.2207333,0.4440907,23.14429
"2024-08-24 00:00:00",632,13.01718,0.315487,0.4436896,23.80733,0.2592375,0.5115618,23.16932,0.2673447,0.5767686,22.90739
"2024-08-24 12:00:00",633,12.91225,0.338537,0.4201024,22.14153,0.2785557,0.5287588,22.91512,0.2857819,0.6101289,23.01981
"2024-08-25 00:00:00",634,13.0071,0.3117317,0.3943732,23.57749,0.2558168,0.4942006,22.81094,0.2801479,0.5919594,22.67929
"2024-08-25 12:00:00",635,12.91561,0.3017799,0.3676441,22.01011,0.2477873,0.4753452,22.69364,0.2775834,0.5858993,22.74
"2024-08-25 12:00:00",635,12.91561,0.3017799,0.3676441,22.01011,0.2477873,0.4753452,22.69364,0.2775834,0.5858993,22.74
"2024-08-26 00:00:00",636,12.91393,0.3069764,0.387149,22.80061,0.2469267,0.4756566,22.44889,0.274924,0.5756531,22.43605
"2024-08-26 12:00:00",637,12.86524,0.3175279,0.3897997,21.14281,0.2622369,0.5055785,22.09923,0.2815976,0.5918065,22.33683
"2024-08-27 00:00:00",638,13.01046,0.3031725,0.3850851,22.733,0.2520574,0.4855499,21.99925,0.2800797,0.587891,21.99649
"2024-08-27 12:00:00",639,12.87447,0.2943287,0.3561411,20.7314,0.2466561,0.4715809,21.85888,0.2780257,0.5856481,22.07353
"2024-08-28 00:00:00",640,12.96177,0.2834457,0.3589979,22.33832,0.2382582,0.4561196,21.62984,0.2733391,0.5728926,21.68894
"2024-08-28 12:00:00",641,12.88539,0.2751329,0.3327453,20.54191,0.2355403,0.4490459,21.59192,0.2720005,0.5722725,21.79533
"2024-08-29 00:00:00",642,12.96513,0.2644064,0.3351293,22.23654,0.2259874,0.4330064,21.44989,0.2668603,0.559869,21.4768
"2024-08-29 12:00:00",643,12.85685,0.2563573,0.3103992,20.46161,0.2240795,0.4273703,21.45828,0.2653267,0.5586946,21.62818
"2024-08-30 00:00:00",644,12.97353,0.2473103,0.3130783,22.11573,0.2154303,0.4134057,21.3251,0.2604392,0.5469815,21.33637
"2024-08-30 12:00:00",645,12.85265,0.2405981,0.2916953,20.4325,0.2138016,0.4092983,21.36818,0.2586898,0.545597,21.50845
"2024-08-31 00:00:00",646,12.95338,0.2307679,0.293251,22.10881,0.2038343,0.3942907,21.27059,0.253252,0.5337747,21.25056
"2024-08-31 12:00:00",647,12.86776,0.223165,0.2700082,20.09806,0.2015941,0.3875061,21.21315,0.2517189,0.5308947,21.40282
"2024-09-01 00:00:00",648,12.96177,0.2136765,0.2712253,21.88567,0.1910733,0.3714653,21.03238,0.2459152,0.5179715,21.06385
"2024-09-01 12:00:00",649,12.90385,0.2068308,0.253884,20.624,0.188666,0.3665819,21.22052,0.2440771,0.5161053,21.27975
"2024-09-02 00:00:00",650,12.97856,0.1977225,0.2530992,22.56076,0.17861,0.3533867,21.4246,0.2390487,0.5071388,21.21194
"2024-09-02 12:00:00",651,12.88874,0.1915035,0.2346745,20.72474,0.1769664,0.3482534,21.48153,0.237609,0.5060201,21.49078
"2024-09-03 00:00:00",652,12.95758,0.1818788,0.2325096,22.50712,0.16569,0.3302657,21.44122,0.2314666,0.4949207,21.29033
"2024-09-03 12:00:00",653,12.87195,0.1751684,0.2141347,20.65464,0.1635435,0.3236403,21.48523,0.2297442,0.4921629,21.52176
"2024-09-04 00:00:00",654,12.96597,0.1654324,0.2115086,22.57705,0.151521,0.3028397,21.45987,0.2225004,0.479329,21.30635
"2024-09-04 12:00:00",655,12.91477,0.1591627,0.1975836,21.48338,0.1486234,0.2967668,21.75471,0.2196724,0.4758376,21.62138
"2024-09-05 00:00:00",656,12.9794,0.1500628,0.1953237,23.50726,0.1368809,0.2765483,22.07595,0.2110752,0.4623677,21.65873
"2024-09-05 12:00:00",657,12.87447,0.1441143,0.1792273,21.45234,0.1352201,0.2711357,22.14054,0.2087241,0.458472,22.00359
"2024-09-06 00:00:00",658,12.98612,0.1369477,0.177332,22.87329,0.1260221,0.2532184,21.95276,0.1994126,0.4407901,21.7674
"2024-09-06 12:00:00",659,12.88035,0.1318058,0.1637895,20.95607,0.124532,0.2486992,21.87462,0.1965096,0.4345625,21.90954
"2024-09-07 00:00:00",660,12.96513,0.3293445,0.4454118,25.03003,0.2728029,0.526229,24.51598,0.2846163,0.5544341,23.81115
"2024-09-07 12:00:00",661,12.87531,0.3116291,0.3775612,21.62938,0.2541018,0.5120482,22.71756,0.2802557,0.5363933,22.76153
"2024-09-08 00:00:00",662,12.94666,0.2954078,0.3706691,22.35712,0.2384074,0.4848827,21.91422,0.2742494,0.5261517,21.93471
"2024-09-08 12:00:00",663,12.8728,0.2860894,0.3479116,20.68176,0.2338076,0.4749483,21.69331,0.2718438,0.5240077,21.83928
"2024-09-09 00:00:00",664,12.96849,0.2735097,0.3460762,21.83123,0.2230673,0.455083,21.36206,0.2660722,0.5125419,21.42057
"2024-09-09 12:00:00",665,12.8728,0.2664087,0.3261335,20.37537,0.2211992,0.4494895,21.31199,0.2645324,0.5109639,21.4656
"2024-09-10 00:00:00",666,12.95506,0.2536421,0.3230519,21.52822,0.2102856,0.4299657,21.06731,0.2587945,0.5000417,21.13736
"2024-09-10 12:00:00",667,12.8921,0.2471103,0.3063516,20.37912,0.2079939,0.4255384,21.13469,0.2567119,0.4985723,21.24241
"2024-09-11 00:00:00",668,12.94583,0.2340915,0.3030469,21.66069,0.1968768,0.4075765,21.05299,0.2508073,0.4892626,21.03311
"2024-09-11 12:00:00",669,12.90553,0.227713,0.2860514,20.44703,0.1947691,0.40212,21.12681,0.2488593,0.4880117,21.1931
"2024-09-12 00:00:00",670,12.97437,0.2153012,0.2780887,21.27618,0.1853321,0.3860829,20.96674,0.2436175,0.479492,20.98955
"2024-09-12 12:00:00",671,12.88958,0.2090147,0.2591886,19.69842,0.1834158,0.3779293,20.77939,0.2417854,0.4762146,21.00907
"2024-09-13 00:00:00",672,12.97856,0.1931798,0.2492213,20.82623,0.1701287,0.3539558,20.5213,0.2350624,0.4641681,20.66609
"2024-09-13 12:00:00",673,12.87028,0.1849911,0.227837,19.0124,0.1672515,0.3432804,20.28347,0.2324163,0.4584808,20.62424
"2024-09-14 00:00:00",674,12.96513,0.1723828,0.221068,20.29501,0.1566616,0.3223989,19.98344,0.2260237,0.4464769,20.22801
"2024-09-14 12:00:00",675,12.8283,0.1657396,0.2017965,18.25368,0.1548159,0.3138232,19.74165,0.2238597,0.4418273,20.19134
"2024-09-15 00:00:00",676,12.95674,0.1549614,0.1988678,20.01949,0.1442588,0.2933742,19.52248,0.2167495,0.4284495,19.7858
"2024-09-15 12:00:00",677,12.85433,0.1494577,0.1833701,18.35417,0.1426603,0.2876278,19.55049,0.2147455,0.4251159,19.89897
"2024-09-16 00:00:00",678,12.98444,0.1440971,0.1826321,19.37065,0.137741,0.2773887,19.29295,0.209293,0.4152559,19.58915
"2024-09-16 12:00:00",679,12.90721,0.1413052,0.1745788,18.35717,0.1372358,0.2750297,19.30276,0.2079561,0.4128449,19.63684
"2024-09-17 00:00:00",680,12.99367,0.135023,0.1751676,19.81993,0.1291523,0.2601239,19.36419,0.2000502,0.4001655,19.50074
"2024-09-17 12:00:00",681,12.90637,0.1327836,0.168236,18.96133,0.127915,0.2575059,19.52839,0.1975611,0.3967753,19.67788
"2024-09-18 00:00:00",682,12.97269,0.1277262,0.1672675,19.94841,0.1212145,0.244867,19.56024,0.1891013,0.3838594,19.61435
"2024-09-18 12:00:00",683,12.81571,0.1236788,0.1530645,17.55264,0.1201882,0.2388968,19.13714,0.1864379,0.3777624,19.58894
"2024-09-19 00:00:00",684,12.95422,0.1217516,0.1567984,19.10493,0.1148973,0.2289416,18.78399,0.1775191,0.3615041,19.12575
"2024-09-19 12:00:00",685,12.84174,0.1182296,0.1455357,17.18388,0.1143259,0.2265863,18.6734,0.1752273,0.356765,19.14482
"2024-09-20 00:00:00",686,12.95674,0.1170215,0.1507176,18.98711,0.1105767,0.2183293,18.47753,0.1658332,0.3410279,18.78792
"2024-09-20 12:00:00",687,12.83586,0.1147883,0.1416579,17.41945,0.1102664,0.217577,18.59181,0.1633475,0.3374272,18.9483
"2024-09-21 00:00:00",688,12.91896,0.114754,0.1481053,19.41031,0.1060493,0.2120847,18.60879,0.1553132,0.3238172,18.7548
"2024-09-21 12:00:00",689,12.84929,0.1131946,0.1399147,17.7506,0.1056112,0.2130787,18.81877,0.1545055,0.3231607,19.04422
"2024-09-22 00:00:00",690,13.00543,0.1141412,0.141991,17.98689,0.1058432,0.2114555,18.29501,0.1536932,0.3188836,18.70291
"2024-09-22 12:00:00",691,12.87951,0.1140007,0.1391702,17.23538,0.1058374,0.2115501,18.18209,0.154083,0.3185579,18.60303
"2024-09-23 00:00:00",692,12.98108,0.115651,0.1459928,18.54408,0.1062096,0.2127345,18.23943,0.1528709,0.3166116,18.45013
"2024-09-23 12:00:00",693,12.8325,0.1146109,0.138971,16.8966,0.1063861,0.2121401,18.16283,0.153011,0.3176217,18.55207
"2024-09-24 00:00:00",694,12.96765,0.1159571,0.1463006,18.2955,0.1061057,0.2112273,17.95992,0.1509388,0.3133352,18.24899
"2024-09-24 12:00:00",695,12.84845,0.1146814,0.1387612,16.69645,0.1061856,0.2108613,17.96367,0.1509845,0.3139538,18.35441
"2024-09-25 00:00:00",696,12.9559,0.1158345,0.1461434,18.22044,0.1061585,0.2095272,17.78142,0.1480024,0.3086574,18.06271
"2024-09-25 12:00:00",697,12.85936,0.1145101,0.1392411,16.83095,0.1060709,0.2099162,17.91397,0.1481184,0.3094458,18.22996
"2024-09-26 00:00:00",698,12.9517,0.1153783,0.1463784,18.46767,0.1063192,0.2084869,17.85045,0.1441242,0.3032236,18.02881
"2024-09-26 12:00:00",699,12.86104,0.113792,0.1391534,17.04884,0.1062664,0.2088523,18.00259,0.1439598,0.3036827,18.24822
"2024-09-27 00:00:00",700,12.95758,0.1147643,0.1463501,18.89342,0.1059555,0.2070521,18.0605,0.1392183,0.2962672,18.11393
"2024-09-27 12:00:00",701,12.84509,0.1126955,0.1381711,17.25679,0.106176,0.2072828,18.21574,0.1385017,0.2964628,18.38659
"2024-09-28 00:00:00",702,12.94331,0.1133941,0.1446696,18.87044,0.1039293,0.204516,18.11767,0.1338543,0.2884683,18.19676
"2024-09-28 12:00:00",703,12.88455,0.1117702,0.1380102,17.61657,0.1041284,0.2051925,18.36626,0.1335803,0.2885902,18.46799
"2024-09-29 00:00:00",704,12.9517,0.1124108,0.1446846,19.38072,0.1022658,0.2026688,18.42644,0.1288151,0.2808203,18.37538
"2024-09-29 12:00:00",705,12.86188,0.1106185,0.1373108,17.92426,0.1023724,0.2032474,18.66741,0.1283462,0.2813809,18.69578
"2024-09-30 00:00:00",706,12.96177,0.110949,0.1421739,19.24255,0.1007971,0.2000167,18.53596,0.124354,0.2736556,18.53374
"2024-09-30 12:00:00",707,12.87699,0.1095281,0.1366337,18.18147,0.10099,0.2007297,18.78826,0.1241355,0.27402,18.79344
"2024-10-01 00:00:00",708,12.94247,0.1098975,0.1420913,19.71463,0.09938255,0.1980774,18.80194,0.1198467,0.2665688,18.70423
"2024-10-01 12:00:00",709,12.84593,0.1077561,0.133239,17.91532,0.09935632,0.1975746,18.88275,0.1197117,0.2666073,18.95167
"2024-10-02 00:00:00",710,12.90469,0.1080727,0.1379032,19.14875,0.09800129,0.1939389,18.58097,0.1159212,0.2584381,18.65948
"2024-10-02 12:00:00",711,12.80564,0.105771,0.1287754,17.2214,0.09788606,0.1928302,18.51181,0.1156119,0.2580694,18.75972
"2024-10-03 00:00:00",712,12.97605,0.1063954,0.1341641,18.58352,0.09658825,0.1892421,18.1448,0.1123266,0.2498699,18.36556
"2024-10-03 12:00:00",713,12.83418,0.1044285,0.1262032,16.93253,0.09658758,0.1888068,18.19317,0.111974,0.2498211,18.47966
"2024-10-04 00:00:00",714,12.94415,0.1051975,0.1318481,18.35687,0.09555869,0.1858202,17.90202,0.1089002,0.2426664,18.13801
"2024-10-04 12:00:00",715,12.83334,0.103333,0.1242456,16.77254,0.09557594,0.1857411,17.99926,0.1082814,0.2430613,18.28641
"2024-10-05 00:00:00",716,12.94583,0.2902058,0.359394,19.44812,0.2344325,0.4231535,19.2742,0.2188453,0.3697821,18.9527
"2024-10-05 12:00:00",717,12.8409,0.3070868,0.336709,17.18468,0.2447106,0.472211,18.42403,0.2600561,0.4157219,18.66765
"2024-10-06 00:00:00",718,12.9601,0.2896825,0.3284206,17.67718,0.2302836,0.4474615,17.71026,0.2551585,0.4107772,18.02631
"2024-10-06 12:00:00",719,12.83838,0.2793395,0.3080651,16.23358,0.2249812,0.436537,17.51586,0.2522844,0.4077094,17.9307
"2024-10-07 00:00:00",720,12.96765,0.2701229,0.3086013,16.98529,0.218722,0.4224203,17.10317,0.2471227,0.3989368,17.50737
"2024-10-07 12:00:00",721,12.83166,0.2629597,0.2905566,15.61565,0.2158174,0.4149137,16.96882,0.2441878,0.396192,17.45815
"2024-10-08 00:00:00",722,12.95758,0.2540489,0.292052,16.5626,0.209451,0.4015697,16.62188,0.2389192,0.3885386,17.06337
"2024-10-08 12:00:00",723,12.79892,0.2480961,0.2754667,15.27417,0.2076374,0.3964608,16.58571,0.2359154,0.3863546,17.07392
"2024-10-09 00:00:00",724,12.95926,0.2389381,0.2763408,16.26797,0.2004267,0.3833934,16.2994,0.2306988,0.3789981,16.73476
"2024-10-09 12:00:00",725,12.84509,0.2339674,0.2617686,15.11587,0.2003045,0.3811386,16.31916,0.2277625,0.377533,16.78554
"2024-10-10 00:00:00",726,12.95674,0.2244391,0.2629635,16.27478,0.1928582,0.3696033,16.15576,0.2227021,0.3707909,16.52199
"2024-10-10 12:00:00",727,12.83502,0.2193749,0.2476985,15.01089,0.1912298,0.3655865,16.20843,0.2197821,0.3696417,16.63641
"2024-10-11 00:00:00",728,12.92568,0.2096214,0.2480477,16.1331,0.1835204,0.3534028,16.01966,0.2146285,0.363053,16.37692
"2024-10-11 12:00:00",729,12.80312,0.2050023,0.2345549,15.04182,0.1820968,0.3500276,16.11456,0.2123217,0.3619742,16.5051
"2024-10-12 00:00:00",730,12.98444,0.1953105,0.234135,16.18426,0.1747349,0.3389669,16.02136,0.207403,0.3561119,16.3127
"2024-10-12 12:00:00",731,12.82243,0.1910795,0.2204439,14.90758,0.1732559,0.3346387,16.05971,0.2051153,0.3551106,16.44783
"2024-10-13 00:00:00",732,12.96933,0.1817435,0.2182916,15.8499,0.1660613,0.3224325,15.85839,0.2004339,0.348825,16.20697
"2024-10-13 12:00:00",733,12.84761,0.177487,0.2044228,14.44209,0.1647525,0.3172872,15.77885,0.1984989,0.3472414,16.25883
"2024-10-14 00:00:00",734,12.9559,0.1688869,0.202816,15.56169,0.1579601,0.3051363,15.56149,0.1941053,0.3404554,15.95952
"2024-10-14 12:00:00",735,12.89714,0.1650083,0.1945895,15.03923,0.1564355,0.3025875,15.77821,0.1920267,0.3396702,16.0995
"2024-10-15 00:00:00",736,12.97772,0.1552128,0.1902106,16.21086,0.1485704,0.2900092,15.93946,0.1869458,0.3341676,16.09208
"2024-10-15 12:00:00",737,12.83754,0.1509964,0.1775495,14.78746,0.1471282,0.2850491,15.92172,0.1849182,0.3331869,16.25895
"2024-10-16 00:00:00",738,12.93827,0.1432356,0.1752908,15.84927,0.1396725,0.2708618,15.72303,0.1793808,0.3248608,16.02104
"2024-10-16 12:00:00",739,12.87531,0.1397408,0.1659485,14.92252,0.138262,0.2670169,15.82219,0.177536,0.3231134,16.14312
"2024-10-17 00:00:00",740,13.00291,0.1333633,0.1639695,15.87748,0.1315046,0.2543689,15.7968,0.171815,0.3148826,16.02428
"2024-10-17 12:00:00",741,12.89546,0.1302943,0.1570287,15.25441,0.12962,0.250606,15.91386,0.1695792,0.3120887,16.16134
"2024-10-18 00:00:00",742,12.99787,0.1247652,0.154143,15.96389,0.1231187,0.2385913,15.93083,0.1632464,0.3029985,16.11311
"2024-10-18 12:00:00",743,12.85601,0.1233045,0.147143,14.89967,0.1225265,0.2356613,15.87037,0.1619402,0.3001443,16.1783
"2024-10-19 00:00:00",744,13.04236,0.3293315,0.3874278,14.12688,0.2749415,0.4433175,14.61918,0.2709674,0.400035,15.10406
"2024-10-19 12:00:00",745,12.85181,0.3025515,0.3383524,13.24085,0.2494178,0.4387423,14.50323,0.2727485,0.4124172,15.17799
"2024-10-20 00:00:00",746,13.01214,0.2927225,0.3343298,13.96359,0.2392006,0.4306726,14.41673,0.2680385,0.4184459,14.99425
"2024-10-20 12:00:00",747,12.84845,0.2869039,0.3216456,13.1889,0.2346585,0.424996,14.35175,0.2652991,0.4208732,14.96444
"2024-10-21 00:00:00",748,13.01382,0.2972873,0.3441215,13.86883,0.2390231,0.4384949,14.23131,0.2643255,0.4227478,14.74651
"2024-10-21 12:00:00",749,12.85685,0.3033668,0.3433874,13.26546,0.2496385,0.4656197,14.19893,0.2709256,0.4459639,14.7286
"2024-10-22 00:00:00",750,13.00794,0.2952904,0.337176,13.75051,0.243222,0.4532456,14.09137,0.2695952,0.454996,14.56976
"2024-10-22 12:00:00",751,12.8048,0.2888328,0.3166448,12.47607,0.2388899,0.4410316,13.87782,0.2676895,0.4595442,14.52071
"2024-10-23 00:00:00",752,12.98864,0.2833714,0.3183088,13.18805,0.2343879,0.428928,13.54585,0.264798,0.457216,14.16306
"2024-10-23 12:00:00",753,12.83166,0.2784621,0.302976,12.22742,0.2315952,0.421352,13.5266,0.2630762,0.4586374,14.15103
"2024-10-24 00:00:00",754,12.97772,0.2734342,0.3059994,13.00179,0.2276674,0.4118582,13.2923,0.2603595,0.4549962,13.87415
"2024-10-24 12:00:00",755,12.82243,0.2689131,0.2911045,11.95754,0.2257286,0.4061483,13.28848,0.2587886,0.4553545,13.90359
"2024-10-25 00:00:00",756,12.96346,0.2637645,0.292578,12.65332,0.2222818,0.3963371,13.0083,0.2562705,0.4501852,13.62055
"2024-10-25 12:00:00",757,12.80648,0.2593087,0.2770079,11.52947,0.2204677,0.3907572,12.95809,0.2547999,0.4493636,13.62412
"2024-10-26 00:00:00",758,12.94079,0.2545133,0.2790363,12.20974,0.217383,0.3819505,12.63546,0.2524947,0.4436555,13.29952
"2024-10-26 12:00:00",759,12.79809,0.2507974,0.2651788,11.13198,0.216304,0.3776005,12.58557,0.2511793,0.4425769,13.28753
"2024-10-27 00:00:00",760,12.97269,0.2463158,0.2686457,11.93262,0.2127569,0.370276,12.31617,0.248991,0.4371525,12.97991
"2024-10-27 12:00:00",761,12.80816,0.2429463,0.256181,10.94362,0.2120787,0.3673729,12.3279,0.2477467,0.4365101,13.00877
"2024-10-28 00:00:00",762,13.00123,0.2387065,0.2594371,11.73265,0.2092475,0.3611457,12.10765,0.2455267,0.4316567,12.74617
"2024-10-28 12:00:00",763,12.84174,0.2362196,0.2534756,11.46385,0.2085749,0.3612014,12.32304,0.2442324,0.431958,12.84501
"2024-10-29 00:00:00",764,13.01718,0.2326465,0.2543434,11.98154,0.2059487,0.3574904,12.31704,0.2424223,0.4297649,12.79626
"2024-10-29 12:00:00",765,12.87699,0.2300628,0.2485556,11.65303,0.2051528,0.3564757,12.42586,0.2410285,0.4292794,12.89196
"2024-10-30 00:00:00",766,13.02893,0.2330494,0.2549399,12.03996,0.2029816,0.3539318,12.44307,0.2395103,0.4273556,12.86322
"2024-10-30 12:00:00",767,12.84258,0.2353043,0.2507108,11.17164,0.2026366,0.3506213,12.27431,0.2384777,0.4254186,12.84777
"2024-10-31 00:00:00",768,13.02389,0.2386507,0.2559395,11.31289,0.2022576,0.3475399,12.03192,0.2373422,0.422003,12.6302
"2024-10-31 12:00:00",769,12.7729,0.2375708,0.2429314,9.615452,0.2025592,0.3417204,11.48662,0.236577,0.4185845,12.39891
"2024-11-01 00:00:00",770,12.99032,0.2360111,0.2480319,10.29638,0.201316,0.3370849,11.06438,0.2347568,0.4119669,11.90999
"2024-11-01 12:00:00",771,12.77206,0.2336181,0.2345233,8.883973,0.2013419,0.33344,10.78177,0.2341502,0.409035,11.74548
"2024-11-02 00:00:00",772,12.99955,0.2317232,0.2375632,9.321743,0.2005335,0.3277776,10.2789,0.2325244,0.4025743,11.26042
"2024-11-02 12:00:00",773,12.79725,0.2297828,0.2269267,8.258683,0.200475,0.3249515,10.07971,0.2318712,0.3997416,11.09236
"2024-11-03 00:00:00",774,13.02893,0.2282334,0.2313768,8.924369,0.1994457,0.3207628,9.738843,0.2308379,0.3944932,10.69808
"2024-11-03 12:00:00",775,12.85685,0.2268666,0.2300504,9.123657,0.1993351,0.3226754,10.02268,0.2297804,0.3942257,10.73843
"2024-11-04 00:00:00",776,13.03397,0.2262969,0.2323418,9.640291,0.1990174,0.32343,10.16726,0.229166,0.3936375,10.77338
"2024-11-04 12:00:00",777,12.82243,0.2278602,0.2289617,9.013798,0.1989933,0.3223696,10.15075,0.2288779,0.3938274,10.8371
"2024-11-05 00:00:00",778,12.98864,0.2299115,0.2339977,9.284423,0.1982536,0.3202712,10.00925,0.2290934,0.3916453,10.70708
"2024-11-05 12:00:00",779,12.81068,0.2290286,0.2234138,7.89689,0.1982676,0.3160492,9.645682,0.2278892,0.3894507,10.58026
"2024-11-06 00:00:00",780,13.03732,0.2298426,0.2255303,8.083985,0.1982429,0.3121196,9.231595,0.2268293,0.3844286,10.18331
"2024-11-06 12:00:00",781,12.82998,0.2360022,0.2264018,7.350337,0.1981893,0.3090547,8.93224,0.2270754,0.3815252,9.949745
"2024-11-07 00:00:00",782,13.02641,0.2378769,0.2318334,7.796896,0.1981816,0.3077877,8.749511,0.2265208,0.3780733,9.672494
"2024-11-07 12:00:00",783,12.76787,0.2369121,0.2219752,6.609036,0.1988434,0.3056464,8.490344,0.2254737,0.3761025,9.534461
"2024-11-08 00:00:00",784,13.00459,0.2358121,0.2238006,6.77986,0.1986623,0.3014306,7.969575,0.2249982,0.3707597,9.090958
"2024-11-08 12:00:00",785,12.82243,0.2346983,0.2175958,6.187821,0.1988068,0.3001397,7.828173,0.2248843,0.3684359,8.91589
"2024-11-09 00:00:00",786,13.04572,0.2360279,0.2252602,7.160278,0.1991436,0.3004796,7.814415,0.2245863,0.3659864,8.701111
"2024-11-09 12:00:00",787,12.84006,0.2370178,0.2264389,7.300682,0.1996648,0.3036338,8.134345,0.2244142,0.3675126,8.845592
"2024-11-10 00:00:00",788,12.96513,0.2371692,0.2333574,8.2363,0.1997804,0.3068509,8.45422,0.2242731,0.36882,8.978763
"2024-11-10 12:00:00",789,12.78717,0.2349386,0.2215638,6.867496,0.1998804,0.3054418,8.380091,0.224071,0.3701677,9.140798
"2024-11-11 00:00:00",790,12.97017,0.2343258,0.2258237,7.372527,0.1995377,0.302383,8.052413,0.2228958,0.3668038,8.870073
"2024-11-11 12:00:00",791,12.79137,0.2323413,0.2168034,6.458066,0.1996289,0.3014458,8.027496,0.2225801,0.3667064,8.87661
"2024-11-12 00:00:00",792,12.96849,0.2316433,0.2217286,7.066358,0.1991188,0.2988652,7.756313,0.2225596,0.3633877,8.602725
"2024-11-12 12:00:00",793,12.78046,0.2298231,0.2140374,6.314455,0.1990664,0.2984968,7.791378,0.2224085,0.3636437,8.632807
"2024-11-13 00:00:00",794,13.0432,0.229052,0.2170268,6.862303,0.1984896,0.2959042,7.595584,0.2219991,0.3607682,8.418119
"2024-11-13 12:00:00",795,12.79976,0.227536,0.2117235,6.388193,0.1984923,0.2958571,7.690465,0.2219102,0.3608646,8.459707
"2024-11-14 00:00:00",796,12.97688,0.2266514,0.2136513,6.619934,0.1980109,0.2934324,7.455412,0.2207133,0.3585105,8.282184
"2024-11-14 12:00:00",797,12.75779,0.224471,0.2032421,5.444973,0.1979869,0.2906933,7.255166,0.2203665,0.3575988,8.215618
"2024-11-15 00:00:00",798,12.98108,0.2239414,0.2068214,5.822818,0.1976131,0.2866507,6.823867,0.220498,0.3531279,7.827322
"2024-11-15 12:00:00",799,12.7729,0.2222146,0.1994786,5.069747,0.1975028,0.2853317,6.761065,0.2204145,0.352322,7.751217
"2024-11-16 00:00:00",800,12.99199,0.2217483,0.2058841,5.930728,0.1966763,0.2839801,6.620503,0.2199674,0.3493303,7.505535
"2024-11-16 12:00:00",801,12.77206,0.2200128,0.1984926,5.248132,0.1966483,0.2838329,6.756449,0.2198395,0.3499826,7.602483
"2024-11-17 00:00:00",802,12.97856,0.2192492,0.1998809,5.456804,0.1962455,0.2805169,6.465628,0.2187384,0.3469861,7.385653
"2024-11-17 12:00:00",803,12.74856,0.217481,0.1911893,4.465301,0.1961734,0.2777928,6.278534,0.2183887,0.345736,7.295747
"2024-11-18 00:00:00",804,12.96429,0.2170976,0.1946115,4.847237,0.1957662,0.2745667,5.916784,0.2185079,0.3417544,6.947589
"2024-11-18 12:00:00",805,12.75443,0.2153891,0.18706,4.003133,0.1955575,0.2727468,5.813319,0.2183821,0.3408633,6.869415
"2024-11-19 00:00:00",806,13.02306,0.2155268,0.1928728,4.80046,0.1952253,0.2708082,5.626221,0.2179903,0.3376148,6.591714
"2024-11-19 12:00:00",807,12.78465,0.2143508,0.1892811,4.618786,0.195075,0.2717137,5.86586,0.2178903,0.3385505,6.695962
"2024-11-20 00:00:00",808,12.95422,0.213678,0.1887887,4.542244,0.1950684,0.2697937,5.67884,0.2173808,0.3369811,6.591627
"2024-11-20 12:00:00",809,12.7175,0.2117849,0.1796122,3.325942,0.1945507,0.2653175,5.306742,0.2171943,0.3350446,6.438409
"2024-11-21 00:00:00",810,12.93911,0.2114091,0.1804166,3.303434,0.1944901,0.2607456,4.780377,0.2170662,0.3301204,5.991776
"2024-11-21 12:00:00",811,12.70407,0.2101686,0.1754794,2.784093,0.1940834,0.2586423,4.615436,0.2167559,0.3281492,5.80018
"2024-11-22 00:00:00",812,12.91393,0.2099365,0.1774959,2.964277,0.1938435,0.2558987,4.290242,0.2163871,0.3246064,5.469069
"2024-11-22 12:00:00",813,12.69903,0.2089123,0.1732665,2.56141,0.1936304,0.2547421,4.258331,0.2162932,0.3236327,5.384913
"2024-11-23 00:00:00",814,12.97772,0.2087253,0.1754154,2.778481,0.1936702,0.2527435,4.008235,0.2159377,0.3209488,5.138494
"2024-11-23 12:00:00",815,12.7368,0.2076757,0.1717434,2.44407,0.1933725,0.2522749,4.040879,0.2158055,0.3206812,5.112972
"2024-11-24 00:00:00",816,12.97101,0.2078445,0.1759166,2.995903,0.1931469,0.2516023,3.936016,0.2159155,0.3188514,4.944286
"2024-11-24 12:00:00",817,12.76703,0.2069794,0.1724965,2.720174,0.193096,0.2520918,4.106678,0.2159047,0.3197557,5.039937
"2024-11-25 00:00:00",818,12.99451,0.2074416,0.179296,3.843422,0.1929642,0.2532871,4.255864,0.2156793,0.3192872,5.023129
"2024-11-25 12:00:00",819,12.75947,0.2064737,0.1750167,3.376751,0.1927697,0.2550572,4.57961,0.2156828,0.3218396,5.289009
"2024-11-26 00:00:00",820,13.02977,0.2064869,0.1780396,3.720403,0.1926703,0.2537738,4.415428,0.2157861,0.3208866,5.214866
"2024-11-26 12:00:00",821,12.80984,0.2062346,0.1781894,3.990754,0.1926247,0.2563741,4.770065,0.2156201,0.3224284,5.394719
"2024-11-27 00:00:00",822,13.06587,0.236757,0.2031701,3.799555,0.1925986,0.2566261,4.779638,0.2155407,0.3231502,5.475334
"2024-11-27 12:00:00",823,12.8367,0.2893334,0.2400694,3.653021,0.2034797,0.2741194,4.672421,0.2155592,0.3229714,5.447493
"2024-11-28 00:00:00",824,13.01046,0.2993904,0.2356745,4.184464,0.2366195,0.3282916,4.734062,0.2161991,0.3243535,5.406485
"2024-11-28 12:00:00",825,12.75527,0.2883705,0.2088327,3.205002,0.2397875,0.3277587,4.588048,0.2305969,0.3500427,5.403644
"2024-11-29 00:00:00",826,12.99451,0.2868573,0.2048396,3.091609,0.2386106,0.3206207,4.177727,0.2412127,0.3615827,5.10575
"2024-11-29 12:00:00",827,12.73849,0.2798157,0.1947901,2.623315,0.2362801,0.3141166,4.022091,0.2466303,0.3659439,4.970786
"2024-11-30 00:00:00",828,12.98108,0.2795207,0.1934612,2.398618,0.2345566,0.3075323,3.671082,0.2482807,0.3641298,4.692533
"2024-11-30 12:00:00",829,12.73429,0.2747274,0.1876304,2.158826,0.2335977,0.3032466,3.510128,0.2495428,0.3637975,4.517555
"2024-12-01 00:00:00",830,12.98276,0.27416,0.1868971,1.988011,0.2320229,0.2979253,3.26499,0.2497597,0.3618092,4.298246
"2024-12-01 12:00:00",831,12.73429,0.2709603,0.1833599,1.866792,0.2313538,0.295189,3.154126,0.2498548,0.3608014,4.158339
"2024-12-02 00:00:00",832,12.98528,0.2704288,0.1830796,1.760794,0.2296632,0.2910029,2.9857,0.2494811,0.3590849,3.994553
"2024-12-02 12:00:00",833,12.74016,0.2685156,0.1808103,1.712378,0.2295675,0.2892675,2.925626,0.2493162,0.3582188,3.897582
"2024-12-03 00:00:00",834,12.96261,0.2686164,0.1816971,1.724674,0.2283341,0.2867518,2.836671,0.2493033,0.3571519,3.79209
"2024-12-03 12:00:00",835,12.74688,0.2674184,0.1797466,1.702408,0.2280938,0.2861997,2.851665,0.249028,0.3570185,3.764184
"2024-12-04 00:00:00",836,13.00039,0.2676001,0.1809295,1.743196,0.227391,0.2843267,2.788231,0.2487023,0.3564373,3.693979
"2024-12-04 12:00:00",837,12.76199,0.2668066,0.1792659,1.729691,0.2272322,0.2843408,2.834376,0.2486725,0.3567266,3.699358
"2024-12-05 00:00:00",838,12.97269,0.2671758,0.1812312,1.870346,0.2272627,0.2831405,2.801498,0.2484032,0.3564715,3.653622
"2024-12-05 12:00:00",839,12.74772,0.266183,0.1790087,1.813883,0.2272566,0.2833556,2.888279,0.2483948,0.3572862,3.704551
"2024-12-06 00:00:00",840,12.97101,0.2660878,0.1804307,1.903075,0.226575,0.2817253,2.823905,0.2478756,0.3568579,3.653387
"2024-12-06 12:00:00",841,12.74856,0.2650109,0.1781249,1.820502,0.2264237,0.2815573,2.892991,0.2478254,0.3573825,3.693451
"2024-12-07 00:00:00",842,12.97856,0.2645589,0.1789923,1.846297,0.2255227,0.2796406,2.794737,0.2478939,0.3566761,3.625504
"2024-12-07 12:00:00",843,12.74184,0.2635229,0.1769486,1.765405,0.2250814,0.2790566,2.839855,0.2476499,0.3568597,3.639993
"2024-12-08 00:00:00",844,12.97185,0.262809,0.1775406,1.752864,0.2248349,0.2769489,2.725749,0.2471747,0.3559606,3.559114
"2024-12-08 12:00:00",845,12.72757,0.2619787,0.1760865,1.697357,0.2245701,0.2763694,2.754584,0.24711,0.3559357,3.556154
"2024-12-09 00:00:00",846,12.99367,0.2614969,0.1770026,1.755293,0.2241626,0.2747167,2.676483,0.2464723,0.3551069,3.484339
"2024-12-09 12:00:00",847,12.77626,0.2608548,0.1753688,1.6801,0.2237477,0.2742009,2.716683,0.2464653,0.355151,3.502557
"2024-12-10 00:00:00",848,12.99787,0.2606582,0.1754941,1.72031,0.223089,0.2723991,2.646468,0.2460227,0.3542658,3.438755
"2024-12-10 12:00:00",849,12.72002,0.2596116,0.1732316,1.546872,0.2226839,0.2711793,2.62775,0.2458014,0.3539032,3.430086
"2024-12-11 00:00:00",850,12.97772,0.2573695,0.1708488,1.301219,0.2221998,0.2681657,2.425109,0.245855,0.3523225,3.301022
"2024-12-11 12:00:00",851,12.71918,0.2559645,0.1698047,1.185093,0.2215307,0.2658359,2.298026,0.2453244,0.350696,3.178
"2024-12-12 00:00:00",852,12.9836,0.2529786,0.1679427,1.047806,0.2207016,0.2634577,2.159493,0.2449514,0.349175,3.052771
"2024-12-12 12:00:00",853,12.7175,0.2515118,0.1672956,0.9808099,0.2197795,0.2613246,2.067837,0.2446985,0.347652,2.948605
"2024-12-13 00:00:00",854,13.01466,0.2488085,0.1657981,0.8781194,0.2190665,0.2593102,1.964857,0.2441705,0.3463349,2.854032
"2024-12-13 12:00:00",855,12.74772,0.2469875,0.1651081,0.8736817,0.2182332,0.2573618,1.908511,0.243761,0.3449386,2.772561
"2024-12-14 00:00:00",856,12.98948,0.2458299,0.1640988,0.8478998,0.2175286,0.2555607,1.861119,0.2439943,0.3438559,2.716471
"2024-12-14 12:00:00",857,12.73597,0.2447889,0.1636356,0.8175786,0.2168107,0.2540879,1.831418,0.2429444,0.3427435,2.666562
"2024-12-15 00:00:00",858,12.91728,0.2427877,0.1626308,0.7635272,0.2162601,0.2528088,1.77695,0.242623,0.3418667,2.617899
"2024-12-15 12:00:00",859,12.73932,0.240874,0.1620548,0.7822649,0.2156083,0.2516369,1.751852,0.2422589,0.3408055,2.573264
"2024-12-16 00:00:00",860,12.99955,0.2405203,0.1623212,0.7692261,0.2152847,0.2505996,1.732143,0.2416284,0.3400374,2.541443
"2024-12-16 12:00:00",861,12.75863,0.2405273,0.1627394,0.7613525,0.2146504,0.2496786,1.722042,0.2414753,0.3392375,2.520766
"2024-12-17 00:00:00",862,13.01046,0.2401172,0.1623628,0.7179489,0.2143499,0.2487724,1.68468,0.2412007,0.3385584,2.48766
"2024-12-17 12:00:00",863,12.78717,0.2392027,0.162162,0.7476022,0.2136777,0.248071,1.675701,0.2413111,0.3377398,2.459277
"2024-12-18 00:00:00",864,12.99283,0.2399368,0.1626207,0.7661141,0.2136151,0.2474343,1.675248,0.2403703,0.3372214,2.4449
"2024-12-18 12:00:00",865,12.75024,0.2403816,0.1630664,0.775498,0.2129846,0.247005,1.686139,0.2400826,0.3366755,2.442045
"2024-12-19 00:00:00",866,12.98024,0.2401432,0.163002,0.7639893,0.2130109,0.2467574,1.671088,0.2396346,0.3362966,2.428566
"2024-12-19 12:00:00",867,12.74688,0.2405375,0.1633489,0.7796785,0.2130458,0.246369,1.677233,0.2395862,0.3357985,2.423212
"2024-12-20 00:00:00",868,12.96849,0.2400167,0.1630064,0.763093,0.2130829,0.2460072,1.658195,0.2389439,0.3353333,2.408946
"2024-12-20 12:00:00",869,12.72338,0.2400167,0.163099,0.7653535,0.2124859,0.245684,1.662376,0.238988,0.3348608,2.400588
"2024-12-21 00:00:00",870,12.89798,0.2390154,0.1624457,0.7152784,0.2124025,0.2451289,1.625322,0.2384033,0.3343782,2.37544
"2024-12-21 12:00:00",871,12.69987,0.2377361,0.1622818,0.711021,0.212082,0.2445188,1.611334,0.2383957,0.3337608,2.35129
"2024-12-22 00:00:00",872,12.98276,0.2371863,0.1615764,0.6609104,0.2117616,0.243833,1.567994,0.2387658,0.3332496,2.320626
"2024-12-22 12:00:00",873,12.7494,0.2357616,0.1611267,0.6574497,0.2114107,0.2431982,1.553082,0.23842,0.3326202,2.292251
"2024-12-23 00:00:00",874,13.00878,0.2353906,0.1613897,0.622723,0.2111226,0.2424863,1.517939,0.2381711,0.332063,2.260798
"2024-12-23 12:00:00",875,12.79641,0.2344442,0.1609782,0.6586359,0.2108567,0.2417928,1.511997,0.2373384,0.3313965,2.238754
"2024-12-24 00:00:00",876,12.98192,0.2346039,0.1615094,0.7121918,0.2104474,0.2415781,1.531201,0.2369898,0.331123,2.235339
"2024-12-24 12:00:00",877,12.75779,0.236053,0.1620301,0.7452747,0.2104611,0.2414226,1.577693,0.2370077,0.3309434,2.262789
"2024-12-25 00:00:00",878,12.99116,0.2362868,0.1620959,0.7585274,0.2104557,0.2414867,1.583389,0.236427,0.3308967,2.270715
"2024-12-25 12:00:00",879,12.8325,0.2372824,0.1626659,0.8009857,0.2104307,0.2417304,1.619972,0.2362458,0.3306724,2.290309
"2024-12-26 00:00:00",880,13.03313,0.2418708,0.1685292,1.230275,0.2106525,0.2434897,1.765397,0.236187,0.3312618,2.354494
"2024-12-26 12:00:00",881,12.81655,0.2458368,0.1693179,1.385416,0.2113904,0.2462142,2.049468,0.2359847,0.3333385,2.571213
"2024-12-27 00:00:00",882,13.03732,0.2479887,0.1710901,1.586359,0.212412,0.2475974,2.139671,0.2359175,0.3340003,2.663692
"2024-12-27 12:00:00",883,12.80732,0.2515834,0.17262,1.725899,0.2134175,0.2504106,2.319065,0.2360061,0.335385,2.798887
"2024-12-28 00:00:00",884,13.06838,0.263395,0.1809091,2.19378,0.2153662,0.2547374,2.494746,0.2364224,0.3368862,2.906391
"2024-12-28 12:00:00",885,12.83082,0.2719679,0.1834636,2.298016,0.2221433,0.2660698,2.719149,0.2370577,0.3396699,3.087593
"2024-12-29 00:00:00",886,13.03565,0.2725415,0.1869957,2.927585,0.22679,0.2743782,2.940954,0.2382802,0.3441085,3.226248
"2024-12-29 12:00:00",887,12.80312,0.272169,0.184388,2.571387,0.2284594,0.277062,3.132694,0.2408535,0.3509414,3.458627
"2024-12-30 00:00:00",888,13.02977,0.2731642,0.1880242,2.886399,0.2282177,0.2771063,3.094569,0.2428781,0.3543879,3.460999
"2024-12-30 12:00:00",889,12.81739,0.2731047,0.1860438,2.597033,0.2279604,0.2776195,3.220399,0.2443306,0.35787,3.598652
"2024-12-31 00:00:00",890,13.01382,0.2728907,0.1872893,2.840585,0.2278377,0.2765355,3.179331,0.2452458,0.3587417,3.579632
"2024-12-31 12:00:00",891,12.76451,0.2700695,0.1814316,2.222699,0.2280037,0.2744973,3.107128,0.2459844,0.3596928,3.615108
"2025-01-01 00:00:00",892,12.99199,0.2686242,0.179201,1.858246,0.227097,0.2694582,2.733934,0.2457078,0.357213,3.397474
"2025-01-01 12:00:00",893,12.74268,0.2659069,0.1755667,1.577756,0.2263925,0.2664719,2.539722,0.2456846,0.3550962,3.226438
