"TOA5","S4M","CR200X","23117","CR200X.Std.04","CSU_3depths.CR2","4256","Table3"
"TIMESTAMP","RECORD","VWC_1_Avg","EC_1_Avg","T_1_Avg","VWC_2_Avg","EC_2_Avg","T_2_Avg","VWC_3_Avg","EC_3_Avg","T_3_Avg"
"TS","RN","m^3/m^3","dS/m","Deg C","m^3/m^3","dS/m","Deg C","m^3/m^3","dS/m","Deg C"
"","","Avg","Avg","Avg","Avg","Avg","Avg","Avg","Avg","Avg"
"2023-10-13 00:00:00",0,0.08858415,0.1052376,14.21645,0.1291691,0.2314386,14.48031,0.1966651,0.4615287,14.91123
"2023-10-14 00:00:00",1,0.08693971,0.09996515,12.83312,0.1268361,0.2251386,13.98667,0.1945585,0.4538694,14.63534
"2023-10-15 00:00:00",2,0.08523904,0.09532607,11.64508,0.122489,0.2144123,13.13891,0.1912009,0.4390253,14.00037
"2023-10-16 00:00:00",3,0.08444577,0.09414851,11.44587,0.1180729,0.2058103,12.6014,0.1874981,0.4248739,13.41153
"2023-10-17 00:00:00",4,0.08386169,0.09439114,11.95803,0.1128933,0.1994316,12.72784,0.1832361,0.4149411,13.31808
"2023-10-18 00:00:00",5,0.08294679,0.0932328,12.14366,0.1075195,0.1923149,12.86524,0.1782022,0.4051655,13.37856
"2023-10-19 00:00:00",6,0.0820174,0.09218688,12.37835,0.1026741,0.1853236,13.003,0.1728387,0.3942513,13.44557
"2023-10-20 00:00:00",7,0.08134256,0.09156774,12.74543,0.09797788,0.1791864,13.22357,0.1667972,0.3826924,13.57281
"2023-10-21 00:00:00",8,0.08034796,0.08990609,12.75325,0.09397165,0.1733348,13.34885,0.1607251,0.3704902,13.69736
"2023-10-22 00:00:00",9,0.07924984,0.08759767,12.48513,0.09059743,0.1668908,13.22206,0.1545688,0.3561255,13.65095
"2023-10-23 00:00:00",10,0.07856765,0.08604654,12.41472,0.08792701,0.1615696,13.13104,0.1483056,0.3410986,13.56675
"2023-10-24 00:00:00",11,0.07821341,0.08584366,12.7733,0.08587789,0.1581553,13.26111,0.1422657,0.3273247,13.59529
"2023-10-25 00:00:00",12,0.07736637,0.08367903,12.36786,0.08412296,0.1540624,13.13335,0.1363225,0.3134265,13.56632
"2023-10-26 00:00:00",13,0.07646503,0.08163343,11.85542,0.08255527,0.1496201,12.78187,0.1306864,0.2987573,13.33187
"2023-10-27 00:00:00",14,0.07605379,0.0804427,11.72364,0.08163466,0.1468967,12.6293,0.1257384,0.2862498,13.16757
"2023-10-28 00:00:00",15,0.07531437,0.07823277,10.91335,0.08080076,0.1434251,12.09963,0.1218287,0.2748841,12.81766
"2023-10-29 00:00:00",16,0.07567452,0.08018483,11.6928,0.08038829,0.1431785,12.21105,0.1178694,0.2653829,12.69569
"2023-10-30 00:00:00",17,0.07448847,0.07602677,10.19922,0.07998317,0.1405477,11.83854,0.1148158,0.2579308,12.62259
"2023-10-31 00:00:00",18,0.0723955,0.06918572,7.434008,0.07881749,0.1321892,9.944396,0.111226,0.2441602,11.41969
"2023-11-01 00:00:00",19,0.0716904,0.06742814,6.668241,0.07821352,0.1276289,8.85652,0.1097838,0.233099,10.3426
"2023-11-02 00:00:00",20,0.07157964,0.0672716,6.683329,0.07793141,0.125809,8.479265,0.1092068,0.2265567,9.798817
"2023-11-03 00:00:00",21,0.07171741,0.06773459,6.838135,0.07779243,0.1249723,8.343777,0.1069151,0.2221434,9.517254
"2023-11-04 00:00:00",22,0.07226983,0.06942248,7.587828,0.07781515,0.1260358,8.68327,0.1050094,0.2199655,9.580539
"2023-11-05 00:00:00",23,0.07229922,0.06961387,7.683846,0.07773864,0.1259335,8.792106,0.1038391,0.2175918,9.651162
"2023-11-06 00:00:00",24,0.07259737,0.07079464,8.289662,0.07776421,0.1269065,9.139692,0.1038334,0.2162087,9.825819
"2024-01-05 00:00:00",84,0.0997908,0.1121595,-0.1822807,0.07512377,0.09575605,0.7970979,0.1021356,0.1727358,1.651375
"2024-01-06 00:00:00",85,0.1220614,0.1347969,-0.04463059,0.07509255,0.09619204,0.9079476,0.102079,0.1730955,1.707927
"2024-01-07 00:00:00",86,0.1270552,0.1400434,0.003030907,0.07557703,0.09662853,0.9752429,0.1026356,0.1734492,1.751301
"2024-01-08 00:00:00",87,0.1255035,0.1401348,0.02345363,0.07621018,0.09688182,1.004212,0.1027639,0.1736369,1.772924
"2024-01-09 00:00:00",88,0.1266538,0.1413139,0.07301753,0.07632751,0.0971227,1.034742,0.1027298,0.1738371,1.785016
"2024-01-10 00:00:00",89,0.1167201,0.1329934,-0.1678233,0.07632906,0.09712219,0.9566692,0.1027991,0.173771,1.754797
"2024-01-11 00:00:00",90,0.09351274,0.1065653,-0.429021,0.07639401,0.09673908,0.7693039,0.1028378,0.1731578,1.625811
"2024-01-12 00:00:00",91,0.09568103,0.1089414,-0.234952,0.07639959,0.09671715,0.7544217,0.1029014,0.172763,1.546932
"2024-01-13 00:00:00",92,0.08758733,0.09275343,-0.6263334,0.07641537,0.09658957,0.6264597,0.1029693,0.1725198,1.485854
"2024-01-14 00:00:00",93,0.08257393,0.08199888,-0.7463948,0.07652102,0.0960054,0.4217702,0.1030971,0.1715415,1.309974
"2024-01-15 00:00:00",94,0.09102917,0.09722111,-0.2246089,0.07644875,0.09643,0.5658665,0.1031084,0.1714633,1.296543
"2024-01-16 00:00:00",95,0.1097504,0.1195712,-0.06170934,0.07632942,0.09706528,0.7265221,0.1036214,0.1720915,1.397495
"2024-01-17 00:00:00",96,0.1097376,0.1208174,-0.164095,0.0762698,0.09748357,0.7732991,0.1037083,0.172531,1.46294
"2024-01-18 00:00:00",97,0.09066221,0.0983443,-0.4677026,0.07630829,0.09724256,0.6204501,0.103761,0.1721904,1.390901
"2024-01-19 00:00:00",98,0.08925498,0.09463065,-0.354889,0.07632424,0.09716219,0.588494,0.1038234,0.1718027,1.325037
"2024-01-20 00:00:00",99,0.09275974,0.09957244,-0.2836337,0.07629067,0.0973622,0.6164986,0.1038226,0.1717964,1.3191
"2024-01-21 00:00:00",100,0.102647,0.1114928,-0.1228654,0.07645715,0.09764083,0.6788602,0.1043643,0.1719605,1.337417
"2024-01-22 00:00:00",101,0.1162308,0.1221388,-0.02601245,0.07687749,0.09801158,0.7567431,0.1045238,0.1722449,1.388665
"2024-01-23 00:00:00",102,0.1266539,0.1357582,0.2785163,0.07704767,0.09871108,0.8881473,0.1044827,0.1727487,1.4613
"2024-01-24 00:00:00",103,0.1463372,0.1704933,1.479425,0.07788818,0.1012357,1.488678,0.1050669,0.1747965,1.796513
"2024-01-25 00:00:00",104,0.1492479,0.1816956,2.451795,0.0784247,0.1048622,2.426927,0.1058927,0.1791187,2.50657
"2024-01-26 00:00:00",105,0.1493354,0.1836799,2.666023,0.07875191,0.1065534,2.846904,0.1066081,0.182023,2.981635
"2024-01-27 00:00:00",106,0.1493449,0.1877938,3.332308,0.07926038,0.1087022,3.331437,0.1073405,0.184434,3.367219
"2024-01-28 00:00:00",107,0.1481464,0.181429,2.398142,0.07923076,0.1079308,3.151002,0.1078271,0.1849339,3.494939
"2024-01-29 00:00:00",108,0.1475306,0.1792745,2.131189,0.07893416,0.1067802,2.790643,0.1071812,0.1831492,3.235852
"2024-01-30 00:00:00",109,0.1470939,0.1796768,2.328692,0.07916342,0.1071357,2.815593,0.1072532,0.1828738,3.195942
"2024-01-31 00:00:00",110,0.1466216,0.180653,2.669079,0.07945815,0.1081974,3.046554,0.1077823,0.183772,3.335562
"2024-02-01 00:00:00",111,0.1459652,0.1797594,2.70845,0.07964264,0.1088067,3.171716,0.1082811,0.1845704,3.471018
"2024-02-02 00:00:00",112,0.1455873,0.181042,3.167434,0.07986683,0.1097774,3.378052,0.108497,0.1852925,3.593031
"2024-02-03 00:00:00",113,0.1460396,0.1891496,4.75252,0.0805379,0.113816,4.324636,0.1081771,0.1889282,4.14963
"2024-02-04 00:00:00",114,0.1454388,0.1883561,4.800516,0.08087783,0.115629,4.772929,0.1076637,0.1921438,4.686455
"2024-02-05 00:00:00",115,0.1441954,0.1825298,3.924383,0.08091774,0.1146116,4.49633,0.1076927,0.1919637,4.713416
"2024-02-06 00:00:00",116,0.1432795,0.1788315,3.480319,0.08066527,0.1129304,3.998182,0.1080585,0.1896353,4.368341
"2024-02-07 00:00:00",117,0.1431819,0.1819502,4.25474,0.08103443,0.1147748,4.386393,0.1079126,0.1905767,4.500244
"2024-02-08 00:00:00",118,0.1430564,0.185,4.930348,0.08159457,0.1167901,4.835288,0.1076111,0.1924729,4.810104
"2024-02-09 00:00:00",119,0.1422489,0.1832592,4.808673,0.08174808,0.1175919,4.989381,0.1073899,0.1938584,5.048181
"2024-02-10 00:00:00",120,0.1424559,0.1785314,3.978637,0.08172642,0.1165363,4.729937,0.107472,0.1933355,5.004723
"2024-02-11 00:00:00",121,0.1583474,0.1952723,2.954187,0.08122931,0.1133209,3.864973,0.1080703,0.1894748,4.439431
"2024-02-12 00:00:00",122,0.1595903,0.1934664,2.209205,0.08107394,0.1114908,3.313746,0.1085168,0.186705,3.988741
"2024-02-13 00:00:00",123,0.1586578,0.190204,1.906213,0.08090655,0.1100425,2.840041,0.1089226,0.1839458,3.528138
"2024-02-14 00:00:00",124,0.1575916,0.1884679,1.909449,0.08101165,0.109806,2.702144,0.109057,0.1828082,3.319666
"2024-02-15 00:00:00",125,0.1572805,0.1915078,2.626015,0.08141078,0.1110559,2.9215,0.1086598,0.1830886,3.328244
"2024-02-16 00:00:00",126,0.1568197,0.1943806,3.426992,0.08184464,0.1138594,3.585743,0.1086295,0.1860048,3.761071
"2024-02-17 00:00:00",127,0.1557515,0.1950254,3.799894,0.08228948,0.1153377,3.895088,0.108348,0.1877375,4.04433
"2024-02-18 00:00:00",128,0.1546305,0.1950095,4.12078,0.08260286,0.1173665,4.320932,0.1079713,0.1900918,4.4108
"2024-02-19 00:00:00",129,0.1528264,0.187525,3.286231,0.08254608,0.115834,3.932366,0.1081271,0.1891125,4.3021
"2024-02-20 00:00:00",130,0.1514638,0.185159,3.17175,0.08253665,0.1151306,3.65665,0.1083782,0.1875292,4.061419
"2024-02-21 00:00:00",131,0.1507124,0.1888333,4.186416,0.08316956,0.1177666,4.189092,0.1081151,0.189231,4.281861
"2024-02-22 00:00:00",132,0.1498067,0.1913705,4.951434,0.08370435,0.1205588,4.789042,0.1078309,0.192037,4.729192
"2024-02-23 00:00:00",133,0.1482721,0.1882669,4.762276,0.08393393,0.1213423,4.913984,0.1083388,0.1933689,4.975786
"2024-02-24 00:00:00",134,0.1464652,0.1832833,4.284717,0.08391636,0.1208363,4.7051,0.10817,0.1929154,4.927963
"2024-02-25 00:00:00",135,0.1446533,0.1795515,4.042873,0.08400578,0.1202886,4.476089,0.1079251,0.1918371,4.767784
"2024-02-26 00:00:00",136,0.1432876,0.1787283,4.263714,0.08432733,0.1208472,4.49936,0.1079466,0.1915864,4.722876
"2024-02-27 00:00:00",137,0.1421279,0.1806886,5.060401,0.08480931,0.1233285,4.974223,0.1088928,0.1933912,4.989748
"2024-02-28 00:00:00",138,0.1408811,0.1830892,6.000975,0.08563451,0.1271707,5.814109,0.1098773,0.1971005,5.580625
"2024-02-29 00:00:00",139,0.1378319,0.1693452,3.940996,0.08497757,0.1229734,4.845496,0.1088958,0.1946432,5.297771
"2024-03-01 00:00:00",140,0.1362288,0.1659439,3.627068,0.08481597,0.1212369,4.281736,0.1079832,0.1913201,4.757682
"2024-03-02 00:00:00",141,0.1351778,0.1667392,4.174539,0.08514673,0.1222979,4.404358,0.1080613,0.1909977,4.673632
"2024-03-03 00:00:00",142,0.1344998,0.1728141,5.702074,0.08594708,0.1264684,5.257371,0.1094227,0.1940528,5.118379
"2024-03-04 00:00:00",143,0.1331192,0.1709385,5.798597,0.08639137,0.1292388,5.876503,0.1102869,0.1977811,5.751942
"2024-03-05 00:00:00",144,0.133109,0.1679176,5.220619,0.08641057,0.1281741,5.536547,0.1101612,0.1970474,5.674443
"2024-03-06 00:00:00",145,0.1421904,0.1782181,5.274804,0.08657323,0.1281814,5.421288,0.1099139,0.1963944,5.559546
"2024-03-07 00:00:00",146,0.1459774,0.1857112,5.526981,0.08680501,0.1292951,5.591997,0.1101843,0.1970398,5.66169
"2024-03-08 00:00:00",147,0.1461706,0.1903918,6.33068,0.08741429,0.1319358,6.095484,0.1105621,0.1990399,5.971066
"2024-03-09 00:00:00",148,0.1448913,0.1899754,6.580859,0.08781528,0.133816,6.462314,0.1108524,0.2011329,6.321441
"2024-03-10 00:00:00",149,0.1425621,0.1826162,5.671865,0.08740756,0.1320718,6.023499,0.1105763,0.2000749,6.206444
"2024-03-11 00:00:00",150,0.1405935,0.1804509,5.761463,0.08740553,0.1321185,5.924168,0.1103568,0.1990905,6.057485
"2024-03-12 00:00:00",151,0.1385637,0.1802424,6.337072,0.08771884,0.1337487,6.220239,0.110546,0.2000232,6.194372
"2024-03-13 00:00:00",152,0.1363129,0.1806735,7.098893,0.08820378,0.1365817,6.813191,0.1108778,0.2025477,6.600029
"2024-03-14 00:00:00",153,0.1340632,0.1771945,7.024416,0.08843122,0.1377559,7.045177,0.1111714,0.2045026,6.931766
"2024-03-15 00:00:00",154,0.1327571,0.1717653,6.235181,0.08812964,0.1356841,6.514073,0.1107948,0.2026668,6.672381
"2024-03-16 00:00:00",155,0.133049,0.173341,6.584227,0.08832736,0.136885,6.658472,0.1108838,0.2028629,6.670757
"2024-03-17 00:00:00",156,0.1330728,0.1717134,6.254339,0.08832578,0.1364143,6.494748,0.1108148,0.2025578,6.623527
"2024-03-18 00:00:00",157,0.1350349,0.1802668,7.598595,0.08891486,0.1396988,7.053907,0.1111212,0.2042755,6.835592
"2024-03-19 00:00:00",158,0.1381549,0.1843379,7.706206,0.08926894,0.1417895,7.476677,0.1115129,0.2071423,7.293399
"2024-03-20 00:00:00",159,0.1380382,0.186527,8.053834,0.08943754,0.1432083,7.745357,0.1116401,0.2085891,7.540944
"2024-03-21 00:00:00",160,0.1361307,0.1865625,8.534388,0.08958821,0.1450764,8.137912,0.1119644,0.2104484,7.859519
"2024-03-22 00:00:00",161,0.1333773,0.1844307,8.834845,0.08967204,0.1464355,8.454211,0.1122777,0.2122,8.166888
"2024-03-23 00:00:00",162,0.1302049,0.1820168,9.189433,0.08975343,0.1478111,8.779937,0.1122214,0.2139198,8.46531
"2024-03-24 00:00:00",163,0.1268199,0.1795581,9.725736,0.08986985,0.149757,9.242327,0.1122439,0.2159319,8.837577
"2024-03-25 00:00:00",164,0.1236368,0.1729931,9.200219,0.08988673,0.1498275,9.293016,0.1119736,0.2168637,9.056117
"2024-03-26 00:00:00",165,0.1216285,0.1665358,8.194146,0.08915158,0.1463348,8.466574,0.1112395,0.2136677,8.583142
"2024-03-27 00:00:00",166,0.119873,0.1634008,8.027259,0.08898155,0.1454141,8.202468,0.1107108,0.2119113,8.304836
"2024-03-28 00:00:00",167,0.1172413,0.1595886,7.772547,0.08874393,0.1444218,7.951183,0.1103506,0.2105834,8.095222
"2024-03-29 00:00:00",168,0.1151177,0.158386,8.309384,0.08865781,0.1451317,8.134548,0.1102419,0.2106804,8.111878
"2024-03-30 00:00:00",169,0.1138076,0.1606266,9.429147,0.08914004,0.1486331,8.934544,0.1106395,0.2137224,8.59962
"2024-03-31 00:00:00",170,0.1126294,0.1584144,9.557516,0.08914512,0.1494957,9.173363,0.1108066,0.2153456,8.907545
"2024-04-01 00:00:00",171,0.1104095,0.1540031,9.367295,0.08915399,0.1499155,9.347754,0.1107895,0.216589,9.149887
"2024-04-02 00:00:00",172,0.108082,0.1495504,8.996391,0.08857341,0.1479694,8.981644,0.1100657,0.2148043,8.952953
"2024-04-03 00:00:00",173,0.1059666,0.147123,9.123055,0.08822012,0.1473736,8.916986,0.1096204,0.2140077,8.872335
"2024-04-04 00:00:00",174,0.1033453,0.1451435,9.766326,0.08795692,0.1483235,9.308288,0.1093659,0.2148683,9.091283
"2024-04-05 00:00:00",175,0.09978341,0.1414088,10.53237,0.08746146,0.1492237,9.913662,0.1089285,0.2162479,9.529222
"2024-04-06 00:00:00",176,0.09542503,0.1361693,11.34661,0.08660037,0.1499169,10.58218,0.1077748,0.2170356,10.04897
"2024-04-07 00:00:00",177,0.0905952,0.124645,10.23943,0.0857107,0.1476506,10.52023,0.1067244,0.2162522,10.31163
"2024-04-08 00:00:00",178,0.087,0.1153854,8.721364,0.08404011,0.1406741,9.177958,0.1052449,0.2090025,9.46839
"2024-04-09 00:00:00",179,0.08478983,0.1125424,9.051914,0.08317481,0.1394962,9.1448,0.1052853,0.2060447,9.225341
"2024-04-10 00:00:00",180,0.08292481,0.1095514,9.429886,0.08221379,0.1382496,9.242341,0.104447,0.2038268,9.214376
"2024-04-11 00:00:00",181,0.08165364,0.1089586,10.50894,0.08145128,0.1389669,9.87032,0.1029644,0.2034141,9.57072
"2024-04-12 00:00:00",182,0.08032931,0.1072695,11.19083,0.08061589,0.1393398,10.48891,0.1016311,0.2033956,10.07979
"2024-04-13 00:00:00",183,0.07939638,0.1064043,12.05885,0.07978981,0.1396849,11.1247,0.100184,0.2028444,10.58429
"2024-04-14 00:00:00",184,0.07928089,0.1083,13.67448,0.07932284,0.1420133,12.24294,0.09907837,0.2036517,11.39078
"2024-04-15 00:00:00",185,0.07825226,0.1061388,14.0572,0.07868355,0.1423316,12.94621,0.09761288,0.2034999,12.14132
"2024-04-16 00:00:00",186,0.07718114,0.1027246,13.79239,0.07815766,0.1416683,13.28053,0.09633245,0.2021451,12.60125
"2024-04-17 00:00:00",187,0.07656939,0.1010658,13.47218,0.07740895,0.1388426,12.82785,0.09506238,0.1980333,12.39777
"2024-04-18 00:00:00",188,0.07652146,0.1017191,14.15967,0.0770614,0.139339,13.261,0.09394423,0.1966403,12.66424
"2024-04-19 00:00:00",189,0.07653442,0.1030472,15.11304,0.07672476,0.1404926,13.95825,0.09297658,0.1963693,13.17703
"2024-04-20 00:00:00",190,0.121678,0.1498997,15.88569,0.1032316,0.1882685,14.8044,0.09788793,0.2100299,13.84793
"2024-04-21 00:00:00",191,0.2763973,0.2577665,15.287,0.2363407,0.4183683,14.90738,0.2190281,0.472184,14.36371
"2024-04-22 00:00:00",192,0.2513446,0.2439583,14.77516,0.215721,0.3895164,14.34955,0.2360495,0.4932953,13.96899
"2024-04-23 00:00:00",193,0.2346346,0.2367217,14.93031,0.2070366,0.3774994,14.33779,0.2345849,0.493711,13.8985
"2024-04-24 00:00:00",194,0.2194708,0.233479,16.05592,0.1998918,0.3730201,14.90867,0.2320452,0.4971191,14.19033
"2024-04-25 00:00:00",195,0.2046725,0.2238133,16.18317,0.1936046,0.3675138,15.26785,0.2292154,0.501104,14.59884
"2024-04-26 00:00:00",196,0.1922716,0.2113592,15.66631,0.1887935,0.3610102,15.36125,0.2264233,0.5023203,14.83355
"2024-04-27 00:00:00",197,0.1838746,0.1994464,14.50559,0.1854534,0.3485545,14.5997,0.2236166,0.494403,14.39174
"2024-04-28 00:00:00",198,0.1795315,0.1902825,13.10981,0.1833602,0.3361619,13.60431,0.221508,0.4837331,13.70245
"2024-04-29 00:00:00",199,0.183196,0.195504,13.101,0.181817,0.3290164,12.97347,0.2197984,0.4736838,13.00963
"2024-04-30 00:00:00",200,0.1834553,0.2024687,14.07156,0.1795218,0.3315529,13.45722,0.2181584,0.4744793,13.16798
"2024-05-01 00:00:00",201,0.1777736,0.2048054,15.21563,0.1766608,0.3352846,14.20279,0.2163282,0.4784962,13.64914
"2024-05-02 00:00:00",202,0.1687246,0.1965624,15.14187,0.1734848,0.3346538,14.63884,0.214227,0.4820416,14.15569
"2024-05-03 00:00:00",203,0.1597471,0.1863583,14.56999,0.1700568,0.3263296,14.2163,0.211727,0.4758124,13.96555
"2024-05-04 00:00:00",204,0.2593238,0.2543867,16.88469,0.2486963,0.398346,16.66335,0.2642352,0.5139378,16.10824
"2024-05-05 00:00:00",205,0.2738897,0.232347,15.40449,0.2466232,0.3613102,15.41253,0.2796409,0.5326843,15.34976
"2024-05-06 00:00:00",206,0.2529764,0.2262175,15.02394,0.2293485,0.339698,15.0138,0.2721891,0.5220926,14.75254
"2024-05-07 00:00:00",207,0.2466638,0.2167443,13.41057,0.2235025,0.3248464,13.90542,0.2678428,0.5079321,14.05783
"2024-05-08 00:00:00",208,0.2347792,0.2086922,13.01459,0.2184289,0.313762,13.14311,0.2640586,0.4934822,13.31049
"2024-05-09 00:00:00",209,0.2227014,0.1997449,12.78152,0.2131294,0.304773,12.79947,0.2603326,0.4824896,12.93827
"2024-05-10 00:00:00",210,0.2124603,0.1982892,13.76581,0.2085743,0.3028664,13.11186,0.2570986,0.477787,12.92224
"2024-05-11 00:00:00",211,0.2028831,0.1906467,13.6635,0.2048709,0.3021507,13.55335,0.2543867,0.4786867,13.33842
"2024-05-12 00:00:00",212,0.1960471,0.1828091,12.97365,0.2015799,0.2942704,12.99808,0.2514102,0.4701863,13.02278
"2024-05-13 00:00:00",213,0.1893961,0.1829172,13.98952,0.1984271,0.2938931,13.31429,0.248519,0.4663024,13.05585
"2024-05-14 00:00:00",214,0.1806709,0.1835908,15.65217,0.1945554,0.2982531,14.32569,0.2454731,0.4693497,13.67843
"2024-05-15 00:00:00",215,0.169967,0.1794941,16.89914,0.1900737,0.3029819,15.56093,0.2426617,0.4765791,14.681
"2024-05-16 00:00:00",216,0.1603587,0.1706841,16.61529,0.1861221,0.2998312,15.75257,0.2394457,0.4764874,15.13611
"2024-05-17 00:00:00",217,0.1509601,0.1645539,17.09086,0.1812649,0.2963356,15.94957,0.2359768,0.4730592,15.32378
"2024-05-18 00:00:00",218,0.2213348,0.2219454,17.92709,0.2331544,0.3434581,17.7318,0.2622149,0.4962436,17.15461
"2024-05-19 00:00:00",219,0.2820405,0.2422756,17.88029,0.2558993,0.3465134,17.7144,0.2800208,0.5107428,17.4975
"2024-05-20 00:00:00",220,0.2577702,0.2406736,18.11275,0.2354266,0.3281592,17.38053,0.2739932,0.5054244,16.87401
"2024-05-21 00:00:00",221,0.2370341,0.228788,17.87261,0.2248915,0.3190547,17.3374,0.2693529,0.5011611,16.85787
"2024-05-22 00:00:00",222,0.2242941,0.215883,16.9317,0.2184075,0.3082808,16.79313,0.2655011,0.4925332,16.54874
"2024-05-23 00:00:00",223,0.2150682,0.2068965,16.06161,0.2134256,0.2979397,15.93244,0.2618865,0.4805169,15.91062
"2024-05-24 00:00:00",224,0.2028251,0.1990492,16.39,0.2082478,0.2940828,16.01946,0.2580575,0.4738498,15.7708
"2024-05-25 00:00:00",225,0.1912623,0.1856442,15.42092,0.2035576,0.2852867,15.4841,0.2544384,0.4648066,15.47326
"2024-05-26 00:00:00",226,0.1822817,0.1809324,15.95224,0.1995075,0.2819746,15.54792,0.2507096,0.4573061,15.30404
"2024-05-27 00:00:00",227,0.174514,0.1746157,15.86555,0.196092,0.277016,15.36543,0.2476662,0.4513596,15.19579
"2024-05-28 00:00:00",228,0.165262,0.172594,17.21444,0.1914809,0.2781383,16.06141,0.2444776,0.450343,15.53034
"2024-05-29 00:00:00",229,0.1538018,0.1685122,18.59795,0.1848146,0.2782196,17.06977,0.2401793,0.4516842,16.25482
"2024-05-30 00:00:00",230,0.1413157,0.1635444,19.51687,0.1765241,0.2741359,17.98164,0.2345067,0.4510169,17.04935
"2024-05-31 00:00:00",231,0.1258097,0.1461525,19.91983,0.1661903,0.2628168,18.43397,0.2271799,0.4437015,17.5319
"2024-06-01 00:00:00",232,0.1135499,0.1287459,19.7955,0.1549817,0.2490722,18.70763,0.219297,0.4336664,17.89365
"2024-06-02 00:00:00",233,0.2513703,0.2470604,21.09265,0.2489198,0.3382688,20.68628,0.270004,0.4579021,19.86137
"2024-06-03 00:00:00",234,0.3068366,0.2896024,19.77167,0.2608722,0.3597079,19.63073,0.2859054,0.4709701,19.33845
"2024-06-04 00:00:00",235,0.2809908,0.2791618,19.28977,0.2439787,0.3428748,18.88291,0.2865785,0.4748805,18.37518
"2024-06-05 00:00:00",236,0.2631279,0.2702278,19.52581,0.2361142,0.3346504,18.62966,0.2849939,0.4726052,18.07518
"2024-06-06 00:00:00",237,0.2457051,0.2609284,20.17785,0.2323587,0.336435,18.99088,0.2853585,0.4760756,18.25645
"2024-06-07 00:00:00",238,0.2327431,0.2559982,21.2605,0.2348907,0.3481651,19.6377,0.2894283,0.4822011,18.65191
"2024-06-08 00:00:00",239,0.2227405,0.2492342,21.51804,0.2399537,0.3602047,20.14346,0.2951463,0.4936877,19.13486
"2024-06-09 00:00:00",240,0.2169758,0.2471231,22.00764,0.2475014,0.3719074,20.41425,0.3035979,0.5192963,19.38418
"2024-06-10 00:00:00",241,0.2148199,0.2504126,22.44512,0.2551117,0.3864471,20.88722,0.3117217,0.5660177,19.7992
"2024-06-11 00:00:00",242,0.2110605,0.2465899,22.84766,0.2617604,0.4168374,21.25575,0.3197128,0.6269848,20.1509
"2024-06-12 00:00:00",243,0.2167011,0.2516987,23.51172,0.2626061,0.4625538,21.68433,0.3197935,0.6543669,20.52293
"2024-06-13 00:00:00",244,0.2001842,0.2407297,24.12188,0.2528377,0.4827769,22.27161,0.3145623,0.6602264,21.0298
"2024-06-14 00:00:00",245,0.178744,0.219791,24.06493,0.2422781,0.4929636,22.49409,0.3101174,0.6636107,21.36746
"2024-06-15 00:00:00",246,0.1599098,0.2013672,23.9498,0.2333632,0.5010707,22.77724,0.3056295,0.6665143,21.70662
"2024-06-16 00:00:00",247,0.2830759,0.2827099,24.21107,0.2950384,0.4721641,23.92332,0.3276277,0.590501,23.138
"2024-06-17 00:00:00",248,0.3177036,0.2991354,22.96256,0.2769678,0.3606719,22.66704,0.3154969,0.5264181,22.25072
"2024-06-18 00:00:00",249,0.2853756,0.2821501,22.18458,0.2565906,0.3414292,21.732,0.3102273,0.5245458,21.29531
"2024-06-19 00:00:00",250,0.2624536,0.2633677,21.5806,0.2474406,0.3338991,21.17038,0.3053975,0.513773,20.84221
"2024-06-20 00:00:00",251,0.2461644,0.2537348,21.84646,0.2412031,0.3303795,20.97655,0.3012424,0.5075552,20.54453
"2024-06-21 00:00:00",252,0.2311531,0.2411639,21.83106,0.2364121,0.3298326,21.29009,0.2977265,0.5069073,20.7426
"2024-06-22 00:00:00",253,0.2230205,0.2301843,21.04227,0.2332882,0.3239388,20.78846,0.2950208,0.5010129,20.49377
"2024-06-23 00:00:00",254,0.236845,0.2516108,21.54948,0.2307599,0.3248026,20.67356,0.2922099,0.4961333,20.2553
"2024-06-24 00:00:00",255,0.2327636,0.2593411,23.13551,0.226895,0.3328804,21.63899,0.2891309,0.5004093,20.78712
"2024-06-25 00:00:00",256,0.2194795,0.2519882,24.16531,0.2218628,0.3358356,22.47121,0.2857699,0.5048577,21.44165
"2024-06-26 00:00:00",257,0.202109,0.2366973,24.78547,0.215664,0.3338967,23.07413,0.2818013,0.5071152,21.99478
"2024-06-27 00:00:00",258,0.1853693,0.2172125,24.52676,0.2087746,0.3285238,23.44502,0.2775595,0.5075388,22.48165
"2024-06-28 00:00:00",259,0.171914,0.2016117,24.2724,0.201804,0.3189751,23.19979,0.2731362,0.5014787,22.40729
"2024-06-29 00:00:00",260,0.2606116,0.2870624,25.71397,0.2533882,0.373632,24.68905,0.292076,0.5236667,23.51597
"2024-06-30 00:00:00",261,0.3108172,0.3244916,24.95788,0.2638794,0.3717757,24.15173,0.2991168,0.5269588,23.32462
"2024-07-01 00:00:00",262,0.3102243,0.3437295,24.40922,0.2546969,0.3688234,23.58508,0.2943667,0.5188535,22.89567
"2024-07-02 00:00:00",263,0.3132048,0.3615717,24.54397,0.2597582,0.3862105,23.65328,0.2949954,0.5237597,22.91687
"2024-07-03 00:00:00",264,0.2908128,0.3354859,24.27284,0.2481644,0.3698091,23.46231,0.2919221,0.5197848,22.84413
"2024-07-04 00:00:00",265,0.268542,0.3069906,23.6419,0.2389332,0.3547003,23.0437,0.2874597,0.5126607,22.59804
"2024-07-05 00:00:00",266,0.2475267,0.2845624,23.59932,0.2307455,0.3422601,22.79106,0.2822419,0.5037547,22.32929
"2024-07-06 00:00:00",267,0.2286798,0.2657121,23.86397,0.2237063,0.3334365,22.87951,0.2771992,0.4972592,22.31411
"2024-07-07 00:00:00",268,0.2098529,0.2460939,24.07747,0.216101,0.324783,23.03892,0.2715541,0.4909579,22.42279
"2024-07-08 00:00:00",269,0.189059,0.2242637,24.40041,0.2066734,0.3148441,23.27557,0.264531,0.4830762,22.59523
"2024-07-09 00:00:00",270,0.1663298,0.2015885,24.87188,0.1940469,0.3016028,23.59383,0.2560466,0.4730428,22.83099
"2024-07-10 00:00:00",271,0.1451881,0.1821368,25.27388,0.1785304,0.2839898,23.94002,0.2456991,0.460287,23.12771
"2024-07-11 00:00:00",272,0.128189,0.1670055,25.81036,0.1596077,0.2621388,24.35597,0.2328954,0.4434399,23.46616
"2024-07-12 00:00:00",273,0.2235024,0.2849281,27.45853,0.2115425,0.3473864,26.65423,0.2593231,0.4703179,25.45194
"2024-07-13 00:00:00",274,0.3125234,0.3635795,26.0849,0.2544265,0.4179621,25.66447,0.292242,0.4974204,25.13198
"2024-07-14 00:00:00",275,0.2840465,0.3389421,25.38624,0.2354198,0.3911161,24.81862,0.2849762,0.4855568,24.26672
"2024-07-15 00:00:00",276,0.2696741,0.3220946,25.17117,0.2253427,0.3764832,24.47769,0.2782644,0.478379,23.95954
"2024-07-16 00:00:00",277,0.2495196,0.3009556,25.05248,0.2167038,0.3637606,24.39433,0.2713714,0.4716163,23.88003
"2024-07-17 00:00:00",278,0.2302141,0.2810615,25.38275,0.2092414,0.3528388,24.42435,0.2641382,0.4640304,23.82737
"2024-07-18 00:00:00",279,0.2118961,0.2618002,25.62262,0.2008885,0.342031,24.58279,0.2563384,0.4566552,23.94555
"2024-07-19 00:00:00",280,0.1924803,0.2389848,25.71758,0.1917773,0.3294456,24.82668,0.2476958,0.448279,24.16138
"2024-07-20 00:00:00",281,0.1730673,0.2167198,25.6352,0.1809396,0.3124463,24.73173,0.2377828,0.4350315,24.14985
"2024-07-21 00:00:00",282,0.1528718,0.1970122,26.19269,0.1670969,0.2935809,25.07547,0.2254468,0.4198042,24.34646
"2024-07-22 00:00:00",283,0.1344734,0.1774009,26.24878,0.1530851,0.27514,25.18467,0.2101736,0.3992108,24.5027
"2024-07-23 00:00:00",284,0.1207977,0.1608554,26.26275,0.138118,0.2711259,25.27239,0.1912666,0.3717907,24.61331
"2024-07-24 00:00:00",285,0.1130618,0.14931,26.0819,0.1220942,0.2534721,25.20488,0.1726933,0.3429893,24.61699
"2024-07-25 00:00:00",286,0.1087471,0.1436481,26.49642,0.1089671,0.230114,25.36607,0.1555197,0.3166557,24.68594
"2024-07-26 00:00:00",287,0.1058954,0.1397791,27.03564,0.1007967,0.2143978,25.80474,0.1402847,0.2938808,24.98526
"2024-07-27 00:00:00",288,0.1060331,0.1339601,27.6717,0.09772892,0.2027536,26.19183,0.1299143,0.2753447,25.2795
"2024-07-28 00:00:00",289,0.340573,0.442656,25.87388,0.2640749,0.5042886,25.4383,0.2530753,0.4579816,25.30972
"2024-07-29 00:00:00",290,0.3021041,0.3831233,25.17521,0.2466448,0.4837666,25.15747,0.2716645,0.4710381,24.93212
"2024-07-30 00:00:00",291,0.2776275,0.3455814,24.06111,0.2350504,0.4538423,24.19981,0.2644089,0.45746,24.18721
"2024-07-31 00:00:00",292,0.2570265,0.3210772,23.49295,0.2264497,0.4339491,23.51669,0.257041,0.4467546,23.53698
"2024-08-01 00:00:00",293,0.2412232,0.3055978,23.70802,0.2192437,0.4206244,23.24273,0.2506357,0.4398139,23.12732
"2024-08-02 00:00:00",294,0.2296035,0.2928347,24.26295,0.2142075,0.4123361,23.46329,0.2474497,0.4401814,23.11304
"2024-08-03 00:00:00",295,0.2185889,0.2820972,25.15648,0.2094389,0.4071158,23.99748,0.2470359,0.4467658,23.39375
"2024-08-04 00:00:00",296,0.2066469,0.2702604,25.93895,0.2046248,0.4034451,24.59187,0.2481406,0.4566496,23.82836
"2024-08-05 00:00:00",297,0.1942584,0.2549745,26.23459,0.1996858,0.3992061,25.11385,0.2484579,0.4655031,24.30618
"2024-08-06 00:00:00",298,0.1822366,0.2406878,26.41352,0.1939215,0.3908312,25.14167,0.2475228,0.4692795,24.42275
"2024-08-07 00:00:00",299,0.1674387,0.2250303,27.1061,0.1853139,0.381926,25.66579,0.2441185,0.4727888,24.80194
"2024-08-08 00:00:00",300,0.1532139,0.2079161,27.13363,0.1757614,0.3699466,25.97824,0.2401048,0.4761216,25.14747
"2024-08-09 00:00:00",301,0.1406448,0.1910388,26.69193,0.1659583,0.3501869,25.75262,0.2374642,0.4764732,25.11116
"2024-08-10 00:00:00",302,0.2264255,0.3235505,27.75286,0.2147457,0.4416527,27.43654,0.2641658,0.5186576,26.64978
"2024-08-11 00:00:00",303,0.305556,0.4046315,26.4995,0.2523214,0.5104116,26.27808,0.2860199,0.5342783,25.92287
"2024-08-12 00:00:00",304,0.2812341,0.3746051,25.89714,0.2370683,0.4795541,25.52544,0.2792276,0.5223846,25.14305
"2024-08-13 00:00:00",305,0.2621507,0.3473849,25.1444,0.2284373,0.4598279,24.95052,0.2739329,0.5143349,24.72494
"2024-08-14 00:00:00",306,0.2659233,0.3515401,24.43299,0.2243896,0.4498166,24.51134,0.2702015,0.5076998,24.38011
"2024-08-15 00:00:00",307,0.2680107,0.3581541,24.04812,0.2250648,0.4495518,23.90186,0.2672305,0.5024525,23.83933
"2024-08-16 00:00:00",308,0.2505706,0.3366182,24.08162,0.219876,0.4412024,23.79039,0.2627251,0.498029,23.64431
"2024-08-17 00:00:00",309,0.2347519,0.3161315,24.01369,0.2131535,0.4281743,23.70717,0.2572994,0.4913872,23.53646
"2024-08-18 00:00:00",310,0.2192301,0.2912356,23.3193,0.2060554,0.4116536,23.40893,0.2516681,0.4836799,23.35396
"2024-08-19 00:00:00",311,0.2082155,0.2771488,23.37805,0.2003388,0.3976113,23.10066,0.2477469,0.4763124,23.01449
"2024-08-20 00:00:00",312,0.1965127,0.2653714,24.05609,0.1928529,0.3865373,23.38593,0.2425153,0.4715108,23.0961
"2024-08-21 00:00:00",313,0.1833633,0.2511601,24.38312,0.1825112,0.3701672,23.71581,0.2356333,0.4653025,23.34823
"2024-08-22 00:00:00",314,0.1697788,0.2303436,24.241,0.1723214,0.3516054,23.94017,0.2283827,0.4574111,23.58948
"2024-08-23 00:00:00",315,0.1607568,0.2145989,23.37929,0.1655143,0.3346537,23.47532,0.2234094,0.4485431,23.3777
"2024-08-24 00:00:00",316,0.2355038,0.32359,23.09133,0.2105662,0.4179485,23.12386,0.2440389,0.5104302,23.02584
"2024-08-25 00:00:00",317,0.3251345,0.4072373,22.85952,0.2671858,0.51148,22.86304,0.2829656,0.6010438,22.84955
"2024-08-25 00:00:00",317,0.3251345,0.4072373,22.85952,0.2671858,0.51148,22.86304,0.2829656,0.6010438,22.84955
"2024-08-26 00:00:00",318,0.3043772,0.3773964,22.40535,0.247357,0.4755009,22.57129,0.276254,0.5807762,22.58803
"2024-08-27 00:00:00",319,0.3103501,0.3874426,21.93792,0.2571483,0.4955641,22.04922,0.2808387,0.589848,22.16667
"2024-08-28 00:00:00",320,0.2888883,0.3575695,21.53487,0.2424578,0.4638503,21.74434,0.2756824,0.5792711,21.88124
"2024-08-29 00:00:00",321,0.2697698,0.3339373,21.3892,0.2307633,0.4410258,21.5209,0.2694306,0.5660709,21.63608
"2024-08-30 00:00:00",322,0.2518348,0.3117388,21.28866,0.2197563,0.4203883,21.39171,0.2628826,0.5528376,21.48228
"2024-08-31 00:00:00",323,0.2356825,0.2924732,21.27065,0.2088171,0.4017943,21.3194,0.2559711,0.5396863,21.37953
"2024-09-01 00:00:00",324,0.2184212,0.2706167,20.99184,0.1963341,0.3794856,21.12276,0.2488164,0.5244328,21.23332
"2024-09-02 00:00:00",325,0.2022769,0.2534917,21.59237,0.1836374,0.3599841,21.32255,0.2415642,0.5116217,21.24587
"2024-09-03 00:00:00",326,0.1866911,0.233592,21.61594,0.1713285,0.3392596,21.46138,0.2345369,0.5004712,21.39057
"2024-09-04 00:00:00",327,0.1703007,0.2128215,21.61586,0.1575331,0.3132398,21.47253,0.226122,0.4857463,21.4141
"2024-09-05 00:00:00",328,0.154613,0.1964535,22.49533,0.1427521,0.2866574,21.91533,0.2153739,0.4691027,21.64006
"2024-09-06 00:00:00",329,0.1405312,0.1782796,22.16279,0.1306206,0.2621769,22.04665,0.2040676,0.449631,21.88548
"2024-09-07 00:00:00",330,0.2305757,0.3046007,22.99305,0.1986676,0.387464,23.1953,0.2405627,0.4944982,22.86036
"2024-09-08 00:00:00",331,0.3035196,0.3741153,21.99323,0.2462548,0.498466,22.31588,0.2772527,0.5312724,22.34808
"2024-09-09 00:00:00",332,0.2797988,0.3469941,21.25647,0.2284374,0.465016,21.5277,0.268958,0.5182748,21.62996
"2024-09-10 00:00:00",333,0.2600251,0.3245922,20.95177,0.2157418,0.4397276,21.18966,0.2616639,0.5055031,21.30145
"2024-09-11 00:00:00",334,0.240601,0.304699,21.0199,0.2024357,0.416557,21.09385,0.2537593,0.4939172,21.13773
"2024-09-12 00:00:00",335,0.2215073,0.28207,20.86161,0.1900502,0.3941014,21.04678,0.2462372,0.4837518,21.0913
"2024-09-13 00:00:00",336,0.2010972,0.2542051,20.26232,0.176773,0.3659427,20.65036,0.2384229,0.4701912,20.83755
"2024-09-14 00:00:00",337,0.178687,0.2244523,19.65369,0.1619568,0.3328397,20.13342,0.2292192,0.4524792,20.42616
"2024-09-15 00:00:00",338,0.1603503,0.2003323,19.13658,0.1495368,0.3035989,19.63206,0.2203048,0.4351381,19.98852
"2024-09-16 00:00:00",339,0.1467771,0.183001,18.86241,0.1402007,0.2825082,19.42172,0.2120191,0.4201862,19.74405
"2024-09-17 00:00:00",340,0.1381644,0.1748733,19.08854,0.1331947,0.2675766,19.33347,0.2040029,0.4065048,19.56879
"2024-09-18 00:00:00",341,0.1302557,0.1677517,19.45486,0.1245655,0.2511865,19.54429,0.1933312,0.3903172,19.6461
"2024-09-19 00:00:00",342,0.1227148,0.1549315,18.32878,0.1175427,0.2339192,18.96058,0.1819784,0.369633,19.35736
"2024-09-20 00:00:00",343,0.1176251,0.1481266,18.08552,0.1124508,0.2224577,18.57549,0.1705309,0.3488966,18.96638
"2024-09-21 00:00:00",344,0.1147715,0.1448816,18.4149,0.1081575,0.2148312,18.60031,0.1593306,0.3306226,18.85158
"2024-09-22 00:00:00",345,0.1136682,0.140953,17.86873,0.1057277,0.2122671,18.55692,0.1540985,0.3210219,18.87361
"2024-09-23 00:00:00",346,0.114826,0.1425816,17.88975,0.1060239,0.2121425,18.21078,0.1534774,0.3175847,18.52661
"2024-09-24 00:00:00",347,0.1152838,0.142636,17.59606,0.1062458,0.2116839,18.06137,0.1519754,0.3154781,18.4005
"2024-09-25 00:00:00",348,0.1152576,0.1424524,17.45845,0.1061725,0.2101941,17.87253,0.149494,0.3113053,18.20854
"2024-09-26 00:00:00",349,0.1149443,0.14281,17.64933,0.1061952,0.2092013,17.88223,0.1461211,0.3063343,18.12938
"2024-09-27 00:00:00",350,0.1142781,0.1427517,17.97112,0.1061107,0.2079518,18.03157,0.1415889,0.2999749,18.18103
"2024-09-28 00:00:00",351,0.1130451,0.1414203,18.0636,0.1050526,0.2058994,18.16672,0.1361782,0.2924658,18.29166
"2024-09-29 00:00:00",352,0.1120909,0.1413475,18.49864,0.103197,0.2039309,18.39636,0.1311982,0.2847053,18.42171
"2024-09-30 00:00:00",353,0.1107833,0.1397423,18.5834,0.101585,0.201632,18.6017,0.1263499,0.2775179,18.61479
"2024-10-01 00:00:00",354,0.1097126,0.1393624,18.94805,0.100186,0.1994034,18.79512,0.1219912,0.2702947,18.74887
"2024-10-02 00:00:00",355,0.1079147,0.135571,18.53203,0.09867907,0.1957568,18.73185,0.1178166,0.2625228,18.80562
"2024-10-03 00:00:00",356,0.1060833,0.13147,17.90243,0.0972369,0.1910361,18.32832,0.1139694,0.2539698,18.56266
"2024-10-04 00:00:00",357,0.1048129,0.1290256,17.6447,0.09607255,0.1873139,18.04762,0.1104373,0.2462438,18.30881
"2024-10-05 00:00:00",358,0.1967696,0.2418198,18.11034,0.1650041,0.3044471,18.63674,0.1635636,0.3064218,18.61956
"2024-10-06 00:00:00",359,0.2983859,0.3325648,17.43092,0.2374972,0.4598357,18.06715,0.2576065,0.4132495,18.34697
"2024-10-07 00:00:00",360,0.2747309,0.308333,16.60942,0.2218521,0.4294787,17.3095,0.2497015,0.4033226,17.71902
"2024-10-08 00:00:00",361,0.2585039,0.2913046,16.08911,0.2126331,0.4082413,16.79538,0.2415541,0.3923651,17.26073
"2024-10-09 00:00:00",362,0.2435167,0.2759037,15.77106,0.2040322,0.3899274,16.44254,0.2333081,0.3826767,16.90435
"2024-10-10 00:00:00",363,0.2292032,0.262366,15.69532,0.1965814,0.3753706,16.23746,0.2252321,0.3741618,16.65376
"2024-10-11 00:00:00",364,0.214498,0.2478729,15.572,0.1873751,0.3594945,16.11403,0.2172051,0.3663473,16.50667
"2024-10-12 00:00:00",365,0.2001573,0.2343447,15.61302,0.1784161,0.3444973,16.06795,0.2098621,0.3590428,16.4089
"2024-10-13 00:00:00",366,0.1864112,0.2193677,15.37874,0.1696594,0.328536,15.95903,0.2027744,0.3519675,16.32741
"2024-10-14 00:00:00",367,0.1731865,0.2036193,15.00189,0.161357,0.3112119,15.67018,0.196303,0.3438489,16.10916
"2024-10-15 00:00:00",368,0.1601105,0.1923998,15.62505,0.1525027,0.296299,15.85882,0.1894871,0.3369194,16.09581
"2024-10-16 00:00:00",369,0.1471159,0.1764202,15.31837,0.1434009,0.2779555,15.82237,0.1821485,0.3290238,16.13999
"2024-10-17 00:00:00",370,0.1365519,0.1649587,15.39999,0.1348823,0.2606931,15.80951,0.1746757,0.3189978,16.0837
"2024-10-18 00:00:00",371,0.1275299,0.1555859,15.60916,0.1263689,0.2445989,15.92235,0.1664121,0.3075438,16.13723
"2024-10-19 00:00:00",372,0.2263177,0.2672858,14.51327,0.1987341,0.3394895,15.24478,0.216454,0.3500894,15.64116
"2024-10-20 00:00:00",373,0.297637,0.3363412,13.60223,0.2443109,0.4347077,14.46001,0.270395,0.4154316,15.08611
"2024-10-21 00:00:00",374,0.2920969,0.3328835,13.52887,0.2368403,0.4317456,14.29153,0.2648126,0.4218101,14.85547
"2024-10-22 00:00:00",375,0.2993293,0.3402816,13.50798,0.2464294,0.4594333,14.14515,0.2702608,0.45048,14.64916
"2024-10-23 00:00:00",376,0.2861022,0.317477,12.83206,0.2366396,0.4349797,13.71184,0.266243,0.4583798,14.34189
"2024-10-24 00:00:00",377,0.2759488,0.3044879,12.6146,0.2296301,0.4166052,13.40945,0.2617178,0.4568166,14.0126
"2024-10-25 00:00:00",378,0.2663405,0.2918414,12.30544,0.224003,0.4012424,13.1484,0.25753,0.4527701,13.76205
"2024-10-26 00:00:00",379,0.2569107,0.2780221,11.86961,0.2189266,0.3863536,12.79677,0.2536463,0.4465092,13.46182
"2024-10-27 00:00:00",380,0.2485557,0.266912,11.53231,0.2145303,0.373938,12.45087,0.2500866,0.4398648,13.13371
"2024-10-28 00:00:00",381,0.240826,0.2578087,11.33814,0.2106617,0.3642593,12.21779,0.2466351,0.4340835,12.87748
"2024-10-29 00:00:00",382,0.2344318,0.2539096,11.72269,0.2072601,0.3593455,12.32004,0.2433295,0.4308616,12.82065
"2024-10-30 00:00:00",383,0.2315556,0.2517476,11.84651,0.2040671,0.3552031,12.43447,0.2402705,0.428318,12.87759
"2024-10-31 00:00:00",384,0.2369782,0.253325,11.24227,0.2024457,0.3490805,12.1531,0.2379094,0.4237106,12.73898
"2024-11-01 00:00:00",385,0.2367904,0.2454815,9.955915,0.2019386,0.339403,11.27552,0.2356657,0.4152756,12.15446
"2024-11-02 00:00:00",386,0.2326697,0.2360432,9.102877,0.2009369,0.3306088,10.53033,0.2333363,0.405805,11.50297
"2024-11-03 00:00:00",387,0.2290069,0.2291517,8.591531,0.1999606,0.3228572,9.909283,0.2313553,0.3971171,10.89522
"2024-11-04 00:00:00",388,0.2265821,0.231196,9.381983,0.1991748,0.3230526,10.09496,0.2294731,0.393931,10.75591
"2024-11-05 00:00:00",389,0.2288852,0.2314795,9.149119,0.1986238,0.3213204,10.07998,0.2289854,0.3927368,10.77209
"2024-11-06 00:00:00",390,0.2294371,0.2244722,7.990467,0.1982563,0.3140847,9.438632,0.2273598,0.38694,10.38179
"2024-11-07 00:00:00",391,0.2369406,0.2291179,7.573625,0.1981867,0.308421,8.840845,0.2267983,0.3797991,9.811113
"2024-11-08 00:00:00",392,0.2363631,0.2228879,6.694453,0.1987522,0.3035384,8.229946,0.2252375,0.3734311,9.312763
"2024-11-09 00:00:00",393,0.2353642,0.2214277,6.674034,0.1989759,0.3003097,7.821271,0.2247337,0.3672111,8.808483
"2024-11-10 00:00:00",394,0.2370936,0.2298979,7.768483,0.1997225,0.3052424,8.294281,0.2243439,0.3681665,8.912177
"2024-11-11 00:00:00",395,0.2346324,0.2236935,7.120024,0.1997078,0.303913,8.216237,0.2234842,0.3684859,9.005422
"2024-11-12 00:00:00",396,0.2319934,0.219266,6.762196,0.1993742,0.3001556,7.891917,0.2225709,0.3650476,8.739694
"2024-11-13 00:00:00",397,0.2294383,0.2155322,6.588383,0.1987763,0.2972006,7.69357,0.2222015,0.3622062,8.52546
"2024-11-14 00:00:00",398,0.2270939,0.2126872,6.504059,0.1982531,0.2946449,7.572997,0.2213117,0.359687,8.370933
"2024-11-15 00:00:00",399,0.2242064,0.2050318,5.633895,0.1978002,0.2886722,7.039522,0.2204325,0.3553634,8.021568
"2024-11-16 00:00:00",400,0.2219809,0.2026813,5.500242,0.197089,0.2846554,6.690788,0.2201912,0.3508261,7.628316
"2024-11-17 00:00:00",401,0.2196313,0.1991866,5.352467,0.196448,0.2821752,6.611021,0.2192889,0.3484837,7.494108
"2024-11-18 00:00:00",402,0.2172902,0.1929003,4.656258,0.1959697,0.2761797,6.097663,0.2184494,0.3437452,7.121671
"2024-11-19 00:00:00",403,0.215458,0.1899666,4.401793,0.1953918,0.2717775,5.719773,0.2181842,0.3392386,6.73057
"2024-11-20 00:00:00",404,0.2140143,0.1890348,4.580512,0.1950731,0.2707537,5.772351,0.2176331,0.3377657,6.643803
"2024-11-21 00:00:00",405,0.2115969,0.1800146,3.314686,0.1945207,0.2630314,5.043553,0.2171277,0.3325828,6.215091
"2024-11-22 00:00:00",406,0.2100528,0.1764878,2.874187,0.1939637,0.2572703,4.452836,0.2165698,0.3263777,5.63463
"2024-11-23 00:00:00",407,0.208819,0.1743408,2.669943,0.1936498,0.2537428,4.133285,0.2161153,0.322291,5.261712
"2024-11-24 00:00:00",408,0.2077592,0.17383,2.719987,0.19326,0.251939,3.988447,0.2158608,0.3197663,5.028622
"2024-11-25 00:00:00",409,0.2072111,0.1758963,3.281796,0.1930299,0.2526893,4.181276,0.2157917,0.3195218,5.031523
"2024-11-26 00:00:00",410,0.2064801,0.1765281,3.548576,0.1927194,0.2544158,4.497524,0.2157347,0.3213632,5.251924
"2024-11-27 00:00:00",411,0.2214962,0.1906799,3.895153,0.1926116,0.2565005,4.774858,0.215583,0.3227898,5.435029
"2024-11-28 00:00:00",412,0.2943613,0.237872,3.918742,0.2200489,0.3012058,4.703229,0.2158801,0.3236626,5.426994
"2024-11-29 00:00:00",413,0.2876129,0.2068361,3.148309,0.2392002,0.3241899,4.382885,0.235904,0.3558126,5.254695
"2024-11-30 00:00:00",414,0.2796687,0.194126,2.510963,0.2354189,0.3108243,3.846587,0.2474547,0.3650367,4.831674
"2024-12-01 00:00:00",415,0.2744431,0.1872639,2.073422,0.2328099,0.300586,3.387562,0.2496483,0.3628038,4.407894
"2024-12-02 00:00:00",416,0.2706984,0.1832195,1.813797,0.2305077,0.2930956,3.069917,0.2496679,0.3599427,4.07645
"2024-12-03 00:00:00",417,0.268566,0.1812538,1.718528,0.2289506,0.2880099,2.881147,0.249309,0.3576856,3.844838
"2024-12-04 00:00:00",418,0.2675096,0.1803382,1.722804,0.2277418,0.2852632,2.819947,0.2488629,0.3567288,3.729089
"2024-12-05 00:00:00",419,0.2669908,0.1802488,1.800019,0.2272478,0.2837403,2.817936,0.2485356,0.3565997,3.676491
"2024-12-06 00:00:00",420,0.2661337,0.1797198,1.858481,0.2269159,0.2825407,2.856094,0.2481335,0.3570724,3.678969
"2024-12-07 00:00:00",421,0.2647863,0.1785585,1.833402,0.2259718,0.2805988,2.843866,0.2478575,0.3570296,3.659475
"2024-12-08 00:00:00",422,0.2631691,0.1772444,1.759136,0.2249592,0.2780031,2.782797,0.2474112,0.3564103,3.599563
"2024-12-09 00:00:00",423,0.2617379,0.1765444,1.726326,0.2243654,0.2755434,2.715529,0.2467901,0.3555212,3.520251
"2024-12-10 00:00:00",424,0.260755,0.1754313,1.700204,0.2234188,0.2732998,2.681575,0.2462431,0.3547083,3.470662
"2024-12-11 00:00:00",425,0.2584899,0.1720404,1.424047,0.2224426,0.2696728,2.526432,0.2458286,0.3531131,3.365555
"2024-12-12 00:00:00",426,0.2544731,0.168873,1.11645,0.2211176,0.2646464,2.228762,0.2451383,0.3499353,3.115379
"2024-12-13 00:00:00",427,0.2501618,0.166547,0.9294636,0.2194239,0.2603173,2.016351,0.2444343,0.3469935,2.901321
"2024-12-14 00:00:00",428,0.2464083,0.1646032,0.8607916,0.2178808,0.2564617,1.884817,0.2438778,0.3443974,2.74451
"2024-12-15 00:00:00",429,0.2437868,0.1631329,0.790553,0.2165356,0.2534481,1.804174,0.2427844,0.3423049,2.642235
"2024-12-16 00:00:00",430,0.2406968,0.1621877,0.7757441,0.2154481,0.251118,1.741992,0.2419437,0.3404217,2.557352
"2024-12-17 00:00:00",431,0.2403226,0.1625506,0.7396514,0.2144977,0.2492258,1.703359,0.2413373,0.338898,2.504193
"2024-12-18 00:00:00",432,0.2395695,0.162391,0.7568576,0.2136468,0.2477529,1.675472,0.2408379,0.3374807,2.452078
"2024-12-19 00:00:00",433,0.2402629,0.1630336,0.7697424,0.2129992,0.2468811,1.67861,0.2398553,0.3364855,2.435301
"2024-12-20 00:00:00",434,0.2402773,0.1631773,0.7713856,0.2130661,0.246188,1.667714,0.2392671,0.3355658,2.416085
"2024-12-21 00:00:00",435,0.2395156,0.1627721,0.7403151,0.2124442,0.2454069,1.643849,0.2386976,0.3346196,2.388033
"2024-12-22 00:00:00",436,0.237458,0.1619293,0.6859695,0.2119216,0.2441759,1.589663,0.2385824,0.3335054,2.335946
"2024-12-23 00:00:00",437,0.2355744,0.1612585,0.6400902,0.211267,0.2428428,1.535509,0.2382952,0.3323413,2.276522
"2024-12-24 00:00:00",438,0.2345246,0.1612437,0.6854137,0.2106503,0.2416854,1.521598,0.2371637,0.3312593,2.237048
"2024-12-25 00:00:00",439,0.2361697,0.1620627,0.7519004,0.2104566,0.2414545,1.58054,0.2367186,0.3309197,2.266753
"2024-12-26 00:00:00",440,0.2395775,0.1655975,1.01563,0.2105409,0.24261,1.692685,0.2362196,0.330967,2.322395
"2024-12-27 00:00:00",441,0.2469131,0.170204,1.485887,0.2119017,0.2469058,2.094568,0.235951,0.3336696,2.617446
"2024-12-28 00:00:00",442,0.2574897,0.1767642,1.959839,0.2143921,0.2525739,2.406904,0.236213,0.3361352,2.852637
"2024-12-29 00:00:00",443,0.2722546,0.1852299,2.612802,0.2244661,0.270224,2.830051,0.2376694,0.3418893,3.156922
"2024-12-30 00:00:00",444,0.2726685,0.1862062,2.728894,0.228339,0.2770841,3.113631,0.2418657,0.3526646,3.459821
"2024-12-31 00:00:00",445,0.2729962,0.1866665,2.718808,0.2278989,0.2770775,3.199861,0.2447894,0.3583057,3.589147
"2025-01-01 00:00:00",446,0.2693439,0.1803163,2.040475,0.2275497,0.2719773,2.920523,0.2458482,0.3584528,3.506292
