"TOA5","S4T","CR200X","23116","CR200X.Std.04","CSU_3depths.CR2","4256","Table3"
"TIMESTAMP","RECORD","VWC_1_Avg","EC_1_Avg","T_1_Avg","VWC_2_Avg","EC_2_Avg","T_2_Avg","VWC_3_Avg","EC_3_Avg","T_3_Avg"
"TS","RN","m^3/m^3","dS/m","Deg C","m^3/m^3","dS/m","Deg C","m^3/m^3","dS/m","Deg C"
"","","Avg","Avg","Avg","Avg","Avg","Avg","Avg","Avg","Avg"
"2023-10-13 00:00:00",0,0.09626725,0.1147336,14.54605,0.1718371,0.2636937,14.92768,0.2552049,0.2895859,15.42618
"2023-10-14 00:00:00",1,0.09459393,0.1098808,13.60866,0.1705491,0.2583132,14.41061,0.254427,0.2865164,15.12334
"2023-10-15 00:00:00",2,0.09307992,0.106124,12.70903,0.1681698,0.2503619,13.65453,0.2525178,0.2805069,14.53611
"2023-10-16 00:00:00",3,0.09237216,0.1049385,12.381,0.1659572,0.2442376,13.16428,0.2503384,0.2747175,13.99649
"2023-10-17 00:00:00",4,0.09184627,0.1052235,12.72095,0.1635039,0.2419639,13.29671,0.2481046,0.2720191,13.90804
"2023-10-18 00:00:00",5,0.09078257,0.1044712,12.88509,0.1608936,0.2390248,13.42161,0.2457615,0.269973,13.9493
"2023-10-19 00:00:00",6,0.08967663,0.1037412,13.07322,0.1585522,0.2355989,13.54564,0.2439629,0.2677734,13.9996
"2023-10-20 00:00:00",7,0.08875415,0.1034577,13.40968,0.1562596,0.2328429,13.77321,0.241535,0.2659499,14.11972
"2023-10-21 00:00:00",8,0.08741471,0.1018653,13.49409,0.1538894,0.2291027,13.90328,0.2385326,0.2640052,14.24327
"2023-10-22 00:00:00",9,0.08584753,0.09930588,13.30575,0.1512395,0.2236012,13.78977,0.2356904,0.2607532,14.20385
"2023-10-23 00:00:00",10,0.08459503,0.09733391,13.20351,0.1490794,0.2188073,13.68544,0.2331192,0.2571081,14.1154
"2023-10-24 00:00:00",11,0.08387519,0.09691241,13.42639,0.1472511,0.216139,13.79429,0.2304023,0.2542737,14.12927
"2023-10-25 00:00:00",12,0.0827217,0.09437458,13.09813,0.1456061,0.211946,13.63687,0.2277811,0.251262,14.08198
"2023-10-26 00:00:00",13,0.08150331,0.09207848,12.67671,0.1437947,0.2068936,13.28547,0.2250827,0.2470236,13.83191
"2023-10-27 00:00:00",14,0.08090246,0.09078709,12.52208,0.1425637,0.2040437,13.12724,0.2228955,0.2438182,13.66587
"2023-10-28 00:00:00",15,0.07973646,0.08824038,11.82894,0.1415305,0.1997906,12.58369,0.2213017,0.2399512,13.30015
"2023-10-29 00:00:00",16,0.08047124,0.09025441,12.30749,0.1411298,0.2005561,12.71677,0.2196971,0.2378989,13.18403
"2023-10-30 00:00:00",17,0.07840937,0.08542717,11.22021,0.1405923,0.1972076,12.24186,0.2187618,0.2357475,13.03631
"2023-10-31 00:00:00",18,0.07622019,0.07841403,8.977531,0.1390169,0.1863332,10.46186,0.2171844,0.2273299,11.87214
"2023-11-01 00:00:00",19,0.07565864,0.0766298,8.11706,0.1382679,0.1812017,9.429505,0.2162788,0.2204346,10.84791
"2023-11-02 00:00:00",20,0.075565,0.07640865,7.916655,0.1380043,0.1794853,9.046903,0.215716,0.2168364,10.32266
"2023-11-03 00:00:00",21,0.07583708,0.07698395,7.943355,0.1378916,0.1790602,8.894882,0.215408,0.21458,10.02488
"2023-11-04 00:00:00",22,0.07618327,0.0786656,8.47461,0.1382167,0.1812158,9.210915,0.2152512,0.2145942,10.07479
"2023-11-05 00:00:00",23,0.07628779,0.07902663,8.639967,0.1381191,0.1818614,9.331023,0.2150211,0.2145286,10.13281
"2023-11-06 00:00:00",24,0.07661562,0.08005626,9.048533,0.1385194,0.1839469,9.627058,0.2149666,0.2151587,10.28776
"2023-12-24 00:00:00",72,0.1155355,0.1158298,3.734821,0.1459784,0.179712,4.060666,0.22264,0.1805503,4.445644
"2023-12-25 00:00:00",73,0.2020391,0.1916183,3.490679,0.1458477,0.1810791,4.086761,0.2232019,0.1814983,4.608826
"2023-12-26 00:00:00",74,0.1994273,0.1800366,2.39611,0.1453719,0.1766714,3.371769,0.2228461,0.1793664,4.261907
"2023-12-27 00:00:00",75,0.1924164,0.1700944,1.672019,0.145217,0.1728076,2.657376,0.2223845,0.1760213,3.683037
"2023-12-28 00:00:00",76,0.1843306,0.1620094,1.237336,0.1452859,0.1705932,2.198977,0.222295,0.1735273,3.248955
"2023-12-29 00:00:00",77,0.1764691,0.1552748,0.9594018,0.1459014,0.1691772,1.882823,0.2217771,0.1717703,2.924875
"2023-12-30 00:00:00",78,0.1676645,0.1485543,0.7619989,0.1461069,0.1682895,1.656926,0.221895,0.1704054,2.677786
"2023-12-31 00:00:00",79,0.1549892,0.1401522,0.609221,0.1467289,0.1677595,1.481165,0.22199,0.1693376,2.479714
"2024-01-01 00:00:00",80,0.1515637,0.1372784,0.5681973,0.1469433,0.1679636,1.382387,0.2220571,0.1685968,2.332633
"2024-01-02 00:00:00",81,0.1464042,0.1337486,0.5224015,0.1475185,0.1683226,1.327725,0.2220967,0.1681971,2.24856
"2024-01-03 00:00:00",82,0.1355041,0.1260959,0.441261,0.1478425,0.1683644,1.242051,0.2217879,0.1677526,2.153254
"2024-01-04 00:00:00",83,0.1220114,0.1144565,0.3403037,0.1483676,0.1682954,1.137404,0.2216077,0.1671458,2.044297
"2024-01-05 00:00:00",84,0.1330301,0.1215748,0.3947979,0.148776,0.1693032,1.134214,0.221859,0.1669937,1.983678
"2024-01-06 00:00:00",85,0.1455007,0.1282573,0.4978556,0.1494117,0.1707083,1.212712,0.2221864,0.1671942,2.00933
"2024-01-07 00:00:00",86,0.148909,0.1309568,0.5554578,0.1497901,0.1717625,1.259943,0.2221654,0.1673692,2.032598
"2024-01-08 00:00:00",87,0.1489758,0.131731,0.5854827,0.1502519,0.172662,1.277652,0.2221415,0.1675555,2.036445
"2024-01-09 00:00:00",88,0.1503606,0.1330201,0.6223486,0.1507576,0.1734428,1.300775,0.2221428,0.1675489,2.041276
"2024-01-10 00:00:00",89,0.1443793,0.1297285,0.5198718,0.1508704,0.1735233,1.238342,0.2221594,0.1674094,2.009171
"2024-01-11 00:00:00",90,0.127968,0.1191491,0.3501634,0.1515528,0.173113,1.083168,0.2222011,0.1668656,1.892385
"2024-01-12 00:00:00",91,0.127965,0.1189206,0.354866,0.1521304,0.173674,1.04346,0.2222207,0.166526,1.815173
"2024-01-13 00:00:00",92,0.1129386,0.1054353,0.2433279,0.1522553,0.1735706,0.9661199,0.2222499,0.1662932,1.764508
"2024-01-14 00:00:00",93,0.09963683,0.09184684,0.119078,0.1523045,0.1731707,0.8239578,0.2223096,0.1655876,1.637506
"2024-01-15 00:00:00",94,0.1132833,0.1055476,0.1964227,0.1527406,0.1744234,0.8556287,0.2224346,0.1655514,1.60353
"2024-01-16 00:00:00",95,0.1358735,0.1214733,0.3469546,0.153392,0.1761509,0.9791976,0.2230256,0.1659594,1.664831
"2024-01-17 00:00:00",96,0.1352256,0.1212343,0.3820346,0.1537139,0.1768846,1.033642,0.2230027,0.1662863,1.717085
"2024-01-18 00:00:00",97,0.11946,0.1109769,0.2599045,0.1541493,0.1766739,0.9359273,0.2230179,0.1660438,1.661641
"2024-01-19 00:00:00",98,0.1167608,0.1085376,0.2508507,0.1541084,0.1770377,0.894523,0.2230493,0.1657944,1.606705
"2024-01-20 00:00:00",99,0.1199868,0.1105962,0.2753683,0.1545043,0.1777415,0.905932,0.2230423,0.1658321,1.595765
"2024-01-21 00:00:00",100,0.126967,0.1155898,0.3366246,0.1546643,0.1787266,0.9423304,0.2230265,0.1659644,1.602525
"2024-01-22 00:00:00",101,0.1355987,0.1211471,0.4193865,0.1548396,0.1798756,1.006879,0.2230398,0.1662527,1.637746
"2024-01-23 00:00:00",102,0.1505186,0.133463,0.7050034,0.1552719,0.1821673,1.195876,0.2236947,0.1668968,1.72282
"2024-01-24 00:00:00",103,0.1746668,0.1597994,2.087516,0.1563406,0.189951,2.116683,0.2240656,0.1702406,2.270367
"2024-01-25 00:00:00",104,0.1770483,0.1659911,2.765683,0.1575304,0.1959084,2.835081,0.22464,0.1740008,2.895937
"2024-01-26 00:00:00",105,0.1764014,0.1663016,2.934125,0.1580966,0.1984774,3.11971,0.2251737,0.176201,3.250534
"2024-01-27 00:00:00",106,0.1758821,0.1689347,3.396558,0.1588983,0.202116,3.498176,0.2251513,0.1780838,3.550046
"2024-01-28 00:00:00",107,0.1739362,0.1633181,2.829643,0.1588697,0.2007147,3.304586,0.2254391,0.1785099,3.629945
"2024-01-29 00:00:00",108,0.1727814,0.1616837,2.580702,0.1588771,0.1992856,3.011318,0.2253284,0.1772436,3.409784
"2024-01-30 00:00:00",109,0.1719074,0.1622096,2.722975,0.1592999,0.2004858,3.064065,0.2254388,0.1772602,3.399382
"2024-01-31 00:00:00",110,0.171292,0.1635686,3.023302,0.1598635,0.2029053,3.290577,0.2257482,0.1782035,3.541789
"2024-02-01 00:00:00",111,0.1702424,0.1629633,3.074936,0.1602377,0.2042772,3.40062,0.2256801,0.1790092,3.670378
"2024-02-02 00:00:00",112,0.169517,0.1644216,3.346028,0.16102,0.2063405,3.560021,0.2258897,0.179723,3.771605
"2024-02-03 00:00:00",113,0.169986,0.1717182,4.501648,0.162292,0.2137869,4.36325,0.2264083,0.1827518,4.241087
"2024-02-04 00:00:00",114,0.1696692,0.1717226,4.716286,0.1630616,0.2172656,4.76433,0.2266926,0.1855352,4.704193
"2024-02-05 00:00:00",115,0.1683106,0.1670402,4.18064,0.1629496,0.2158573,4.550247,0.2269798,0.1856927,4.739295
"2024-02-06 00:00:00",116,0.1670337,0.1644753,3.766785,0.1630224,0.213503,4.140437,0.2267655,0.1840596,4.465259
"2024-02-07 00:00:00",117,0.1667496,0.1679331,4.306358,0.1639529,0.217135,4.453664,0.226765,0.184911,4.574913
"2024-02-08 00:00:00",118,0.1666609,0.1711537,4.870942,0.1647669,0.2216206,4.889911,0.2272799,0.186864,4.868718
"2024-02-09 00:00:00",119,0.1656217,0.1697657,4.846125,0.1653307,0.2232141,5.031621,0.2275883,0.1881819,5.087862
"2024-02-10 00:00:00",120,0.1748765,0.1729731,4.376444,0.1652275,0.2219144,4.809682,0.2275869,0.1880018,5.055322
"2024-02-11 00:00:00",121,0.1984874,0.1849641,3.469758,0.165071,0.217111,4.064675,0.2271489,0.1849947,4.581312
"2024-02-12 00:00:00",122,0.1951061,0.1775495,2.831856,0.1652754,0.2140491,3.548662,0.227019,0.1825883,4.178344
"2024-02-13 00:00:00",123,0.192425,0.1739327,2.532625,0.1655562,0.2123806,3.16582,0.2267091,0.1803547,3.795372
"2024-02-14 00:00:00",124,0.1900676,0.1718712,2.461077,0.1659797,0.2125644,3.030834,0.2265644,0.179328,3.609729
"2024-02-15 00:00:00",125,0.1890957,0.1745902,2.94873,0.1669257,0.2157743,3.246709,0.2264847,0.1795626,3.625599
"2024-02-16 00:00:00",126,0.1878076,0.1767946,3.574609,0.1683472,0.2212327,3.784806,0.2269543,0.1818359,3.982439
"2024-02-17 00:00:00",127,0.1860303,0.1771745,3.838401,0.1692557,0.2244293,4.031065,0.227032,0.1832744,4.207532
"2024-02-18 00:00:00",128,0.184279,0.177481,4.173258,0.1703286,0.2285991,4.399765,0.2274181,0.1852154,4.511754
"2024-02-19 00:00:00",129,0.1814939,0.1719575,3.634303,0.1708164,0.2268882,4.096012,0.2274499,0.1848407,4.440951
"2024-02-20 00:00:00",130,0.179384,0.1699384,3.434955,0.1711942,0.2260562,3.837268,0.2272618,0.1836527,4.229305
"2024-02-21 00:00:00",131,0.1782784,0.1737451,4.183286,0.172543,0.2314393,4.31065,0.2274361,0.1850533,4.430569
"2024-02-22 00:00:00",132,0.1768449,0.1764286,4.804592,0.1734631,0.2368459,4.82776,0.2279807,0.1875325,4.811752
"2024-02-23 00:00:00",133,0.1744419,0.1736397,4.711998,0.1738967,0.2381416,4.921231,0.2280028,0.1888006,5.015268
"2024-02-24 00:00:00",134,0.1719048,0.1699296,4.400752,0.1739575,0.2373453,4.744285,0.2281312,0.1885388,4.966442
"2024-02-25 00:00:00",135,0.1698843,0.167355,4.22367,0.1741604,0.2368918,4.58612,0.2279478,0.1880194,4.862453
"2024-02-26 00:00:00",136,0.1679944,0.1670393,4.346598,0.1745687,0.2380598,4.613942,0.2279364,0.1880155,4.837903
"2024-02-27 00:00:00",137,0.1663982,0.1696159,4.960333,0.1751262,0.2425115,5.03872,0.2283137,0.1897158,5.081005
"2024-02-28 00:00:00",138,0.164648,0.1715673,5.697216,0.1758069,0.2487086,5.728773,0.2288564,0.1927981,5.581888
"2024-02-29 00:00:00",139,0.1607642,0.1601105,4.296458,0.175008,0.2408402,4.897806,0.2284949,0.1907789,5.315261
"2024-03-01 00:00:00",140,0.1585088,0.1572655,3.914427,0.1747364,0.2376674,4.425608,0.2281368,0.1882912,4.880949
"2024-03-02 00:00:00",141,0.1570583,0.1589286,4.309802,0.1750507,0.2396827,4.566669,0.2279505,0.188226,4.833791
"2024-03-03 00:00:00",142,0.1560985,0.1647726,5.449059,0.1756449,0.2470691,5.334716,0.2285258,0.1910926,5.246743
"2024-03-04 00:00:00",143,0.1638061,0.1690885,5.688972,0.1760206,0.2510061,5.820052,0.228918,0.1942013,5.758089
"2024-03-05 00:00:00",144,0.1901041,0.1827516,5.180777,0.1756252,0.2487611,5.519783,0.2289599,0.1937198,5.689419
"2024-03-06 00:00:00",145,0.2014756,0.1879065,5.230771,0.1756004,0.2488131,5.436502,0.2289938,0.1933209,5.585632
"2024-03-07 00:00:00",146,0.1966696,0.1852439,5.48401,0.1761055,0.2511775,5.629636,0.2289123,0.1943049,5.704392
"2024-03-08 00:00:00",147,0.1927508,0.1862879,6.118613,0.1769054,0.2563904,6.104181,0.2292881,0.1964326,6.003265
"2024-03-09 00:00:00",148,0.1886551,0.1839021,6.29948,0.1775286,0.2595393,6.384287,0.2294004,0.19842,6.297168
"2024-03-10 00:00:00",149,0.1839304,0.1766647,5.650102,0.1772642,0.2564573,5.998535,0.2294349,0.1978363,6.185466
"2024-03-11 00:00:00",150,0.1797119,0.1742215,5.639186,0.1773497,0.2562758,5.903246,0.2291631,0.1973406,6.062897
"2024-03-12 00:00:00",151,0.1756985,0.1738719,6.042756,0.1775738,0.2594183,6.14954,0.2292909,0.1984091,6.182334
"2024-03-13 00:00:00",152,0.1717622,0.1741306,6.623939,0.1779609,0.2647273,6.623913,0.2296271,0.2007854,6.509031
"2024-03-14 00:00:00",153,0.1709111,0.1734871,6.783783,0.177988,0.2673269,6.887151,0.2297016,0.2028316,6.792895
"2024-03-15 00:00:00",154,0.1813089,0.1765874,6.192846,0.1777478,0.2639806,6.45184,0.2296404,0.2017197,6.601746
"2024-03-16 00:00:00",155,0.1827545,0.1795235,6.456832,0.1779446,0.2660998,6.592534,0.2297511,0.2021475,6.62028
"2024-03-17 00:00:00",156,0.1817108,0.1771824,6.227666,0.1777909,0.265242,6.466914,0.229624,0.2021059,6.593182
"2024-03-18 00:00:00",157,0.1962595,0.1914067,7.0667,0.1783928,0.2710097,6.940111,0.2297672,0.2036326,6.776271
"2024-03-19 00:00:00",158,0.1957178,0.1917615,7.381893,0.1787287,0.275031,7.370016,0.230121,0.2065296,7.193093
"2024-03-20 00:00:00",159,0.190759,0.1900196,7.687275,0.1789233,0.2778558,7.656257,0.2301826,0.2085329,7.455524
"2024-03-21 00:00:00",160,0.1848833,0.1879385,8.100622,0.178845,0.2812139,8.027253,0.2301734,0.2108227,7.766086
"2024-03-22 00:00:00",161,0.1783741,0.1842918,8.33781,0.1783514,0.2831529,8.288752,0.2301304,0.2127962,8.041586
"2024-03-23 00:00:00",162,0.1717071,0.1806609,8.643081,0.1776675,0.2850982,8.583385,0.2302573,0.2147121,8.305225
"2024-03-24 00:00:00",163,0.1651275,0.178028,9.169496,0.1768947,0.2881061,9.025512,0.2302753,0.2173136,8.65446
"2024-03-25 00:00:00",164,0.1605119,0.1718784,9.028647,0.1761777,0.2881097,9.128117,0.2305422,0.2192829,8.890288
"2024-03-26 00:00:00",165,0.1643661,0.169691,8.154045,0.1755859,0.281768,8.417188,0.2299583,0.2166762,8.504597
"2024-03-27 00:00:00",166,0.164221,0.1686235,7.887077,0.1748331,0.2794656,8.166198,0.2294682,0.2152929,8.262933
"2024-03-28 00:00:00",167,0.1614117,0.1652575,7.58207,0.1737525,0.2763804,7.901459,0.2292761,0.2137813,8.0547
"2024-03-29 00:00:00",168,0.1575335,0.1644131,7.925275,0.1728544,0.2768667,8.05939,0.2290682,0.2140622,8.070344
"2024-03-30 00:00:00",169,0.1542343,0.1660281,8.851123,0.1726902,0.2822953,8.733383,0.2291995,0.2170874,8.466542
"2024-03-31 00:00:00",170,0.1507882,0.1640677,9.065069,0.1724432,0.2837926,8.993055,0.2293847,0.2192147,8.757857
"2024-04-01 00:00:00",171,0.146587,0.159149,9.098527,0.1716869,0.283785,9.16622,0.2289975,0.2208023,8.980775
"2024-04-02 00:00:00",172,0.142737,0.1539565,8.754932,0.170588,0.2799475,8.885802,0.2287878,0.219823,8.842148
"2024-04-03 00:00:00",173,0.1395015,0.1513416,8.841277,0.169472,0.2782634,8.913465,0.2286053,0.2196121,8.828435
"2024-04-04 00:00:00",174,0.1351232,0.1482897,9.302782,0.1678963,0.2768464,9.26979,0.2281724,0.221326,9.047972
"2024-04-05 00:00:00",175,0.1292623,0.142613,9.943217,0.1656486,0.2732626,9.808308,0.2275631,0.2238066,9.446181
"2024-04-06 00:00:00",176,0.1222616,0.1352412,10.57308,0.1628616,0.2673675,10.37155,0.2267954,0.2264224,9.902445
"2024-04-07 00:00:00",177,0.1156965,0.1238325,9.921034,0.1604068,0.258574,10.22937,0.226158,0.2269227,10.08452
"2024-04-08 00:00:00",178,0.1104118,0.1143076,8.566648,0.1576304,0.2450434,9.064971,0.2247826,0.2215062,9.352243
"2024-04-09 00:00:00",179,0.1063116,0.1103199,8.71031,0.1556848,0.2403938,9.023978,0.223725,0.2197416,9.136687
"2024-04-10 00:00:00",180,0.1020769,0.1058176,8.974584,0.1535295,0.2359525,9.143801,0.2227439,0.2192053,9.145122
"2024-04-11 00:00:00",181,0.09835657,0.1030418,9.808173,0.1514063,0.2344553,9.73489,0.2216343,0.2205882,9.482055
"2024-04-12 00:00:00",182,0.09441669,0.09941968,10.42666,0.1490844,0.2315476,10.30234,0.2201574,0.222315,9.939797
"2024-04-13 00:00:00",183,0.09047365,0.09635975,11.13692,0.1465343,0.2283455,10.8874,0.2184172,0.223601,10.40175
"2024-04-14 00:00:00",184,0.08787163,0.09575829,12.37374,0.1446779,0.2278542,11.86451,0.2165045,0.2261026,11.10329
"2024-04-15 00:00:00",185,0.08524121,0.0933953,12.94137,0.1426482,0.2248043,12.53208,0.2141089,0.2278754,11.77743
"2024-04-16 00:00:00",186,0.08332299,0.09034675,13.0261,0.141392,0.2218687,12.87139,0.2116356,0.2282781,12.23655
"2024-04-17 00:00:00",187,0.08213534,0.08866497,12.61943,0.1400962,0.2170168,12.47525,0.2096171,0.2252827,12.06091
"2024-04-18 00:00:00",188,0.08169387,0.08859205,13.07824,0.138964,0.2153771,12.83484,0.2060799,0.2238817,12.28748
"2024-04-19 00:00:00",189,0.08142915,0.08933459,13.78999,0.1380186,0.2146644,13.41224,0.2018614,0.22303,12.71578
"2024-04-20 00:00:00",190,0.2085338,0.221032,14.42984,0.2310943,0.342051,14.32094,0.2658743,0.2812396,13.78962
"2024-04-21 00:00:00",191,0.3247596,0.3273473,14.14781,0.3373353,0.4816419,14.21547,0.3075673,0.294777,13.9747
"2024-04-22 00:00:00",192,0.2884348,0.3060212,14.04189,0.3041348,0.4510871,13.96265,0.2965985,0.2905354,13.61149
"2024-04-23 00:00:00",193,0.2695551,0.2938777,14.11557,0.2901667,0.4421315,14.00916,0.2907367,0.291131,13.58426
"2024-04-24 00:00:00",194,0.252674,0.2839893,14.89115,0.277645,0.4357251,14.4856,0.2860101,0.2922827,13.81966
"2024-04-25 00:00:00",195,0.2342346,0.2664196,15.05264,0.2647133,0.4250781,14.8026,0.2822034,0.2938088,14.17629
"2024-04-26 00:00:00",196,0.2185462,0.248052,14.90881,0.2508167,0.4116822,14.93708,0.2790499,0.2944296,14.4352
"2024-04-27 00:00:00",197,0.2080059,0.2318688,14.06069,0.2433182,0.3964972,14.25763,0.2761036,0.2901479,14.07386
"2024-04-28 00:00:00",198,0.2056503,0.2225175,13.02377,0.239941,0.3849141,13.40908,0.273908,0.2845698,13.50123
"2024-04-29 00:00:00",199,0.2137558,0.2285046,12.67828,0.2382231,0.3795239,12.84979,0.2719576,0.2789902,12.90213
"2024-04-30 00:00:00",200,0.2100071,0.2321792,13.45934,0.235402,0.3837568,13.3422,0.2700664,0.2791739,13.05621
"2024-05-01 00:00:00",201,0.1993908,0.2282649,14.25987,0.2301425,0.3858394,14.01904,0.2680979,0.2814541,13.50489
"2024-05-02 00:00:00",202,0.1848841,0.2120047,14.42153,0.2226145,0.3797289,14.40376,0.2657695,0.2831407,13.95356
"2024-05-03 00:00:00",203,0.1702624,0.1912343,13.85916,0.2140235,0.3632239,13.99423,0.2625848,0.2794962,13.7874
"2024-05-04 00:00:00",204,0.30032,0.3031446,14.60041,0.3146457,0.4097725,14.72096,0.3227358,0.308161,14.56972
"2024-05-05 00:00:00",205,0.3081739,0.3013501,13.71036,0.318498,0.3795222,13.87161,0.3119026,0.2766212,13.8997
"2024-05-06 00:00:00",206,0.2834881,0.2901585,14.19902,0.29798,0.3773312,14.21421,0.3037079,0.2775017,13.89907
"2024-05-07 00:00:00",207,0.2759961,0.2708762,12.78237,0.2882548,0.3662619,13.2951,0.2982203,0.275071,13.4589
"2024-05-08 00:00:00",208,0.2598524,0.2559829,12.1921,0.2792774,0.3571434,12.60777,0.2937921,0.2710609,12.83555
"2024-05-09 00:00:00",209,0.243587,0.2407934,11.77614,0.2697075,0.3484179,12.22226,0.2901844,2.130302,12.47821
"2024-05-10 00:00:00",210,0.2296964,0.2382456,12.6105,0.2619668,0.3499686,12.64764,0.2874759,0.2699202,12.53623
"2024-05-11 00:00:00",211,0.2159392,0.2277438,12.99068,0.2550934,0.3503833,13.15685,0.2853732,0.2739018,12.98319
"2024-05-12 00:00:00",212,0.2056436,0.216884,12.52627,0.2491683,0.3427447,12.75463,0.2831272,0.2721208,12.77746
"2024-05-13 00:00:00",213,0.194313,0.2106028,13.13627,0.2423946,0.3402315,13.06161,0.2808827,0.2718264,12.8449
"2024-05-14 00:00:00",214,0.1789685,0.2023143,14.62069,0.2323169,0.3394991,14.13602,0.2784089,0.2750823,13.48755
"2024-05-15 00:00:00",215,0.1603484,0.1846932,15.77192,0.2191183,0.3315196,15.28054,0.2756986,0.2796992,14.43972
"2024-05-16 00:00:00",216,0.1441089,0.1647639,15.6951,0.2073922,0.3147834,15.4539,0.2730743,0.2799946,14.84817
"2024-05-17 00:00:00",217,0.1284134,0.1484426,15.983,0.193643,0.2945839,15.65059,0.2688543,0.2777023,15.03485
"2024-05-18 00:00:00",218,0.2173775,0.2294455,16.75972,0.2681136,0.3606872,16.81604,0.3090733,0.3051126,16.4705
"2024-05-19 00:00:00",219,0.3155292,0.3274749,16.64679,0.3210952,0.4128153,16.61406,0.3138838,0.2849998,16.33035
"2024-05-20 00:00:00",220,0.2813166,0.3049038,16.83333,0.2962121,0.4011036,16.55848,0.3042752,0.285192,16.00972
"2024-05-21 00:00:00",221,0.2521015,0.2788188,16.69175,0.2777367,0.3902655,16.59344,0.2988538,0.2891549,16.11201
"2024-05-22 00:00:00",222,0.2357574,0.2594478,15.99612,0.2650697,0.3761724,16.13048,0.2946977,0.2896979,15.88686
"2024-05-23 00:00:00",223,0.2223696,0.2453846,15.25815,0.2542849,0.3617563,15.45527,0.2909304,0.2870275,15.40607
"2024-05-24 00:00:00",224,0.2002381,0.2244069,15.38231,0.2411744,0.349159,15.54615,0.2873462,0.2861481,15.34421
"2024-05-25 00:00:00",225,0.1801047,0.1990137,14.70297,0.2287205,0.3297822,15.04016,0.2840116,0.2824667,15.07799
"2024-05-26 00:00:00",226,0.1645227,0.184078,15.11704,0.2180551,0.3179305,15.17452,0.2809271,0.2799822,14.98487
"2024-05-27 00:00:00",227,0.1521249,0.1699304,15.0137,0.2099264,0.3047214,15.04377,0.2783741,0.2772107,14.90816
"2024-05-28 00:00:00",228,0.1361209,0.1559833,16.02764,0.1972084,0.2900392,15.72802,0.2746017,0.2764797,15.24258
"2024-05-29 00:00:00",229,0.1185965,0.1382147,17.2829,0.1804338,0.2709012,16.73208,0.2689413,0.2758532,15.93946
"2024-05-30 00:00:00",230,0.1054093,0.1223281,18.27747,0.1651155,0.2525732,17.67298,0.2620495,0.2737245,16.73071
"2024-05-31 00:00:00",231,0.09883931,0.1060275,18.82742,0.1549396,0.2300441,18.22277,0.2538422,0.2683824,17.28296
"2024-06-01 00:00:00",232,0.09656859,0.09425015,19.01658,0.1505718,0.2140435,18.59798,0.247251,0.2642754,17.74294
"2024-06-02 00:00:00",233,0.2820024,0.2764297,18.17569,0.294879,0.3564265,18.17842,0.3249263,0.303367,17.8516
"2024-06-03 00:00:00",234,0.3209198,0.3314248,17.65864,0.3289498,0.4148358,17.65536,0.3181503,0.2942629,17.43828
"2024-06-04 00:00:00",235,0.2889052,0.3136908,18.05656,0.304754,0.409779,17.90852,0.3089695,0.2979332,17.43228
"2024-06-05 00:00:00",236,0.2662042,0.3002491,18.36727,0.2879654,0.4027109,18.03869,0.3036108,0.3012458,17.48486
"2024-06-06 00:00:00",237,0.2428461,0.2844556,18.97957,0.2721043,0.3973141,18.56534,0.2996671,0.3061651,17.84174
"2024-06-07 00:00:00",238,0.2179634,0.2659662,19.98499,0.2567101,0.3916738,19.39765,0.2965241,0.3133826,18.42864
"2024-06-08 00:00:00",239,0.1968463,0.2493425,20.55088,0.2404187,0.3787583,20.08629,0.2940289,0.3191094,19.08914
"2024-06-09 00:00:00",240,0.1746151,0.2245259,21.03045,0.2240065,0.3575298,20.46986,0.2910933,0.3204854,19.45615
"2024-06-10 00:00:00",241,0.1520823,0.196876,21.5619,0.2066966,0.3307515,21.0004,0.2880086,0.3211335,19.94036
"2024-06-11 00:00:00",242,0.1322621,0.1719285,22.03938,0.1896504,0.3011254,21.44399,0.2844422,0.3196891,20.35789
"2024-06-12 00:00:00",243,0.1171448,0.1524047,22.65224,0.1739618,0.2752267,21.91837,0.2794647,0.3159166,20.74859
"2024-06-13 00:00:00",244,0.1071132,0.1366622,23.27541,0.1615409,0.2559763,22.53252,0.2731886,0.3111258,21.2837
"2024-06-14 00:00:00",245,0.1004889,0.1243863,23.3358,0.1521739,0.2377263,22.74515,0.2651712,0.3027657,21.61163
"2024-06-15 00:00:00",246,0.09799626,0.1192634,23.53666,0.1484109,0.2289193,23.04263,0.2583628,0.2958971,21.93623
"2024-06-16 00:00:00",247,0.2896242,0.2806603,20.64294,0.3013412,0.3692996,20.77484,0.3335452,0.3194761,20.40931
"2024-06-17 00:00:00",248,0.3157287,0.329951,20.3682,0.325932,0.4225072,20.34185,0.3205148,0.300945,20.11015
"2024-06-18 00:00:00",249,0.2779644,0.306341,20.60224,0.2968925,0.4131069,20.53159,0.3114987,0.3058222,20.14718
"2024-06-19 00:00:00",250,0.2509029,0.2813711,20.1995,0.2772147,0.3980439,20.29483,0.3061128,0.3091388,20.01637
"2024-06-20 00:00:00",251,0.2315834,0.2677488,20.4057,0.2623137,0.3872642,20.29587,0.3022316,0.3117031,19.88875
"2024-06-21 00:00:00",252,0.2101147,0.2483067,20.88015,0.248078,0.3767051,20.80126,0.2995936,0.3166108,20.23758
"2024-06-22 00:00:00",253,0.2032398,0.2357616,20.37255,0.2406287,0.365133,20.40746,0.2972705,0.3160851,20.07328
"2024-06-23 00:00:00",254,0.2398435,0.2742223,20.52757,0.2347926,0.362111,20.21665,0.2954977,0.3143798,19.79112
"2024-06-24 00:00:00",255,0.2241112,0.2741047,21.81103,0.22635,0.3630952,21.19238,0.2939322,0.3195689,20.33627
"2024-06-25 00:00:00",256,0.2003519,0.255557,22.6757,0.2148112,0.350023,22.00652,0.2920735,0.324546,20.98513
"2024-06-26 00:00:00",257,0.1768082,0.2278668,23.35139,0.1998993,0.3236441,22.69268,0.2896907,0.3269809,21.59896
"2024-06-27 00:00:00",258,0.149766,0.193808,23.59649,0.1855075,0.296479,23.15905,0.2867202,0.3270457,22.14212
"2024-06-28 00:00:00",259,0.1334432,0.1719804,23.30311,0.1758437,0.2768351,22.92152,0.2831058,0.3215885,22.09668
"2024-06-29 00:00:00",260,0.2919243,0.3292715,22.80502,0.300183,0.4027892,22.57969,0.3405221,0.33745,22.16895
"2024-06-30 00:00:00",261,0.3214544,0.3755234,23.10134,0.328146,0.4577847,22.74866,0.3313486,0.3205676,22.10406
"2024-07-01 00:00:00",262,0.3203456,0.3913589,23.10799,0.3340915,0.4813453,22.72575,0.3256441,0.3323622,22.03535
"2024-07-02 00:00:00",263,0.32158,0.4035424,23.43391,0.3384067,0.5003023,22.9796,0.3227181,0.3432705,22.19063
"2024-07-03 00:00:00",264,0.2948169,0.3741868,23.25649,0.3203247,0.484029,22.89607,0.3175056,0.3471995,22.2102
"2024-07-04 00:00:00",265,0.2664286,0.3371946,22.61942,0.3027622,0.4629353,22.53278,0.3131839,0.3480072,22.05046
"2024-07-05 00:00:00",266,0.2361704,0.3040504,22.4273,0.2842812,0.4384702,22.30482,0.3092949,0.3468519,21.83005
"2024-07-06 00:00:00",267,0.2067333,0.27413,22.7172,0.2659681,0.4157869,22.5112,0.305932,0.3466441,21.91256
"2024-07-07 00:00:00",268,0.1809894,0.2434825,22.97802,0.2458382,0.3856371,22.72739,0.3026752,0.3450492,22.07428
"2024-07-08 00:00:00",269,0.1517543,0.2062122,23.30123,0.223247,0.3497138,22.99198,0.2984896,0.3413785,22.27254
"2024-07-09 00:00:00",270,0.1283556,0.1741468,23.74694,0.1991214,0.3095018,23.33052,0.2932475,0.3356511,22.52282
"2024-07-10 00:00:00",271,0.1156122,0.1545718,24.1419,0.183152,0.2846895,23.67847,0.287091,0.328672,22.81694
"2024-07-11 00:00:00",272,0.109123,0.1430122,24.6696,0.1700121,0.2640491,24.10548,0.2796754,0.3206214,23.15241
"2024-07-12 00:00:00",273,0.2698086,0.3459282,24.5612,0.2849151,0.4225608,24.51108,0.3318624,0.3737831,24.02715
"2024-07-13 00:00:00",274,0.3246997,0.4121686,23.97618,0.3422509,0.5141419,23.85497,0.3276018,0.3506263,23.53096
"2024-07-14 00:00:00",275,0.2909787,0.3855599,24.24765,0.3178364,0.5004086,23.9693,0.3185226,0.3528031,23.34718
"2024-07-15 00:00:00",276,0.2636115,0.3588592,24.21999,0.29904,0.4853339,23.92424,0.3125708,0.3566696,23.29547
"2024-07-16 00:00:00",277,0.2370186,0.3289582,24.12688,0.2818798,0.4665465,23.89358,0.3078681,0.3589902,23.2922
"2024-07-17 00:00:00",278,0.2114054,0.3019349,24.29426,0.2655111,0.4465666,23.99322,0.3038747,0.3592034,23.31488
"2024-07-18 00:00:00",279,0.1838054,0.2682792,24.49408,0.2473615,0.4202005,24.17756,0.3000116,0.358204,23.46571
"2024-07-19 00:00:00",280,0.1558144,0.2289051,24.72129,0.2277723,0.3844039,24.45732,0.2958671,0.3559204,23.71418
"2024-07-20 00:00:00",281,0.1332398,0.1935121,24.73258,0.2082852,0.3427212,24.42175,0.2910089,0.3498953,23.73486
"2024-07-21 00:00:00",282,0.118004,0.1673968,25.13586,0.1889652,0.3065392,24.74405,0.2851821,0.3433645,23.93699
"2024-07-22 00:00:00",283,0.1100394,0.1501993,25.19683,0.1740549,0.2785968,24.83981,0.2786792,0.3350364,24.08387
"2024-07-23 00:00:00",284,0.1050698,0.1389554,25.26599,0.1631828,0.2561531,24.94144,0.2698566,0.3244444,24.20042
"2024-07-24 00:00:00",285,0.1020026,0.1322016,25.12235,0.1558614,0.2393577,24.8603,0.2603208,0.3125543,24.19972
"2024-07-25 00:00:00",286,0.1002142,0.1291832,25.40154,0.1504178,0.2270938,24.99611,0.2515104,0.3020705,24.24864
"2024-07-26 00:00:00",287,0.09895503,0.1274724,25.9631,0.1462286,0.2177884,25.44402,0.2419816,0.2926475,24.54351
"2024-07-27 00:00:00",288,0.1558948,0.2164395,26.06335,0.1867688,0.2806634,25.65292,0.2619218,0.3256471,24.87394
"2024-07-28 00:00:00",289,0.3737287,0.5572588,24.75785,0.3720821,0.5935287,24.56078,0.355656,0.4428594,24.00595
"2024-07-29 00:00:00",290,0.3039441,0.4336275,24.44971,0.3351156,0.554773,24.67789,0.321332,0.3954291,24.43301
"2024-07-30 00:00:00",291,0.2753852,0.3897049,23.37866,0.3152453,0.5284467,23.75813,0.3147978,0.3894785,23.77276
"2024-07-31 00:00:00",292,0.2492588,0.3538218,22.69397,0.2987153,0.5055367,23.08418,0.3097875,0.3841409,23.16285
"2024-08-01 00:00:00",293,0.2282421,0.3317252,22.80891,0.2863376,0.4921961,22.91623,0.3059776,0.3811421,22.81179
"2024-08-02 00:00:00",294,0.213653,0.3180442,23.3916,0.2792116,0.4897204,23.3124,0.3034877,0.3823814,22.94356
"2024-08-03 00:00:00",295,0.1972176,0.3035511,24.25824,0.271263,0.4870175,23.9621,0.3013425,0.3852584,23.32809
"2024-08-04 00:00:00",296,0.1797724,0.2843256,25.05616,0.261965,0.481114,24.64183,0.2992455,0.3885093,23.83625
"2024-08-05 00:00:00",297,0.1622537,0.2602337,25.58544,0.2515003,0.4709079,25.22575,0.2974785,0.3914011,24.36403
"2024-08-06 00:00:00",298,0.1465002,0.2370194,25.66781,0.2402459,0.4523881,25.26866,0.2951322,0.3899743,24.49879
"2024-08-07 00:00:00",299,0.1309908,0.2116834,26.39319,0.2252076,0.42813,25.87102,0.2921192,0.3898393,24.92086
"2024-08-08 00:00:00",300,0.1212473,0.1897072,26.69243,0.210353,0.4001902,26.26917,0.2887163,0.3889752,25.32816
"2024-08-09 00:00:00",301,0.1151414,0.1716345,26.32762,0.1956924,0.3644857,26.0719,0.2848444,0.3835371,25.33121
"2024-08-10 00:00:00",302,0.2807853,0.4471038,26.11937,0.3072345,0.5332123,26.25599,0.3390798,0.4570911,26.0172
"2024-08-11 00:00:00",303,0.3184189,0.4895355,25.21096,0.3476332,0.5989445,25.33118,0.3312024,0.4194835,25.25041
"2024-08-12 00:00:00",304,0.290856,0.4555129,25.12076,0.3241065,0.5740876,25.08516,0.3229016,0.4157939,24.72968
"2024-08-13 00:00:00",305,0.2702365,0.4235041,24.62178,0.3092339,0.5555721,24.65317,0.3179725,0.4141456,24.38967
"2024-08-14 00:00:00",306,0.2771959,0.433926,24.16802,0.3035651,0.5500514,24.31648,0.3145259,0.4129892,24.10444
"2024-08-15 00:00:00",307,0.2777496,0.4420174,23.6534,0.305685,0.5565084,23.73677,0.3118286,0.4099987,23.60419
"2024-08-16 00:00:00",308,0.2564984,0.4144293,23.61831,0.2966861,0.5496712,23.64771,0.3091724,0.409661,23.43257
"2024-08-17 00:00:00",309,0.2343874,0.3831901,23.49141,0.2861331,0.5355011,23.5707,0.3069264,0.409314,23.34257
"2024-08-18 00:00:00",310,0.2127248,0.3475257,22.9809,0.2756052,0.5163908,23.28229,0.3048953,0.4076426,23.18282
"2024-08-19 00:00:00",311,0.1976205,0.326861,22.88591,0.2682964,0.5024928,22.98452,0.3029727,0.4037854,22.86694
"2024-08-20 00:00:00",312,0.180251,0.308359,23.52166,0.260022,0.4949315,23.36936,0.3011505,0.4032865,22.99473
"2024-08-21 00:00:00",313,0.1589395,0.2774091,23.99765,0.2480049,0.4799501,23.84901,0.2989631,0.4038948,23.34398
"2024-08-22 00:00:00",314,0.1413478,0.2462282,24.14155,0.2354843,0.4599028,24.10958,0.2965853,0.403377,23.63518
"2024-08-23 00:00:00",315,0.133208,0.2250731,23.39449,0.2280457,0.4406417,23.54913,0.2947443,0.3981593,23.36207
"2024-08-24 00:00:00",316,0.281044,0.4370736,22.90221,0.3172021,0.5251674,23.08316,0.3435066,0.4468185,23.05461
"2024-08-25 00:00:00",317,0.3398938,0.4710375,21.82633,0.3604059,0.5465715,22.18237,0.3509475,0.418017,22.21464
"2024-08-26 00:00:00",318,0.3137382,0.4445905,21.98152,0.3385405,0.534965,22.24957,0.3324689,0.3996735,22.26496
"2024-08-26 00:00:00",318,0.3137382,0.4445905,21.98152,0.3385405,0.534965,22.24957,0.3324689,0.3996735,22.26496
"2024-08-26 00:00:00",318,0.3137382,0.4445905,21.98152,0.3385405,0.534965,22.24957,0.3324689,0.3996735,22.26496
"2024-08-27 00:00:00",319,0.3200364,0.4740037,21.43995,0.3443289,0.5645679,21.7331,0.3306697,0.4031577,21.86006
"2024-08-28 00:00:00",320,0.2949101,0.4376986,21.31564,0.3260878,0.5458663,21.58929,0.3271484,0.4033697,21.65699
"2024-08-29 00:00:00",321,0.2719453,0.4066193,21.28473,0.3112032,0.5308548,21.51283,0.3236002,0.40282,21.52788
"2024-08-30 00:00:00",322,0.2499706,0.3789457,21.23997,0.2997801,0.5189419,21.44964,0.320441,0.4022861,21.43886
"2024-08-31 00:00:00",323,0.2293814,0.3551593,21.28263,0.2904276,0.5089879,21.4547,0.3176902,0.4019527,21.39698
"2024-09-01 00:00:00",324,0.205545,0.3255418,21.13679,0.2802825,0.4956433,21.3796,0.3149195,0.4009354,21.34475
"2024-09-02 00:00:00",325,0.1824509,0.3005497,21.66647,0.270197,0.4862242,21.68919,0.3125726,0.4010412,21.46003
"2024-09-03 00:00:00",326,0.1615287,0.2714865,21.78128,0.2596631,0.4729023,21.85045,0.310191,0.4007224,21.62341
"2024-09-04 00:00:00",327,0.1411695,0.2400959,21.91536,0.2472717,0.456079,21.9857,0.3074325,0.3991874,21.73764
"2024-09-05 00:00:00",328,0.1260305,0.2143666,22.63988,0.2319169,0.4360821,22.46793,0.3045408,0.3984751,22.0115
"2024-09-06 00:00:00",329,0.1166244,0.1911383,22.47313,0.2165776,0.4066069,22.56582,0.3014517,0.3965934,22.24314
"2024-09-07 00:00:00",330,0.2668872,0.4272393,22.35217,0.3066925,0.5125262,22.57737,0.3438588,0.4494393,22.51912
"2024-09-08 00:00:00",331,0.313742,0.4712416,21.42927,0.3373551,0.5427379,21.78398,0.3287687,0.39404,21.93908
"2024-09-09 00:00:00",332,0.2854415,0.4360199,21.18404,0.3165188,0.5206043,21.45578,0.3214472,0.3896547,21.5032
"2024-09-10 00:00:00",333,0.2624728,0.4084634,21.04885,0.3023547,0.5078221,21.28357,0.3171932,0.3900696,21.3006
"2024-09-11 00:00:00",334,0.2399556,0.3841503,21.13102,0.290927,0.4981781,21.26756,0.3136404,0.3911837,21.20512
"2024-09-12 00:00:00",335,0.2189411,0.3573306,21.04621,0.2811425,0.487975,21.23272,0.3104634,0.392251,21.17918
"2024-09-13 00:00:00",336,0.1950105,0.3211245,20.36502,0.2701517,0.4689024,20.76824,0.3076137,0.3896133,20.8954
"2024-09-14 00:00:00",337,0.1698863,0.2838997,19.90236,0.2570064,0.4469405,20.34765,0.3046548,0.3852793,20.55081
"2024-09-15 00:00:00",338,0.1499885,0.2517899,19.56506,0.2452327,0.4271586,20.03441,0.3018501,0.380604,20.26529
"2024-09-16 00:00:00",339,0.1354779,0.2258347,19.40606,0.2350105,0.4099287,19.88905,0.2993256,0.3768035,20.10145
"2024-09-17 00:00:00",340,0.1263272,0.2080943,19.43676,0.2259978,0.3932982,19.71573,0.2970099,0.3721868,19.86851
"2024-09-18 00:00:00",341,0.1177814,0.1912325,19.68398,0.2147602,0.3740425,19.91128,0.2941936,0.369233,19.9266
"2024-09-19 00:00:00",342,0.1106146,0.1722784,18.84925,0.2017926,0.3449264,19.37568,0.2907027,0.3622854,19.6588
"2024-09-20 00:00:00",343,0.1068182,0.1610117,18.73087,0.1892863,0.3195574,19.15649,0.2870228,0.355393,19.39658
"2024-09-21 00:00:00",344,0.1937024,0.2859001,19.04105,0.2424342,0.3992784,19.43836,0.3101164,0.3833826,19.5693
"2024-09-22 00:00:00",345,0.305533,0.4243922,18.31613,0.3211724,0.5139328,18.94996,0.3167606,0.3699384,19.32073
"2024-09-23 00:00:00",346,0.2850967,0.4063922,18.12725,0.3053401,0.4940214,18.47694,0.3087226,0.3620291,18.79634
"2024-09-24 00:00:00",347,0.2649972,0.3852647,17.99058,0.2924609,0.4817338,18.38551,0.3037017,0.3611694,18.66325
"2024-09-25 00:00:00",348,0.2445247,0.3624845,17.80774,0.2801845,0.467245,18.20391,0.299805,0.3597476,18.48531
"2024-09-26 00:00:00",349,0.2238225,0.3411488,17.90214,0.2690001,0.454538,18.20433,0.2965969,0.3585517,18.40338
"2024-09-27 00:00:00",350,0.2014174,0.3167116,18.07721,0.2578372,0.4409893,18.31272,0.2937024,0.3572737,18.43101
"2024-09-28 00:00:00",351,0.1787423,0.2879298,18.13046,0.2462665,0.4248434,18.3751,0.2909018,0.3552267,18.47739
"2024-09-29 00:00:00",352,0.1587459,0.2619635,18.50354,0.2349919,0.4096438,18.61935,0.2881752,0.353334,18.59889
"2024-09-30 00:00:00",353,0.1417281,0.2352442,18.65452,0.2241932,0.392067,18.81641,0.285813,0.3516161,18.77818
"2024-10-01 00:00:00",354,0.1279456,0.2113482,18.90929,0.2135201,0.3715416,19.00181,0.2832631,0.3489742,18.90521
"2024-10-02 00:00:00",355,0.1169325,0.1861749,18.62261,0.2015676,0.3451167,18.91481,0.2802424,0.3447327,18.94176
"2024-10-03 00:00:00",356,0.1100542,0.1670131,18.12447,0.1899567,0.3175142,18.54551,0.2766916,0.3377354,18.72122
"2024-10-04 00:00:00",357,0.105687,0.1538973,17.88706,0.1789564,0.2921571,18.28976,0.2726802,0.3301378,18.49167
"2024-10-05 00:00:00",358,0.233587,0.3351458,17.85649,0.2686138,0.4096924,18.37749,0.317407,0.3803583,18.50282
"2024-10-06 00:00:00",359,0.312973,0.4243737,16.92689,0.3310431,0.490335,17.50461,0.320279,0.3549081,17.9486
"2024-10-07 00:00:00",360,0.2846192,0.390062,16.68551,0.3099405,0.4661441,17.20558,0.3122582,0.3474616,17.6174
"2024-10-08 00:00:00",361,0.2655604,0.3677168,16.32895,0.2959984,0.450948,16.85207,0.3073693,0.345435,17.29051
"2024-10-09 00:00:00",362,0.2478214,0.3487119,16.09068,0.2849493,0.4395943,16.59814,0.3034342,0.3441372,17.02272
"2024-10-10 00:00:00",363,0.2308184,0.3324142,16.05304,0.2753095,0.4300392,16.47246,0.3000487,0.3431366,16.83522
"2024-10-11 00:00:00",364,0.2137325,0.3140909,15.96935,0.2662532,0.4204578,16.38524,0.297386,0.3417673,16.72217
"2024-10-12 00:00:00",365,0.1977713,0.2969445,15.98467,0.25802,0.4117611,16.35379,0.2949628,0.3407956,16.64219
"2024-10-13 00:00:00",366,0.1828641,0.2777981,15.81151,0.25028,0.4015511,16.23892,0.2927357,0.3384576,16.55166
"2024-10-14 00:00:00",367,0.1692755,0.2578161,15.46065,0.2426431,0.3891371,15.95644,0.2904452,0.3349627,16.34655
"2024-10-15 00:00:00",368,0.1563827,0.2441995,15.94008,0.2353656,0.3819109,16.16654,0.2883717,0.3330384,16.34296
"2024-10-16 00:00:00",369,0.1436235,0.2238243,15.75165,0.2277185,0.3702029,16.14261,0.2862313,0.3312533,16.38979
"2024-10-17 00:00:00",370,0.1327892,0.2068945,15.8042,0.2200561,0.3577541,16.14383,0.2839985,0.3284674,16.35272
"2024-10-18 00:00:00",371,0.1242117,0.1926514,15.95056,0.2122275,0.3446676,16.24439,0.2816852,0.3261977,16.39831
"2024-10-19 00:00:00",372,0.2682441,0.3859591,14.69252,0.3055789,0.4323615,15.15572,0.3324471,0.375376,15.11296
"2024-10-20 00:00:00",373,0.3155754,0.4128063,13.61301,0.3377995,0.4502257,14.23635,0.3224284,0.3422527,14.77693
"2024-10-21 00:00:00",374,0.3100772,0.414059,13.68144,0.3327375,0.4540953,14.26498,0.3154134,0.3376778,14.81306
"2024-10-22 00:00:00",375,0.3195794,0.4405686,13.74195,0.339835,0.4808542,14.22829,0.3178207,0.3487538,14.70924
"2024-10-23 00:00:00",376,0.3031911,0.4127594,13.35832,0.3291689,0.4693184,13.95093,0.3133884,0.3434188,14.51025
"2024-10-24 00:00:00",377,0.2913662,0.3977357,13.20445,0.3187962,0.4602767,13.74984,0.3102909,0.3404407,14.27905
"2024-10-25 00:00:00",378,0.2794338,0.3808913,12.96653,0.3084033,0.4497646,13.54569,0.3078751,0.338422,14.0863
"2024-10-26 00:00:00",379,0.2675239,0.3629346,12.59358,0.2992841,0.4380673,13.22399,0.3057659,0.3357335,13.81832
"2024-10-27 00:00:00",380,0.2566244,0.3485803,12.31438,0.2917991,0.4288684,12.9349,0.3037939,0.3330706,13.54033
"2024-10-28 00:00:00",381,0.2463244,0.3354077,12.07474,0.2853203,0.4211852,12.70506,0.302142,0.3309762,13.31218
"2024-10-29 00:00:00",382,0.2381595,0.3299543,12.28538,0.2802149,0.41871,12.752,0.3006313,0.3303326,13.22476
"2024-10-30 00:00:00",383,0.2348916,0.326711,12.32396,0.2760175,0.4163565,12.7947,0.2992508,0.3303078,13.22196
"2024-10-31 00:00:00",384,0.2413749,0.3295486,11.70304,0.273522,0.4101855,12.39456,0.2983017,0.3276716,13.00214
"2024-11-01 00:00:00",385,0.241537,0.3221481,10.7358,0.2726467,0.4026446,11.61382,0.2967973,0.3223608,12.4578
"2024-11-02 00:00:00",386,0.2364061,0.3106337,10.00421,0.2704691,0.3952983,10.94414,0.2952878,0.3166224,11.87906
"2024-11-03 00:00:00",387,0.2314601,0.3017755,9.482738,0.2679991,0.3884652,10.38621,0.2939736,0.3114518,11.34157
"2024-11-04 00:00:00",388,0.227967,0.3041348,9.953922,0.2666209,0.3910224,10.54251,0.2930017,0.3099085,11.20545
"2024-11-05 00:00:00",389,0.2309274,0.3041105,9.698988,0.2657962,0.3895429,10.42136,0.2924238,0.3087887,11.13737
"2024-11-06 00:00:00",390,0.2322024,0.2967165,8.762255,0.264614,0.3820565,9.775747,0.2914437,0.3047689,10.73772
"2024-11-07 00:00:00",391,0.2442629,0.3083011,8.201802,0.2645815,0.3769188,9.136683,0.2903744,0.2991376,10.15192
"2024-11-08 00:00:00",392,0.2433355,0.3015245,7.520926,0.2661741,0.3744177,8.575812,0.2894153,0.2944568,9.66935
"2024-11-09 00:00:00",393,0.2417512,0.3005818,7.370543,0.2667217,0.3736743,8.226526,0.2885022,0.2904553,9.223908
"2024-11-10 00:00:00",394,0.2428457,0.3122331,8.217132,0.2679656,0.3830225,8.6891,0.2880922,0.2913243,9.309275
"2024-11-11 00:00:00",395,0.2406991,0.3061622,7.968898,0.2675958,0.3835153,8.674628,0.2877609,0.2917163,9.396002
"2024-11-12 00:00:00",396,0.2376996,0.2998103,7.607454,0.2662603,0.3804486,8.373062,0.2871765,0.2894997,9.169364
"2024-11-13 00:00:00",397,0.2347063,0.294164,7.344302,0.2651708,0.3777793,8.127211,0.2865699,0.2872741,8.946232
"2024-11-14 00:00:00",398,0.2323311,0.28951,7.167808,0.2641213,0.3753209,7.922163,0.2860299,0.2847654,8.723417
"2024-11-15 00:00:00",399,0.2295352,0.2798874,6.480601,0.2628793,0.3692576,7.420534,0.285455,0.2816317,8.38392
"2024-11-16 00:00:00",400,0.2270396,0.2761993,6.268892,0.2616071,0.3657194,7.090148,0.2847574,0.2783838,8.015759
"2024-11-17 00:00:00",401,0.22452,0.2710082,6.082876,0.2606286,0.3634734,6.943464,0.2843409,0.2763454,7.840556
"2024-11-18 00:00:00",402,0.2221111,0.262908,5.45402,0.2593997,0.3569698,6.418387,0.2837035,0.2727007,7.45138
"2024-11-19 00:00:00",403,0.2201183,0.2592021,5.193305,0.258341,0.3533931,6.086922,0.2831043,0.2695397,7.093644
"2024-11-20 00:00:00",404,0.2183012,0.2571721,5.295215,0.2577349,0.3536217,6.135397,0.2827642,0.268304,7.012747
"2024-11-21 00:00:00",405,0.2158048,0.2444275,4.165414,0.2565026,0.3434077,5.337833,0.2822993,0.2636826,6.5378
"2024-11-22 00:00:00",406,0.2141517,0.2398052,3.699667,0.2554826,0.3373368,4.782591,0.2817779,0.2588083,5.985258
"2024-11-23 00:00:00",407,0.2126776,0.2367156,3.467954,0.254689,0.3339747,4.487305,0.2812549,0.2555854,5.633361
"2024-11-24 00:00:00",408,0.21152,0.235735,3.44082,0.2539948,0.3325994,4.346705,0.2807578,0.2536202,5.403556
"2024-11-25 00:00:00",409,0.2107222,0.2382876,3.822976,0.2537418,0.3347299,4.517311,0.2804441,0.2532198,5.391223
"2024-11-26 00:00:00",410,0.2097032,0.2388867,4.082399,0.2535758,0.3375192,4.775249,0.2805747,0.2541434,5.550458
"2024-11-27 00:00:00",411,0.2327258,0.2623702,4.411572,0.2534623,0.3413389,5.03913,0.280283,0.2555927,5.709552
"2024-11-28 00:00:00",412,0.3136527,0.3250473,4.279289,0.3192237,0.4395609,4.889781,0.2927483,0.2731778,5.615308
"2024-11-29 00:00:00",413,0.3001724,0.2987628,3.815996,0.3155499,0.4349024,4.668121,0.3022211,0.2873195,5.513074
"2024-11-30 00:00:00",414,0.2915342,0.2843608,3.241367,0.308897,0.420575,4.183378,0.2998263,0.2808257,5.151062
"2024-12-01 00:00:00",415,0.2859316,0.2747877,2.837063,0.3041863,0.4092468,3.777704,0.2984616,0.2759417,4.785463
"2024-12-02 00:00:00",416,0.2819683,0.2686994,2.599327,0.3004292,0.4014775,3.501576,0.2974619,0.2722982,4.495215
"2024-12-03 00:00:00",417,0.2794982,0.2661175,2.541336,0.2979023,0.3973856,3.36604,0.296505,0.2698372,4.300446
"2024-12-04 00:00:00",418,0.2776526,0.2647004,2.566184,0.2959478,0.3956628,3.337801,0.2959613,0.268519,4.211492
"2024-12-05 00:00:00",419,0.2761473,0.2647581,2.666006,0.2944074,0.3952441,3.365709,0.2955191,0.2677518,4.169877
"2024-12-06 00:00:00",420,0.2745349,0.2640345,2.749396,0.2929613,0.3951218,3.42965,0.2951444,0.2674909,4.185188
"2024-12-07 00:00:00",421,0.2726456,0.2617529,2.711356,0.2912781,0.3936012,3.411046,0.294614,0.266965,4.163649
"2024-12-08 00:00:00",422,0.270621,0.258751,2.602017,0.2897305,0.391145,3.324347,0.2943329,0.2660497,4.093385
"2024-12-09 00:00:00",423,0.2689452,0.2567059,2.525331,0.2880545,0.3888803,3.230226,0.2937541,0.2650093,3.996037
"2024-12-10 00:00:00",424,0.2674717,0.2543834,2.460567,0.28675,0.3868224,3.167237,0.2931901,0.2639592,3.926077
"2024-12-11 00:00:00",425,0.2643732,0.2466492,2.008373,0.2849487,0.3809555,2.883311,0.2927461,0.2619799,3.759719
"2024-12-12 00:00:00",426,0.2612262,0.2405418,1.646027,0.2828663,0.3743346,2.521303,0.2921256,0.2590451,3.453063
"2024-12-13 00:00:00",427,0.2578885,0.2358957,1.434196,0.2807404,0.3694296,2.281768,0.2914798,0.2568467,3.209218
"2024-12-14 00:00:00",428,0.2554708,0.2331129,1.348522,0.2786044,0.3654678,2.138193,0.2908809,0.2549913,3.029907
"2024-12-15 00:00:00",429,0.2535673,0.2306031,1.275479,0.2770664,0.362597,2.052001,0.2903306,0.2536164,2.91396
"2024-12-16 00:00:00",430,0.2521034,0.2293737,1.264134,0.2755381,0.3604604,1.992877,0.2899272,0.2524404,2.818914
"2024-12-17 00:00:00",431,0.2508974,0.227832,1.224199,0.2745885,0.3588414,1.95619,0.2894014,0.2515965,2.760682
"2024-12-18 00:00:00",432,0.2503149,0.2286379,1.302497,0.2737184,0.3583262,1.955301,0.2889211,0.2508762,2.707766
"2024-12-19 00:00:00",433,0.2504493,0.2289942,1.344902,0.2731823,0.3584627,2.000791,0.2886145,0.2505479,2.717654
"2024-12-20 00:00:00",434,0.2501213,0.2290116,1.360003,0.2729642,0.3584897,2.005012,0.2879807,0.2501777,2.704618
"2024-12-21 00:00:00",435,0.2494791,0.2274198,1.288456,0.2724179,0.3576946,1.962347,0.2876159,0.249661,2.673539
"2024-12-22 00:00:00",436,0.2480205,0.225503,1.18972,0.2716717,0.3560119,1.87217,0.2871445,0.2487991,2.599569
"2024-12-23 00:00:00",437,0.2465012,0.2236978,1.113878,0.2708585,0.354359,1.791495,0.286611,0.2479046,2.518933
"2024-12-24 00:00:00",438,0.2466977,0.2261547,1.297239,0.2702819,0.3546211,1.836772,0.2864661,0.2474112,2.483932
"2024-12-25 00:00:00",439,0.2463462,0.2273526,1.457631,0.2698956,0.3564056,2.008811,0.2861505,0.2481624,2.597731
"2024-12-26 00:00:00",440,0.2485534,0.2350754,2.020185,0.270094,0.3609385,2.306433,0.2857967,0.2492259,2.728772
"2024-12-27 00:00:00",441,0.2514422,0.2399733,2.490638,0.2708782,0.3683107,2.827124,0.2856042,0.2524425,3.146712
"2024-12-28 00:00:00",442,0.2608911,0.2502078,2.600485,0.2733784,0.3733163,2.943066,0.2855118,0.2536823,3.299163
"2024-12-29 00:00:00",443,0.2802484,0.2741607,2.985328,0.2880189,0.3994226,3.228694,0.2854358,0.2554918,3.500603
"2024-12-30 00:00:00",444,0.2789487,0.2744797,3.120866,0.2919855,0.4104488,3.453705,0.2859547,0.2580003,3.737171
"2024-12-31 00:00:00",445,0.2775424,0.2736544,3.127651,0.2917822,0.4121545,3.510598,0.2859113,0.2593634,3.833022
"2025-01-01 00:00:00",446,0.2740133,0.2638935,2.524816,0.2899325,0.405555,3.178302,0.2863075,0.2587678,3.719687
