"TOA5","S4T","CR200X","23116","CR200X.Std.04","CSU_3depths.CR2","4256","Status"
"TIMESTAMP","RECORD","OSversion","OSDate","OSSignature","ProgName","ProgSig","CalOffset","PakBusAddress","RfInstalled","RfNetAddr","RfAddress","RfHopSeq","RfPwrMode","Rf_ForceOn","Rf_Protocol","MaxTXPacket","RfSignalLevel","RfRxPakBusCnt","VarOutOfBounds","SkipScan","TrapCode","WatchDogCnt","ResetTables","BattVoltage","SerialNum"
"TS","RN","","","","","","","","","","","","","","","","","","","","","","","",""
"","","","","","","","","","","","","","","","","","","","","","","","","",""
"2023-11-02 11:16:30",9,"CR200X.Std.04","150820",53066,"CSU_3depths.CR2",4256,2.5,11,12305,1,0,1,"RF1S_LH",0,1,250,71,14692,0,0,0,0,0,13.80205,23116
"2023-11-02 11:16:38",10,"CR200X.Std.04","150820",53066,"CSU_3depths.CR2",4256,2.5,11,12305,1,0,1,"RF1S_LH",0,1,250,71,14695,0,0,0,0,0,13.7903,23116
"2023-11-02 11:17:07",12,"CR200X.Std.04","150820",53066,"CSU_3depths.CR2",4256,2.25,11,12305,1,0,1,"RF1S_LH",0,1,250,61,14709,0,0,0,0,0,13.79198,23116
"2023-11-04 12:22:10",15,"CR200X.Std.04","150820",53066,"CSU_3depths.CR2",4256,2.75,11,12305,1,0,1,"RF1S_LH",0,1,250,71,16250,0,0,0,0,0,13.58212,23116
"2023-11-04 13:04:21",16,"CR200X.Std.04","150820",53066,"CSU_3depths.CR2",4256,2.5,11,12305,1,0,1,"RF1S_LH",0,1,250,71,16467,0,0,0,0,0,13.53175,23116
"2023-11-04 13:05:05",17,"CR200X.Std.04","150820",53066,"CSU_3depths.CR2",4256,2.25,11,12305,1,0,1,"RF1S_LH",0,1,250,71,16475,0,0,0,0,0,13.53511,23116
"2023-11-04 13:06:22",19,"CR200X.Std.04","150820",53066,"CSU_3depths.CR2",4256,2.75,11,12305,1,0,1,"RF1S_LH",0,1,250,71,16488,0,0,0,0,0,13.53343,23116
"2023-11-04 13:10:05",23,"CR200X.Std.04","150820",53066,"CSU_3depths.CR2",4256,2.375,11,12305,1,0,1,"RF1S_LH",0,1,250,71,16518,0,0,0,0,0,13.52924,23116
"2023-11-04 13:13:16",24,"CR200X.Std.04","150820",53066,"CSU_3depths.CR2",4256,2.5,11,12305,1,0,1,"RF1S_LH",0,1,250,71,16547,0,0,0,0,0,13.52,23116
"2023-11-04 16:16:41",28,"CR200X.Std.04","150820",53066,"CSU_3depths.CR2",4256,2.5,11,12305,1,0,1,"RF1S_LH",0,1,250,71,17823,0,0,0,0,0,13.41759,23116
"2023-11-04 16:17:43",29,"CR200X.Std.04","150820",53066,"CSU_3depths.CR2",4256,2.625,11,12305,1,0,1,"RF1S_LH",0,1,250,71,17834,0,0,0,0,0,13.41339,23116
"2023-11-04 16:19:16",30,"CR200X.Std.04","150820",53066,"CSU_3depths.CR2",4256,4.75,11,12305,1,0,1,"RF1S_LH",0,1,250,71,17846,0,0,0,0,0,13.39241,23116
"2023-11-05 15:07:08",32,"CR200X.Std.04","150820",53066,"CSU_3depths.CR2",4256,2.375,11,12305,1,0,1,"RF1S_LH",0,1,250,71,18523,0,0,0,0,0,13.51916,23116
"2023-11-06 12:27:29",35,"CR200X.Std.04","150820",53066,"CSU_3depths.CR2",4256,2.625,11,12305,1,0,1,"RF1S_LH",0,1,250,71,19232,0,0,0,0,0,13.60982,23116
"2024-03-21 15:31:05",38,"CR200X.Std.04","150820",53066,"CSU_3depths.CR2",4256,2.375,11,12305,1,0,1,"RF1S_LH",0,1,250,71,46839,0,0,0,0,0,13.40668,23116
"2024-03-21 15:31:20",39,"CR200X.Std.04","150820",53066,"CSU_3depths.CR2",4256,2.375,11,12305,1,0,1,"RF1S_LH",0,1,250,71,46839,0,0,0,0,0,13.41004,23116
"2024-04-02 15:49:42",40,"CR200X.Std.04","150820",53066,"CSU_3depths.CR2",4256,2.5,11,12305,1,0,1,"RF1S_LH",0,1,250,71,54119,0,0,0,0,0,13.53679,23116
"2024-04-02 15:49:50",41,"CR200X.Std.04","150820",53066,"CSU_3depths.CR2",4256,2.5,11,12305,1,0,1,"RF1S_LH",0,1,250,71,54119,0,0,0,0,0,13.5284,23116
"2024-04-02 15:52:06",42,"CR200X.Std.04","150820",53066,"CSU_3depths.CR2",4256,2.5,11,12305,1,0,1,"RF1S_LH",0,1,250,71,54119,0,0,0,0,0,13.52504,23116
"2024-04-09 11:48:59",43,"CR200X.Std.04","150820",53066,"CSU_3depths.CR2",4256,3.75,11,12305,1,0,1,"RF1S_LH",0,1,250,71,54119,0,0,0,0,0,13.6392,23116
"2024-04-09 11:49:02",44,"CR200X.Std.04","150820",53066,"CSU_3depths.CR2",4256,2.5,11,12305,1,0,1,"RF1S_LH",0,1,250,71,54119,0,0,0,0,0,13.63417,23116
"2024-04-19 11:55:05",45,"CR200X.Std.04","150820",53066,"CSU_3depths.CR2",4256,2.125,11,12305,1,0,1,"RF1S_LH",0,1,250,71,60530,0,0,0,0,0,13.46124,23116
"2024-04-19 11:55:14",46,"CR200X.Std.04","150820",53066,"CSU_3depths.CR2",4256,2.5,11,12305,1,0,1,"RF1S_LH",0,1,250,71,60530,0,0,0,0,0,13.45956,23116
"2024-05-09 11:06:49",47,"CR200X.Std.04","150820",53066,"CSU_3depths.CR2",4256,2.5,11,12305,1,0,1,"RF1S_LH",0,1,250,70,8412,0,0,0,0,0,13.58884,23116
"2024-05-09 11:06:58",48,"CR200X.Std.04","150820",53066,"CSU_3depths.CR2",4256,2,11,12305,1,0,1,"RF1S_LH",0,1,250,70,8412,0,0,0,0,0,13.61066,23116
"2024-05-23 10:17:43",50,"CR200X.Std.04","150820",53066,"CSU_3depths.CR2",4256,2.625,11,12305,1,0,1,"RF1_Sec",0,2,250,0,0,0,0,0,0,0,13.47719,23116
"2024-05-23 10:17:51",51,"CR200X.Std.04","150820",53066,"CSU_3depths.CR2",4256,2.875,11,12305,1,0,1,"RF1_Sec",0,2,250,0,0,0,0,0,0,0,13.50405,23116
"2024-07-08 17:16:59",55,"CR200X.Std.04","150820",53066,"CSU_3depths.CR2",4256,2.5,11,12305,1,0,1,"RF1_Sec",0,2,250,70,20275,0,0,0,0,0,13.21109,23116
"2024-07-08 17:17:15",56,"CR200X.Std.04","150820",53066,"CSU_3depths.CR2",4256,2.375,11,12305,1,0,1,"RF1_Sec",0,2,250,71,20284,0,0,0,0,0,13.20521,23116
"2024-07-08 17:57:22",57,"CR200X.Std.04","150820",53066,"CSU_3depths.CR2",4256,2.625,11,12305,1,0,1,"RF1_Sec",0,2,250,71,20996,0,0,0,0,0,13.1985,23116
"2024-07-08 18:00:48",58,"CR200X.Std.04","150820",53066,"CSU_3depths.CR2",4256,2.5,11,12305,1,0,1,"RF1_Sec",0,2,250,71,21017,0,0,0,0,0,13.19598,23116
"2024-07-12 11:20:19",59,"CR200X.Std.04","150820",53066,"CSU_3depths.CR2",4256,3.625,11,12305,1,0,1,"RF1_Sec",0,2,250,70,23413,0,0,0,0,0,13.23375,23116
"2024-07-12 11:20:22",60,"CR200X.Std.04","150820",53066,"CSU_3depths.CR2",4256,2.375,11,12305,1,0,1,"RF1_Sec",0,2,250,70,23415,0,0,0,0,0,13.24215,23116
"2024-08-25 20:29:42",78,"CR200X.Std.04","150820",53066,"CSU_3depths.CR2",4256,2.625,11,12305,1,0,1,"RF1_Sec",0,2,250,70,40382,0,0,0,0,0,13.33113,23116
"2024-08-25 20:29:46",79,"CR200X.Std.04","150820",53066,"CSU_3depths.CR2",4256,2.625,11,12305,1,0,1,"RF1_Sec",0,2,250,71,40384,0,0,0,0,0,13.33113,23116
"2024-08-26 05:33:16",80,"CR200X.Std.04","150820",53066,"CSU_3depths.CR2",4256,2.375,11,12305,1,0,1,"RF1_Sec",0,2,250,71,41081,0,0,0,0,0,13.09441,23116
"2024-08-26 06:51:40",81,"CR200X.Std.04","150820",53066,"CSU_3depths.CR2",4256,2.625,11,12305,1,0,1,"RF1_Sec",0,2,250,71,41153,0,0,0,0,0,13.09608,23116
"2024-08-26 07:00:53",82,"CR200X.Std.04","150820",53066,"CSU_3depths.CR2",4256,3.625,11,12305,1,0,1,"RF1_Sec",0,2,250,71,41188,0,0,0,0,0,13.10616,23116
"2024-08-26 07:36:03",83,"CR200X.Std.04","150820",53066,"CSU_3depths.CR2",4256,2.5,11,12305,1,0,1,"RF1_Sec",0,2,250,71,41573,0,0,0,0,0,13.57373,23116
"2024-08-26 07:36:06",84,"CR200X.Std.04","150820",53066,"CSU_3depths.CR2",4256,2.75,11,12305,1,0,1,"RF1_Sec",0,2,250,70,41575,0,0,0,0,0,13.55526,23116
"2024-08-26 08:27:40",85,"CR200X.Std.04","150820",53066,"CSU_3depths.CR2",4256,2.25,11,12305,1,0,1,"RF1_Sec",0,2,250,71,41642,0,0,0,0,0,13.5603,23116
"2024-08-28 11:15:42",86,"CR200X.Std.04","150820",53066,"CSU_3depths.CR2",4256,2.375,11,12305,1,0,1,"RF1_Sec",0,2,250,70,42853,0,0,0,0,0,13.33952,23116
"2024-09-06 15:53:29",87,"CR200X.Std.04","150820",53066,"CSU_3depths.CR2",4256,2.5,11,12305,1,0,1,"RF1_Sec",0,2,250,70,48120,0,0,0,0,0,13.26481,23116
"2024-09-06 15:53:36",88,"CR200X.Std.04","150820",53066,"CSU_3depths.CR2",4256,2.5,11,12305,1,0,1,"RF1_Sec",0,2,250,70,48122,0,0,0,0,0,13.2581,23116
"2024-09-06 16:43:35",89,"CR200X.Std.04","150820",53066,"CSU_3depths.CR2",4256,2.5,11,12305,1,0,1,"RF1_Sec",0,2,250,70,48365,0,0,0,0,0,13.26817,23116
"2024-09-07 09:20:38",90,"CR200X.Std.04","150820",53066,"CSU_3depths.CR2",4256,3.125,11,12305,1,0,1,"RF1_Sec",0,2,250,70,48774,0,0,0,0,0,13.48559,23116
"2024-09-07 09:20:53",91,"CR200X.Std.04","150820",53066,"CSU_3depths.CR2",4256,2.625,11,12305,1,0,1,"RF1_Sec",0,2,250,71,48776,0,0,0,0,0,13.49734,23116
"2024-09-08 08:59:46",92,"CR200X.Std.04","150820",53066,"CSU_3depths.CR2",4256,2.5,11,12305,1,0,1,"RF1_Sec",0,2,250,70,49367,0,0,0,0,0,13.58884,23116
"2024-09-08 08:59:48",93,"CR200X.Std.04","150820",53066,"CSU_3depths.CR2",4256,2.375,11,12305,1,0,1,"RF1_Sec",0,2,250,71,49369,0,0,0,0,0,13.58296,23116
"2024-09-11 15:22:00",94,"CR200X.Std.04","150820",53066,"CSU_3depths.CR2",4256,2.375,11,12305,1,0,1,"RF1_Sec",0,2,250,70,51238,0,0,0,0,0,13.28244,23116
"2024-09-11 15:22:12",95,"CR200X.Std.04","150820",53066,"CSU_3depths.CR2",4256,2.375,11,12305,1,0,1,"RF1_Sec",0,2,250,70,51240,0,0,0,0,0,13.27908,23116
"2024-09-20 19:33:50",96,"CR200X.Std.04","150820",53066,"CSU_3depths.CR2",4256,2.375,11,12305,1,0,1,"RF1_Sec",0,2,250,70,56501,0,0,0,0,0,13.23879,23116
"2024-09-20 19:38:27",97,"CR200X.Std.04","150820",53066,"CSU_3depths.CR2",4256,2.375,11,12305,1,0,1,"RF1_Sec",0,2,250,70,56517,0,0,0,0,0,13.24215,23116
"2024-09-26 11:17:39",98,"CR200X.Std.04","150820",53066,"CSU_3depths.CR2",4256,2.75,11,12305,1,0,1,"RF1_Sec",0,2,250,70,59928,0,0,0,0,0,13.36051,23116
"2024-10-11 04:52:13",99,"CR200X.Std.04","150820",53066,"CSU_3depths.CR2",4256,2.625,11,12305,1,0,1,"RF1_Sec",0,2,250,71,2841,0,0,0,0,0,13.02054,23116
"2024-10-11 04:52:20",100,"CR200X.Std.04","150820",53066,"CSU_3depths.CR2",4256,2.625,11,12305,1,0,1,"RF1_Sec",0,2,250,70,2845,0,0,0,0,0,13.01214,23116
"2024-10-11 08:38:14",101,"CR200X.Std.04","150820",53066,"CSU_3depths.CR2",4256,2.75,11,12305,1,0,1,"RF1_Sec",0,2,250,71,3252,0,0,0,0,0,13.77351,23116
"2024-10-13 08:57:10",102,"CR200X.Std.04","150820",53066,"CSU_3depths.CR2",4256,2.5,11,12305,1,0,1,"RF1_Sec",0,2,250,71,4409,0,0,0,0,0,13.72483,23116
"2024-10-13 08:59:49",104,"CR200X.Std.04","150820",53066,"CSU_3depths.CR2",4256,3,11,12305,1,0,1,"RF1_Sec",0,2,250,71,4419,0,0,0,0,0,13.7265,23116
"2024-10-15 13:41:13",105,"CR200X.Std.04","150820",53066,"CSU_3depths.CR2",4256,3.5,11,12305,1,0,1,"RF1_Sec",0,2,250,71,5714,0,0,0,0,0,13.3773,23116
"2024-10-16 12:19:00",106,"CR200X.Std.04","150820",53066,"CSU_3depths.CR2",4256,2.375,11,12305,1,0,1,"RF1_Sec",0,2,250,71,6326,0,0,0,0,0,13.39828,23116
"2024-10-16 12:19:55",109,"CR200X.Std.04","150820",53066,"CSU_3depths.CR2",4256,2.125,11,12305,1,0,1,"RF1_Sec",0,2,250,71,6331,0,0,0,0,0,13.41171,23116
"2024-10-20 11:59:32",110,"CR200X.Std.04","150820",53066,"CSU_3depths.CR2",4256,2.75,11,12305,1,0,1,"RF1_Sec",0,2,250,71,8610,0,0,0,0,0,13.60395,23116
"2024-10-20 11:59:36",111,"CR200X.Std.04","150820",53066,"CSU_3depths.CR2",4256,2.75,11,12305,1,0,1,"RF1_Sec",0,2,250,71,8612,0,0,0,0,0,13.60395,23116
"2024-10-21 19:56:26",112,"CR200X.Std.04","150820",53066,"CSU_3depths.CR2",4256,2.5,11,12305,1,0,1,"RF1_Sec",0,2,250,71,9464,0,0,0,0,0,13.33029,23116
"2024-10-21 19:56:32",113,"CR200X.Std.04","150820",53066,"CSU_3depths.CR2",4256,2.5,11,12305,1,0,1,"RF1_Sec",0,2,250,70,9466,0,0,0,0,0,13.33197,23116
"2024-10-22 10:49:49",114,"CR200X.Std.04","150820",53066,"CSU_3depths.CR2",4256,2.875,11,12305,1,0,1,"RF1_Sec",0,2,250,70,9850,0,0,0,0,0,13.66858,23116
"2024-10-22 10:49:54",115,"CR200X.Std.04","150820",53066,"CSU_3depths.CR2",4256,2.875,11,12305,1,0,1,"RF1_Sec",0,2,250,71,9852,0,0,0,0,0,13.66858,23116
"2024-10-22 12:38:54",116,"CR200X.Std.04","150820",53066,"CSU_3depths.CR2",4256,2.5,11,12305,1,0,1,"RF1_Sec",0,2,250,70,9914,0,0,0,0,0,13.56869,23116
"2024-10-23 12:20:19",117,"CR200X.Std.04","150820",53066,"CSU_3depths.CR2",4256,2.625,11,12305,1,0,1,"RF1_Sec",0,2,250,71,10479,0,0,0,0,0,13.54099,23116
"2024-10-23 12:20:23",118,"CR200X.Std.04","150820",53066,"CSU_3depths.CR2",4256,2.375,11,12305,1,0,1,"RF1_Sec",0,2,250,70,10481,0,0,0,0,0,13.53763,23116
"2024-10-30 09:57:31",119,"CR200X.Std.04","150820",53066,"CSU_3depths.CR2",4256,2.625,11,12305,1,0,1,"RF1_Sec",0,2,250,70,14414,0,0,0,0,0,13.88516,23116
"2024-10-30 09:58:31",120,"CR200X.Std.04","150820",53066,"CSU_3depths.CR2",4256,2.625,11,12305,1,0,1,"RF1_Sec",0,2,250,71,14418,0,0,0,0,0,13.88516,23116
"2024-11-02 11:32:24",121,"CR200X.Std.04","150820",53066,"CSU_3depths.CR2",4256,3.25,11,12305,1,0,1,"RF1_Sec",0,2,250,71,16293,0,0,0,0,0,13.79366,23116
"2024-11-02 11:32:29",122,"CR200X.Std.04","150820",53066,"CSU_3depths.CR2",4256,2.375,11,12305,1,0,1,"RF1_Sec",0,2,250,71,16295,0,0,0,0,0,13.79114,23116
"2024-11-02 12:15:24",123,"CR200X.Std.04","150820",53066,"CSU_3depths.CR2",4256,2.375,11,12305,1,0,1,"RF1_Sec",0,2,250,70,16413,0,0,0,0,0,13.72063,23116
"2024-11-09 20:32:58",124,"CR200X.Std.04","150820",53066,"CSU_3depths.CR2",4256,2.375,11,12305,1,0,1,"RF1_Sec",0,2,250,71,20570,0,0,0,0,0,13.34792,23116
"2024-11-09 20:33:04",125,"CR200X.Std.04","150820",53066,"CSU_3depths.CR2",4256,2.25,11,12305,1,0,1,"RF1_Sec",0,2,250,71,20572,0,0,0,0,0,13.33952,23116
"2024-11-21 18:19:43",126,"CR200X.Std.04","150820",53066,"CSU_3depths.CR2",4256,2.5,11,12305,1,0,1,"RF1_Sec",0,2,250,71,27462,0,0,0,0,0,13.53679,23116
"2024-11-21 18:19:46",127,"CR200X.Std.04","150820",53066,"CSU_3depths.CR2",4256,2.5,11,12305,1,0,1,"RF1_Sec",0,2,250,71,27464,0,0,0,0,0,13.53679,23116
"2024-11-21 18:58:17",128,"CR200X.Std.04","150820",53066,"CSU_3depths.CR2",4256,2.5,11,12305,1,0,1,"RF1_Sec",0,2,250,71,27752,0,0,0,0,0,13.42766,23116
"2024-12-02 17:19:33",129,"CR200X.Std.04","150820",53066,"CSU_3depths.CR2",4256,4.25,11,12305,1,0,1,"RF1_Sec",0,2,250,70,33929,0,0,0,0,0,13.74665,23116
"2024-12-02 17:19:40",130,"CR200X.Std.04","150820",53066,"CSU_3depths.CR2",4256,2.625,11,12305,1,0,1,"RF1_Sec",0,2,250,70,33931,0,0,0,0,0,13.75756,23116
"2024-12-14 16:47:06",131,"CR200X.Std.04","150820",53066,"CSU_3depths.CR2",4256,2.375,11,12305,1,0,1,"RF1_Sec",0,2,250,70,40861,0,0,0,0,0,13.85074,23116
"2024-12-14 17:13:37",132,"CR200X.Std.04","150820",53066,"CSU_3depths.CR2",4256,2.5,11,12305,1,0,1,"RF1_Sec",0,2,250,70,40945,0,0,0,0,0,13.88432,23116
"2024-12-14 17:45:46",133,"CR200X.Std.04","150820",53066,"CSU_3depths.CR2",4256,2.5,11,12305,1,0,1,"RF1_Sec",0,2,250,70,41228,0,0,0,0,0,13.81381,23116
"2024-12-14 21:41:24",134,"CR200X.Std.04","150820",53066,"CSU_3depths.CR2",4256,2.625,11,12305,1,0,1,"RF1_Sec",0,2,250,71,44407,0,0,0,0,0,13.21193,23116
"2024-12-21 11:07:37",135,"CR200X.Std.04","150820",53066,"CSU_3depths.CR2",4256,4,11,12305,1,0,1,"RF1_Sec",0,2,250,71,48115,0,0,0,0,0,14.08411,23116
"2024-12-21 11:08:16",136,"CR200X.Std.04","150820",53066,"CSU_3depths.CR2",4256,3.125,11,12305,1,0,1,"RF1_Sec",0,2,250,71,48118,0,0,0,0,0,14.0883,23116
"2024-12-30 12:30:55",137,"CR200X.Std.04","150820",53066,"CSU_3depths.CR2",4256,4,11,12305,1,0,1,"RF1_Sec",0,2,250,70,53375,0,0,0,0,0,13.75672,23116
"2024-12-30 12:31:00",138,"CR200X.Std.04","150820",53066,"CSU_3depths.CR2",4256,2.375,11,12305,1,0,1,"RF1_Sec",0,2,250,70,53377,0,0,0,0,0,13.7626,23116
"2025-01-01 13:00:34",139,"CR200X.Std.04","150820",53066,"CSU_3depths.CR2",4256,3.375,11,12305,1,0,1,"RF1_Sec",0,2,250,71,54717,0,0,0,0,0,13.9691,23116
"2025-01-01 13:00:50",140,"CR200X.Std.04","150820",53066,"CSU_3depths.CR2",4256,2.5,11,12305,1,0,1,"RF1_Sec",0,2,250,70,54719,0,0,0,0,0,13.97666,23116
